15034.6      0.88571429      35
      15035.3       2.0000000      19
      15104.1       5.5714286       7
      15181.9       2.3636364      11
      15204.9       3.6250000       8
      15280.9       2.9090909      11
      15306.1     0.042347697     673
      15353.4      0.27669903     103
      15357.3      0.27227723     101
      15357.3      0.27227723     101
      15357.3      0.27227723     101
      15357.3      0.27227723     101
      15388.2       4.0714286       7
      15548.1       1.9687500      16
      15559.7       1.6388889      18
      15600.0       1.3095238      21
      15600.0       1.3095238      21
      15687.9       7.6250000       4
      15688.0       7.6250000       4
      15828.9       4.5000000       6
      15904.0      0.19463087     149
      15936.2       2.0000000      12
      15939.9       4.7142857       7
      15939.9       4.7142857       7
      15993.8     0.049209139     569
      16441.0      0.13063063     222
      16545.1       1.2380952      21
      16545.2       1.2380952      21
      16545.8       1.6428571      14
      16910.6       1.1800000      25
      16936.0      0.32692308      52
