# ID  CHIPNUM  XPIX     WAVE     EMISSION   DOUBLET WSEP   NAME USELSF USEWAVE SOURCE
    6    3   1917.1760  15187.1396   9811.2980   1  0.2637   OH    1     1       3
    8    3   1759.5930  15240.9533  34136.1990   1  0.3334   OH    1     1       3
   17    3   1621.3460  15287.7911  15275.8030   1  0.0866   OH    1     1       3
   24    3   1488.6640  15332.4021  30819.8300   1  0.6095   OH    0     1       3
   42    3   1299.8170  15395.3377  12633.3060   1  0.1510   OH    1     1       3
   61    3    978.4390  15500.8649   2634.7240   1  0.5819   OH    1     1       3   
   62    3    951.0080  15509.7731   5895.0100   1  0.4203   OH    1     1       3
  118    3    346.7680  15702.5385   7979.3600   1  0.1823   OH    1     1       3
  205    2   1293.5250  16079.7545  17385.7400   1  0.1017   OH    1     1       3
  285    2    176.9720  16388.4750   6229.9500   1  0.4626   OH    1     1       3
  291    1   1930.9860  16502.3653  14208.9040   1  0.2409   OH    1     1       3
  303    1   1727.7760  16553.8156   5136.0180   1  0.1873   OH    1     1       3
  363    1    235.9810  16903.680   13269.7420   1  0.3518   OH    1     1       3
#
#15187.1396 33 15187.144 0.0049591567
#15187.1396 35 15187.127 0.0057205465
#15240.9533 33 15240.957 0.0034169117
#15240.9533 35 15240.959 0.0044169505
#15287.7911 33 15287.789 0.0030740926
#15287.7911 35 15287.791 0.0042567374
#15332.4021 33 15332.402 0.0037822104
#15332.4021 35 15332.403 0.004541653
#15395.3377 33 15395.33 0.004717245
#15395.3377 35 15395.328 0.0054547815
#15500.8649 33 15500.867 0.0038466093
#15500.8649 35 15500.868 0.0075662215
#15509.7731 33 15509.779 0.004150173
#15509.7731 35 15509.793 0.005422215
#15702.5385 33 15702.539 0.004935792
#15702.5385 35 15702.53 0.0058360775

#16079.7545 33 16079.772 0.0076177185
#16079.7545 35 16079.771 0.0055439663
#16388.475 33 16388.496 0.006959533
#16388.475 35 16388.492 0.009865561

#16502.3653 33 16502.365 0.00820228
#16502.3653 35 16502.365 0.007714226
#16553.8156 33 16553.816 0.0074876226
#16553.8156 35 16553.816 0.007937065
#16903.68 33 16903.684 0.006433015
#16903.68 35 16903.678 0.0077212867
