# ID  CHIPNUM  XPIX     WAVE     EMISSION DOUBLET WSEP NAME USELSF USEWAVE SOURCE
    6    3   1917.1760  15187.1340   9811.2980   1  0.2600    OH    1    0    3
    8    3   1759.5930  15240.9567  34136.1990   1   0.3300   OH     1     1     3
   17    3   1621.3460  15287.7915  15275.8030   1   0.0800   OH     1     1     3
   24    3   1488.6640  15332.4044  30819.8300   1   0.6000   OH     0     1     3
   42    3   1299.8170  15395.3346  12633.3060   1   0.1500   OH     1     1     3
   61    3    978.4390  15500.8695   2634.7240  1  0.5900    OH    0    1    3
   62    3    951.0080  15509.7882   5895.0100   1   0.4200   OH     1     1     3
   63    3    926.3360  15517.8215   1609.0630   1  0.3300    OH    0    0    3
   71    3    838.7030  15546.1417   7655.2770   1   0.5000   OH     1     1     3
   86    3    678.3570  15597.6318  17168.5290   1   0.3800   OH     1     1     3
   94    3    571.9830  15631.5155   9603.4760   0   0.0000   OH     1     1     1
   99    3    497.9620  15654.9614  23071.6090   1   0.2400   OH     0     1     3
  118    3    346.7680  15702.5283   7979.3600   1   0.1800   OH     0     1     3
  181    2   1660.7650  15972.6099  13617.1560   1   0.2900   OH     1     1     3
  191    2   1462.3440  16030.8442  40972.0510   1   0.3400   OH     1     1     3
  205    2   1293.5250  16079.7670  17385.7400   1   0.1000   OH     1     1     3
  239    2    888.9690  16194.6272  12897.2120   1   0.1500   OH     1     1     3
  270    2    443.5020  16317.1635   5676.3060   1   0.4200   OH     1     1     3
  275    2    319.1660  16350.6238   8054.9230   0   0.0000   OH     1     1     1
  285    2    176.9720  16388.4885   6229.9500   1   0.5000   OH     0     1     3
  291    1   1930.9860  16502.3632  14208.9040   1   0.2500   OH     1     1     3
  303    1   1727.7760  16553.8173   5136.0180   1   0.1900   OH     1     1     3
  350    1    521.8350  16840.5043   4251.0130   1  0.3100    OH    1    0    3
  363    1    235.9810  16903.6819  13269.7420   1   0.3600   OH     1     1     3
