# ID  CHIPNUM  XPIX     WAVE     EMISSION DOUBLET DBL_WSEP NAME USELSF USEWAVE SOURCE
    6    3   1917.1760  15187.134   9811.2980   1  0.2637   OH    1     1       3
#   6    3  1917.176  15187.1453   9811.298   1  0.2600    OH    1    0    3
#   8    3  1759.593  15240.9612  34136.199   1  0.3300    OH    1    1    3
    8    3   1759.5930  15240.956  34136.1990   1  0.3334   OH    1     1       3
#  17    3  1621.346  15287.7944  15275.803   1  0.0800    OH    1    1    3    
   17    3   1621.3460  15287.791  15275.8030   1  0.0866   OH    1     1       3
  18    3  1610.795  15291.3541    150.450   0  0.0000    OH    1    0    1
  22    3  1552.677  15310.9246    438.655   0  0.0000    OH    1    0    1
#  24    3  1488.664  15332.4069  30819.830   1  0.6000    OH    0    1    3
   24    3   1488.6640  15332.400  30819.8300   1  0.6095   OH    0     1       3
  27    3  1439.430  15348.8775    951.263   0  0.0000    OH    1    0    1
#  42    3  1299.817  15395.3348  12633.306   1  0.1500    OH    1    1    3
   42    3   1299.8170  15395.327  12633.3060   1  0.1510   OH    1     1       3
  43    3  1270.125  15405.1675    199.469   0  0.0000    OH    1    0    1
  44    3  1263.581  15407.3323    234.618   0  0.0000    OH    1    0    1
  45    3  1251.320  15411.3863    220.193   0  0.0000    OH    1    0    1
  57    3  1060.106  15474.2407    558.693   1  0.4500    OH    1    0    3
#   61    3    978.4390  15500.866   2634.7240   1  0.5819   OH    0     1       3   
  61    3   978.439  15500.8735   2634.724   1  0.5900    OH    0    1    3
#  62    3   951.008  15509.7906   5895.010   1  0.4200    OH    1    1    3
   62    3    951.0080  15509.785   5895.0100   1  0.4203   OH    1     1       3
  71    3   838.703  15546.1479   7655.277   1  0.5000    OH    1    0    3
  78    3   764.093  15570.1678   4625.539   1  0.1800    OH    1    0    3
  86    3   678.357  15597.6376  17168.529   1  0.3800    OH    1    1    3
  88    3   631.364  15612.6338    246.789   0  0.0000    OH    1    0    1
  89    3   627.270  15613.9383    240.099   0  0.0000    OH    1    0    1
# 118    3   346.768  15702.5377   7979.360   1  0.1800    OH    0    1    3
  118    3    346.7680  15702.535   7979.3600   1  0.1823   OH    0     1       3
 135    3   204.859  15746.7760    126.103   0  0.0000    OH    1    0    1
 136    3   188.643  15751.8062    191.139   0  0.0000    OH    1    0    1
 143    2  2030.940  15861.8430    399.245   0  0.0000    OH    1    0    1
 144    2  2026.752  15863.1115    395.757   0  0.0000    OH    1    0    1
 145    2  2009.289  15868.3971   3665.081   0  0.0000    OH    1    0    1
 146    2  2003.293  15870.2104   3742.169   0  0.0000    OH    1    0    1
 148    2  1987.988  15874.8362    246.698   0  0.0000    OH    1    0    1
 149    2  1983.207  15876.2801    136.657   0  0.0000    OH    1    0    1
 163    2  1855.220  15914.7657    359.270   0  0.0000    OH    1    0    1
 164    2  1847.518  15917.0712    360.244   0  0.0000    OH    1    0    1
 167    2  1805.414  15929.6539    219.462   0  0.0000    OH    1    0    1
 169    2  1788.225  15934.7804    224.154   0  0.0000    OH    1    0    1
# 181    2  1660.765  15972.6102  13617.156   1  0.2900    OH    1    1    3
  181    2   1660.7650  15972.614  13617.1560   1  0.2818   OH    1     1       3
# 191    2  1462.344  16030.8482  40972.051   1  0.3400    OH    1    1    3
  191    2   1462.3440  16030.850  40972.0510   1  0.3422   OH    1     1       3
 199    2  1371.830  16057.1497    246.986   0  0.0000    OH    1    0    1
 200    2  1362.487  16059.8550    205.415   0  0.0000    OH    1    0    1
 204    2  1314.023  16073.8601    222.332   0  0.0000    OH    1    0    1
# 205    2  1293.525  16079.7690  17385.740   1  0.1000    OH    1    1    3
  205    2   1293.5250  16079.772  17385.7400   1  0.1017   OH    1     1       3
 223    2  1157.584  16118.7392    445.057   0  0.0000    OH    1    0    1
 232    2  1013.707  16159.5713    903.235   0  0.0000    OH    1    1    1
# 239    2   888.969  16194.6264  12897.212   1  0.1500    OH    1    1    3
  239    2    888.9690  16194.636  12897.2120   1  0.1500   OH    1     1       3
 240    2   884.917  16195.7598    167.674   0  0.0000    OH    1    0    1
 269    2   449.649  16315.5105    551.965   1  0.4700    OH    1    0    3
# 270    2   443.502  16317.1734   5676.306   1  0.4200    OH    1    1    3
  270    2    443.5020  16317.164   5676.3060   1  0.4200   OH    1     1       3
 271    2   359.481  16339.8210    236.758   0  0.0000    OH    1    0    1
 272    2   352.213  16341.7731   2262.102   1  0.5700    OH    1    0    3
 273    2   337.095  16345.8300    135.423   0  0.0000    OH    1    0    1
 275    2   319.166  16350.6348   8054.923   0  0.0000    OH    1    0    1
 276    2   314.280  16351.9432   7645.195   0  0.0000    OH    1    0    1
 277    2   296.586  16356.6766    170.162   0  0.0000    OH    1    0    1
 279    2   282.702  16360.3863   1428.827   1  0.3500    OH    1    0    3
 280    2   269.804  16363.8287    384.315   0  0.0000    OH    1    0    1
 281    2   265.801  16364.8964    373.681   0  0.0000    OH    1    0    1
 282    2   250.235  16369.0450    221.875   0  0.0000    OH    1    0    1
 283    2   236.878  16372.6007    167.687   0  0.0000    OH    1    0    1
 284    2   196.225  16383.3996      2.968   0  0.0000    OH    0    0    4
# 285    2   176.972  16388.5017   6229.950   1  0.5000    OH    0    1    3
  285    2    176.9720  16388.492   6229.9500   1  0.4993   OH    0     1       3
 286    1  2035.216  16475.6278   2365.504   0  0.0000    OH    1    0    1
 287    1  2028.646  16477.3202   2393.720   0  0.0000    OH    1    0    1
 288    1  2021.895  16479.0582   5408.885   0  0.0000    OH    1    0    1
# 291    1  1930.986  16502.3666  14208.904   1  0.2500    OH    1    1    3
  291    1   1930.9860  16502.365  14208.9040   1  0.2409   OH    1     1       3
 299    1  1786.333  16539.0862    190.039   0  0.0000    OH    1    0    1
# 303    1  1727.776  16553.8217   5136.018   1  0.1900    OH    1    1    3
  303    1   1727.7760  16553.818   5136.0180   1  0.1873   OH    1     1       3
 305    1  1599.666  16585.7993    467.405   0  0.0000    OH    1    0    1
 306    1  1595.456  16586.8439    441.229   0  0.0000    OH    1    0    1
 310    1  1501.797  16609.9866    749.701   0  0.0000    OH    1    0    1
 311    1  1493.374  16612.0586    723.498   0  0.0000    OH    1    0    1
 318    1  1175.295  16689.1569   1957.918   1  0.7212    OH    1    0    1
# 319    1  1161.790  16692.3810  31166.203   0  0.0000    OH    1    1    1
  319    1   1161.7900  16692.373  31166.2030   1  0.2190   OH    1     1       1
 321    1  1121.273  16702.0292    547.945   0  0.0000    OH    1    0    1
 322    1  1116.180  16703.2394    541.880   0  0.0000    OH    1    0    1
 332    1   996.310  16731.5566   1881.075   0  0.0000    OH    1    1    1
 333    1   988.493  16733.3921   1845.824   0  0.0000    OH    1    0    1
 337    1   900.912  16753.8645    256.215   0  0.0000    OH    1    0    1
 339    1   890.829  16756.2104    253.913   0  0.0000    OH    1    0    1
 341    1   866.339  16761.8987    505.190   0  0.0000    OH    1    0    1
 342    1   851.936  16765.2380    507.903   0  0.0000    OH    1    0    1
 350    1   521.835  16840.4948   4251.013   1  0.3100    OH    1    0    3
 362    1   253.638  16899.8328     79.867   0  0.0000    OH    0    0    1
# 363    1   235.981  16903.6824  13269.742   1  0.3600    OH    1    1    3
  363    1    235.9810  16903.680  13269.7420   1  0.3518   OH    1     1       3
