# ID  CHIPNUM  XPIX     WAVE     EMISSION DOUBLET DBL_WSEP NAME USELSF USEWAVE SOURCE
   1    3  2038.224  15145.4950     16.351   1  0.3300    OH    0    0    2
   2    3  2031.020  15147.9816    130.079   0  0.0000    OH    0    0    1
   3    3  2025.392  15149.9230    121.725   0  0.0000    OH    0    0    1
   4    3  2019.093  15152.0955    109.430   0  0.0000    OH    0    0    1
   5    3  2016.093  15153.1299     12.388   0  0.0000    OH    0    0    4
   6    3  1917.176  15187.1453   9811.298   1  0.2600    OH    1    0    3
   7    3  1789.380  15230.8240     18.189   0  0.0000    OH    0    0    4
   8    3  1759.593  15240.9612  34136.199   1  0.3300    OH    1    1    3
   9    3  1691.501  15264.0728      6.591   0  0.0000    OH    0    0    4
  10    3  1688.697  15265.0226     15.164   0  0.0000    OH    0    0    4
  11    3  1686.218  15265.8625     19.065   0  0.0000    OH    0    0    4
  12    3  1682.734  15267.0422      4.614   0  0.0000    OH    0    0    4
  13    3  1677.700  15268.7467     75.480   0  0.0000    OH    0    0    1
  14    3  1672.782  15270.4115     66.104   0  0.0000    OH    0    0    4
  15    3  1636.491  15282.6812    115.440   0  0.0000    OH    0    0    1
  16    3  1628.373  15285.4227     92.072   0  0.0000    OH    0    0    1
  17    3  1621.346  15287.7944  15275.803   1  0.0800    OH    1    1    3    
  18    3  1610.795  15291.3541    150.450   0  0.0000    OH    1    0    1
  19    3  1576.584  15302.8819      6.194   0  0.0000    OH    0    0    4
  20    3  1566.811  15306.1709     34.512   0  0.0000    OH    0    0    4
  21    3  1561.641  15307.9103     11.847   0  0.0000    OH    0    0    4
  22    3  1552.677  15310.9246    438.655   0  0.0000    OH    1    0    1
  23    3  1538.742  15315.6078      9.564   0  0.0000    OH    0    0    4
  24    3  1488.664  15332.4069  30819.830   1  0.6000    OH    0    1    3
  25    3  1460.484  15341.8399      4.452   0  0.0000    OH    0    0    4
  26    3  1447.177  15346.2887      3.255   0  0.0000    OH    0    0    4
  27    3  1439.430  15348.8775    951.263   0  0.0000    OH    1    0    1
  28    3  1434.699  15350.4577     12.158   0  0.0000    OH    0    0    4
  29    3  1425.866  15353.4070      7.367   0  0.0000    OH    0    0    4
  30    3  1418.826  15355.7565     24.891   0  0.0000    OH    0    0    4
  31    3  1414.242  15357.2862     13.221   0  0.0000    OH    0    0    4
  32    3  1366.964  15373.0367    210.494   0  0.0000    OH    0    0    1
  33    3  1360.319  15375.2474    132.997   0  0.0000    OH    0    0    1
  34    3  1355.967  15376.6945    400.492   0  0.0000    OH    0    0    1
  35    3  1350.767  15378.4234    123.208   0  0.0000    OH    0    0    1
  36    3  1346.942  15379.6944    120.736   0  0.0000    OH    0    0    1
  37    3  1337.890  15382.7022      5.835   0  0.0000    OH    0    0    4
  38    3  1324.646  15387.0995    110.646   0  0.0000    OH    0    0    1
  39    3  1321.004  15388.3081    195.850   0  0.0000    OH    0    0    1
  40    3  1318.522  15389.1316    151.833   0  0.0000    OH    0    0    4
  41    3  1310.950  15391.6437    138.923   0  0.0000    OH    0    0    1
  42    3  1299.817  15395.3348  12633.306   1  0.1500    OH    1    1    3
  43    3  1270.125  15405.1675    199.469   0  0.0000    OH    1    0    1
  44    3  1263.581  15407.3323    234.618   0  0.0000    OH    1    0    1
  45    3  1251.320  15411.3863    220.193   0  0.0000    OH    1    0    1
  46    3  1245.253  15413.3912     61.939   0  0.0000    OH    0    0    4
  47    3  1230.265  15418.3415      6.682   0  0.0000    OH    0    0    4
  48    3  1214.119  15423.6692    110.366   0  0.0000    OH    0    0    1
  49    3  1205.272  15426.5863    100.935   0  0.0000    OH    0    0    1
  50    3  1195.399  15429.8400    375.490   0  0.0000    OH    0    0    8
  51    3  1189.798  15431.6852  16426.947   0  0.0000    OH    0    0    1
  52    3  1187.002  15432.6058  15995.818   0  0.0000    OH    0    0    1
  53    3  1168.166  15438.8052    260.105   1  0.5400    OH    0    0    9
  54    3  1158.774  15441.8940      7.376   0  0.0000    OH    0    0    4
  55    3  1097.088  15462.1385    795.383   1  0.6300    OH    0    0    3
  56    3  1078.549  15468.2085    192.075   0  0.0000    OH    0    0    1
  57    3  1060.106  15474.2407    558.693   1  0.4500    OH    1    0    3
  58    3  1054.475  15476.0810     42.443   0  0.0000    OH    0    0    4
  59    3  1016.409  15488.5067    637.566   0  0.0000    OH    0    0    1
  60    3   994.284  15495.7161      4.308   0  0.0000    OH    0    0    4
  61    3   978.439  15500.8735   2634.724   1  0.5900    OH    0    1    3
  62    3   951.008  15509.7906   5895.010   1  0.4200    OH    1    1    3
  63    3   926.336  15517.7986   1609.063   1  0.3300    OH    0    0    3
  64    3   913.830  15521.8532      7.285   0  0.0000    OH    0    0    4
  65    3   908.521  15523.5737      5.916   0  0.0000    OH    0    0    4
  66    3   891.811  15528.9851      5.916   0  0.0000    OH    0    0    4
  67    3   886.989  15530.5455      5.433   0  0.0000    OH    0    0    4
  68    3   858.660  15539.7046   8152.650   0  0.0000    OH    0    0    1  edited out uselsf
  69    3   854.798  15540.9521   7930.474   0  0.0000    OH    0    0    1  edited out uselsf
  70    3   851.139  15542.1337    421.499   0  0.0000    OH    0    0    1
  71    3   838.703  15546.1479   7655.277   1  0.5000    OH    1    1    3
  72    3   832.900  15548.0197     19.400   0  0.0000    OH    0    0    4
  73    3   817.668  15552.9308     11.632   0  0.0000    OH    0    0    4
  74    3   799.874  15558.6620      1.915   0  0.0000    OH    0    0    4
  75    3   792.510  15561.0320    119.860   0  0.0000    OH    0    0    1
  76    3   788.789  15562.2292    124.198   0  0.0000    OH    0    0    1
  77    3   781.812  15564.4731    112.152   0  0.0000    OH    0    0    4
  78    3   764.093  15570.1678   4625.539   1  0.1800    OH    1    1    3
  79    3   755.212  15573.0201    123.423   0  0.0000    OH    0    0    1
  80    3   749.122  15574.9748     42.774   0  0.0000    OH    0    0    4
  81    3   744.902  15576.3289     99.478   0  0.0000    OH    0    0    1
  82    3   730.482  15580.9536    274.415   0  0.0000    OH    0    0    1
  83    3   724.079  15583.0058     14.188   0  0.0000    OH    0    0    4
  84    3   720.115  15584.2760     11.086   0  0.0000    OH    0    0    4
  85    3   705.156  15589.0664     17.160   0  0.0000    OH    0    0    4
  86    3   678.357  15597.6376  17168.529   1  0.3800    OH    1    1    3
  87    3   665.242  15601.8272     63.088   0  0.0000    OH    0    0    4
  88    3   631.364  15612.6338    246.789   0  0.0000    OH    1    0    1
  89    3   627.270  15613.9383    240.099   0  0.0000    OH    1    0    1
  90    3   607.895  15620.1071    115.837   0  0.0000    OH    0    0    4
  91    3   603.715  15621.4370     33.770   0  0.0000    OH    0    0    4
  92    3   579.967  15628.9864     88.840   0  0.0000    OH    0    0    4
  93    3   573.722  15630.9700    102.269   0  0.0000    OH    0    0    2
  94    3   571.983  15631.5221   9603.476   0  0.0000    OH    0    0    1   edited out
  95    3   552.087  15637.8354      3.351   0  0.0000    OH    0    0    4
  96    3   542.725  15640.8037    158.576   0  0.0000    OH    0    0    1
  97    3   526.024  15646.0942      9.674   0  0.0000    OH    0    0    4
  98    3   521.003  15647.6839      6.658   0  0.0000    OH    0    0    4
  99    3   497.962  15654.9717  23071.609   1  0.2400    OH    0    1    3
 100    3   493.941  15656.2422   2237.287   0  0.0000    OH    0    0    4
 101    3   489.171  15657.7493   2741.411   0  0.0000    OH    0    1    1
 102    3   484.637  15659.1815     30.060   0  0.0000    OH    0    0    4
 103    3   481.503  15660.1713     27.844   0  0.0000    OH    0    0    4
 104    3   477.893  15661.3111      3.159   0  0.0000    OH    0    0    4
 105    3   472.730  15662.9407      3.351   0  0.0000    OH    0    0    4
 106    3   462.367  15666.2099     26.020   0  0.0000    OH    0    0    4
 107    3   445.558  15671.5085     26.236   0  0.0000    OH    0    0    4
 108    3   435.813  15674.5776     18.788   0  0.0000    OH    0    0    4
 109    3   425.904  15677.6967      9.765   0  0.0000    OH    0    0    4
 110    3   420.693  15679.3362     47.915   0  0.0000    OH    0    0    4
 111    3   406.355  15683.8446     90.766   0  0.0000    OH    0    0    1
 112    3   393.913  15687.7536     73.667   0  0.0000    OH    0    0    4
 113    3   388.723  15689.3831     23.029   0  0.0000    OH    0    0    4
 114    3   378.467  15692.6021     79.889   0  0.0000    OH    0    0    4
 115    3   374.452  15693.8616      4.184   0  0.0000    OH    0    0    4
 116    3   359.892  15698.4266    111.938   0  0.0000    OH    0    0    1
 117    3   353.243  15700.5097     80.632   0  0.0000    OH    0    0    1
 118    3   346.768  15702.5377   7979.360   1  0.1800    OH    0    1    3
 119    3   335.906  15705.9376    132.974   0  0.0000    OH    0    0    4
 120    3   318.270  15711.4533    104.050   0  0.0000    OH    0    0    1
 121    3   304.856  15715.6442     17.534   0  0.0000    OH    0    0    4
 122    3   295.827  15718.4633     15.978   0  0.0000    OH    0    0    4
 123    3   292.912  15719.3730    215.161   0  0.0000    OH    0    0    4
 124    3   286.435  15721.3940     91.820   0  0.0000    OH    0    0    1
 125    3   275.223  15724.8902    210.777   0  0.0000    OH    0    0    1
 126    3   266.720  15727.5403     11.153   0  0.0000    OH    0    0    4
 127    3   262.002  15729.0098      8.171   0  0.0000    OH    0    0    4
 128    3   255.608  15731.0011    133.901   0  0.0000    OH    0    0    1
 129    3   249.029  15733.0489     97.565   0  0.0000    OH    0    0    1
 130    3   243.617  15734.7331     91.896   0  0.0000    OH    0    0    1
 131    3   232.752  15738.1119    136.651   0  0.0000    OH    0    0    1
 132    3   228.443  15739.4514    103.802   0  0.0000    OH    0    0    1
 133    3   222.636  15741.2561      4.404   0  0.0000    OH    0    0    4
 134    3   208.020  15745.7949     26.011   0  0.0000    OH    0    0    4
 135    3   204.859  15746.7760    126.103   0  0.0000    OH    1    0    1
 136    3   188.643  15751.8062    191.139   0  0.0000    OH    1    0    1
 137    3   173.423  15756.5226      7.769   0  0.0000    OH    0    0    4
 138    3   162.826  15759.8038    545.201   0  0.0000    OH    0    0    1
 139    3   159.694  15760.7729    628.116   0  0.0000    OH    0    0    1
 140    3   148.999  15764.0816     38.734   0  0.0000    OH    0    0    4
 141    3   144.046  15765.6130    191.568   0  0.0000    OH    0    0    1
 142    3   137.385  15767.6719     91.282   0  0.0000    OH    0    0    1
 143    2  2030.940  15861.8430    399.245   0  0.0000    OH    1    0    1
 144    2  2026.752  15863.1115    395.757   0  0.0000    OH    1    0    1
 145    2  2009.289  15868.3971   3665.081   0  0.0000    OH    1    0    1
 146    2  2003.293  15870.2104   3742.169   0  0.0000    OH    1    1    1
 147    2  1995.919  15872.4397     81.919   0  0.0000    OH    0    0    1
 148    2  1987.988  15874.8362    246.698   0  0.0000    OH    1    0    1
 149    2  1983.207  15876.2801    136.657   0  0.0000    OH    1    0    1
 150    2  1962.597  15882.4996    264.272   0  0.0000    OH    0    0    4
 151    2  1946.513  15887.3473    205.300   0  0.0000    OH    0    0    4
 152    2  1939.728  15889.3908    203.267   0  0.0000    OH    0    0    1
 153    2  1936.087  15890.4870    145.678   0  0.0000    OH    0    0    1
 154    2  1930.623  15892.1317     70.613   0  0.0000    OH    0    0    1
 155    2  1918.692  15895.7206    970.555   0  0.0000    OH    0    0    1
 156    2  1915.664  15896.6309    258.576   0  0.0000    OH    0    0    4
 157    2  1911.825  15897.7850    273.126   0  0.0000    OH    0    0    1
 158    2  1907.993  15898.9365    885.802   0  0.0000    OH    0    0    1
 159    2  1897.589  15902.0616    156.363   0  0.0000    OH    0    0    1
 160    2  1890.324  15904.2425      2.393   0  0.0000    OH    0    0    4
 161    2  1870.977  15910.0454      3.351   0  0.0000    OH    0    0    4
 162    2  1863.583  15912.2609    129.192   0  0.0000    OH    0    0    4
 163    2  1855.220  15914.7657    359.270   0  0.0000    OH    1    0    1
 164    2  1847.518  15917.0712    360.244   0  0.0000    OH    1    0    1
 165    2  1821.088  15924.9740    111.894   0  0.0000    OH    0    0    1
 166    2  1813.352  15927.2842     71.178   0  0.0000    OH    0    0    4
 167    2  1805.414  15929.6539    219.462   0  0.0000    OH    1    0    1
 168    2  1797.552  15931.9995     63.567   1  0.3700    OH    0    0    6
 169    2  1788.225  15934.7804    224.154   0  0.0000    OH    1    0    1
 170    2  1762.643  15942.3993     42.175   0  0.0000    OH    0    0    4
 171    2  1753.122  15945.2315     12.689   0  0.0000    OH    0    0    4
 172    2  1751.096  15945.8340     14.465   0  0.0000    OH    0    0    4
 173    2  1747.009  15947.0490     42.692   0  0.0000    OH    0    0    4
 174    2  1741.637  15948.6454     10.066   0  0.0000    OH    0    0    4
 175    2  1723.045  15954.1664    105.546   0  0.0000    OH    0    0    4
 176    2  1711.746  15957.5182     20.037   0  0.0000    OH    0    0    4
 177    2  1695.769  15962.2537     18.496   0  0.0000    OH    0    0    4
 178    2  1680.625  15966.7372      7.415   0  0.0000    OH    0    0    4
 179    2  1676.727  15967.8905      9.377   0  0.0000    OH    0    0    4
 180    2  1666.580  15970.8913     72.935   0  0.0000    OH    0    0    1
 181    2  1660.765  15972.6102  13617.156   1  0.2900    OH    1    1    3
 182    2  1642.806  15977.9138     51.226   0  0.0000    OH    0    0    1
 183    2  1623.261  15983.6789     86.830   0  0.0000    OH    0    0    4
 184    2  1522.340  16013.3231     63.184   0  0.0000    OH    0    0    4
 185    2  1515.978  16015.1849     13.690   0  0.0000    OH    0    0    4
 186    2  1505.095  16018.3678     10.669   0  0.0000    OH    0    0    4
 187    2  1489.580  16022.9014      7.170   0  0.0000    OH    0    0    4
 188    2  1487.182  16023.6019      5.174   0  0.0000    OH    0    0    4
 189    2  1484.097  16024.5025      4.495   0  0.0000    OH    0    0    4
 190    2  1477.926  16026.3037      3.518   0  0.0000    OH    0    0    4
 191    2  1462.344  16030.8482  40972.051   1  0.3400    OH    1    1    3
 192    2  1426.542  16041.2714    186.902   0  0.0000    OH    0    0    1
 193    2  1420.467  16043.0377    157.789   0  0.0000    OH    0    0    1
 194    2  1417.734  16043.8320     45.727   0  0.0000    OH    0    0    4
 195    2  1394.515  16050.5736      2.633   0  0.0000    OH    0    0    4
 196    2  1391.481  16051.4538     12.761   0  0.0000    OH    0    0    4
 197    2  1384.479  16053.4842     19.252   0  0.0000    OH    0    0    4
 198    2  1379.994  16054.7843      8.563   0  0.0000    OH    0    0    4
 199    2  1371.830  16057.1497    246.986   0  0.0000    OH    1    0    1
 200    2  1362.487  16059.8550    205.415   0  0.0000    OH    1    0    1
 201    2  1340.940  16066.0877     98.977   0  0.0000    OH    0    0    1
 202    2  1329.180  16069.4851     65.434   0  0.0000    OH    0    0    4
 203    2  1317.125  16072.9649     27.676   0  0.0000    OH    0    0    4
 204    2  1314.023  16073.8601    222.332   0  0.0000    OH    1    0    1
 205    2  1293.525  16079.7690  17385.740   1  0.1000    OH    1    1    3
 206    2  1288.229  16081.2941      8.989   0  0.0000    OH    0    0    4
 207    2  1273.221  16085.6135      5.213   0  0.0000    OH    0    0    4
 208    2  1260.702  16089.2130      4.691   0  0.0000    OH    0    0    4
 209    2  1257.571  16090.1128      4.212   0  0.0000    OH    0    0    4
 210    2  1248.938  16092.5924     25.120   0  0.0000    OH    0    0    4
 211    2  1245.351  16093.6222     21.746   0  0.0000    OH    0    0    4
 212    2  1241.555  16094.7120      2.010   0  0.0000    OH    0    0    4
 213    2  1239.464  16095.3119      1.963   0  0.0000    OH    0    0    4
 214    2  1231.792  16097.5129    156.581   0  0.0000    OH    0    0    1
 215    2  1215.647  16102.1405     16.844   0  0.0000    OH    0    0    4
 216    2  1212.820  16102.9503     20.458   0  0.0000    OH    0    0    4
 217    2  1207.793  16104.3900     12.321   0  0.0000    OH    0    0    4
 218    2  1194.412  16108.2191      4.643   0  0.0000    OH    0    0    4
 219    2  1191.091  16109.1689      4.643   0  0.0000    OH    0    0    4
 220    2  1176.365  16113.3779      2.202   0  0.0000    OH    0    0    4
 221    2  1172.864  16114.3777      3.686   0  0.0000    OH    0    0    4
 222    2  1165.546  16116.4672      1.436   0  0.0000    OH    0    0    4
 223    2  1157.584  16118.7392    445.057   0  0.0000    OH    1    0    1
 224    2  1144.515  16122.4658     27.734   0  0.0000    OH    0    0    4
 225    2  1122.849  16128.6361  33446.824   1  0.6300    OH    0    0    3
 226    2  1106.790  16133.2033      2.441   0  0.0000    OH    0    0    4
 227    2  1043.329  16151.1994     11.593   0  0.0000    OH    0    0    4
 228    2  1040.856  16151.8993      6.314   0  0.0000    OH    0    0    4
 229    2  1036.614  16153.0991     11.186   0  0.0000    OH    0    0    4
 230    2  1033.431  16153.9989      2.393   0  0.0000    OH    0    0    4
 231    2  1028.373  16155.4286     10.521   0  0.0000    OH    0    0    4
 232    2  1013.707  16159.5713    903.235   0  0.0000    OH    1    1    1
 233    2   971.419  16171.4915     66.679   0  0.0000    OH    0    0    1
 234    2   965.113  16173.2659     25.274   0  0.0000    OH    0    0    4
 235    2   959.603  16174.8157     22.890   0  0.0000    OH    0    0    4
 236    2   914.440  16187.4945      9.573   0  0.0000    OH    0    0    4
 237    2   911.585  16188.2944      6.472   0  0.0000    OH    0    0    4
 238    2   908.373  16189.1943     24.608   0  0.0000    OH    0    0    4
 239    2   888.969  16194.6264  12897.212   1  0.1500    OH    1    1    3
 240    2   884.917  16195.7598    167.674   0  0.0000    OH    1    0    1
 241    2   855.692  16203.9237      4.547   0  0.0000    OH    0    0    4
 242    2   839.182  16208.5281    218.458   0  0.0000    OH    0    0    1
 243    2   834.999  16209.6936     40.543   0  0.0000    OH    0    0    4
 244    2   832.487  16210.3936     45.196   0  0.0000    OH    0    0    4
 245    2   828.177  16211.5938    165.948   0  0.0000    OH    0    0    1
 246    2   793.724  16221.1759    442.883   0  0.0000    OH    0    0    1
 247    2   786.365  16223.2194    144.703   0  0.0000    OH    0    0    1
 248    2   781.188  16224.6564    135.770   0  0.0000    OH    0    0    1
 249    2   765.693  16228.9537    144.621   0  0.0000    OH    0    0    1
 250    2   762.633  16229.8018    312.914   0  0.0000    OH    0    0    1
 251    2   744.800  16234.7403  15867.570   0  0.0000    OH    0    0    1
 252    2   740.849  16235.8335  15910.715   0  0.0000    OH    0    0    1
 253    2   718.197  16242.0950      3.925   0  0.0000    OH    0    0    4
 254    2   704.556  16245.8605    389.226   1  0.4690    OH    0    0    3
 255    2   680.011  16252.6263    225.235   0  0.0000    OH    0    0    1
 256    2   667.542  16256.0585     63.997   0  0.0000    OH    0    0    1
 257    2   655.225  16259.4458    123.909   0  0.0000    OH    0    0    1
 258    2   636.520  16264.5836     79.508   0  0.0000    OH    0    0    1
 259    2   615.650  16270.3076    557.049   0  0.0000    OH    0    0    1
 260    2   589.018  16277.5985     36.494   0  0.0000    OH    0    0    4
 261    2   584.995  16278.6986     31.989   0  0.0000    OH    0    0    4
 262    2   581.145  16279.7512    234.058   0  0.0000    OH    0    0    1
 263    2   536.987  16291.8000      6.878   0  0.0000    OH    0    0    4
 264    2   532.948  16292.9001      4.021   0  0.0000    OH    0    0    4
 265    2   498.041  16302.3930    707.329   1  0.6100    OH    0    0    3
 266    2   493.592  16303.6011    306.203   0  0.0000    OH    0    0    4
 267    2   478.239  16307.7667    484.417   1  0.7396    OH    0    0    1
 268    2   464.827  16311.4017      2.968   0  0.0000    OH    0    0    4
 269    2   449.649  16315.5105    551.965   1  0.4700    OH    1    0    3
 270    2   443.502  16317.1734   5676.306   1  0.4200    OH    1    1    3
 271    2   359.481  16339.8210    236.758   0  0.0000    OH    1    0    1
 272    2   352.213  16341.7731   2262.102   1  0.5700    OH    1    1    3
 273    2   337.095  16345.8300    135.423   0  0.0000    OH    1    0    1
 274    2   334.586  16346.5026     57.966   0  0.0000    OH    0    0    4
 275    2   319.166  16350.6348   8054.923   0  0.0000    OH    1    1    1
 276    2   314.280  16351.9432   7645.195   0  0.0000    OH    1    0    1
 277    2   296.586  16356.6766    170.162   0  0.0000    OH    1    0    1
 278    2   287.831  16359.0162    146.312   0  0.0000    OH    0    0    1
 279    2   282.702  16360.3863   1428.827   1  0.3500    OH    1    1    3
 280    2   269.804  16363.8287    384.315   0  0.0000    OH    1    0    1
 281    2   265.801  16364.8964    373.681   0  0.0000    OH    1    0    1
 282    2   250.235  16369.0450    221.875   0  0.0000    OH    1    0    1
 283    2   236.878  16372.6007    167.687   0  0.0000    OH    1    0    1
 284    2   196.225  16383.3996      2.968   0  0.0000    OH    0    0    4
 285    2   176.972  16388.5017   6229.950   1  0.5000    OH    0    1    3
 286    1  2035.216  16475.6278   2365.504   0  0.0000    OH    1    1    1
 287    1  2028.646  16477.3202   2393.720   0  0.0000    OH    1    1    1
 288    1  2021.895  16479.0582   5408.885   0  0.0000    OH    1    1    1
 289    1  2002.622  16484.0146     22.842   0  0.0000    OH    0    0    4
 290    1  1980.707  16489.6407      4.452   0  0.0000    OH    0    0    4
 291    1  1930.986  16502.3666  14208.904   1  0.2500    OH    1    1    3
 292    1  1870.384  16517.8054      2.968   0  0.0000    OH    0    0    4
 293    1  1863.816  16519.4739      2.824   0  0.0000    OH    0    0    4
 294    1  1857.636  16521.0427      8.137   0  0.0000    OH    0    0    4
 295    1  1843.921  16524.5220      5.275   0  0.0000    OH    0    0    4
 296    1  1830.000  16528.0492    164.800   0  0.0000    OH    0    0    1
 297    1  1819.733  16530.6480    160.390   0  0.0000    OH    0    0    1
 298    1  1813.590  16532.2018     51.744   0  0.0000    OH    0    0    4
 299    1  1786.333  16539.0862    190.039   0  0.0000    OH    1    0    1
 300    1  1782.887  16539.9554      8.032   0  0.0000    OH    0    0    4
 301    1  1770.388  16543.1061    141.330   0  0.0000    OH    0    0    1
 302    1  1765.971  16544.2186     25.149   0  0.0000    OH    0    0    4
 303    1  1727.776  16553.8217   5136.018   1  0.1900    OH    1    1    3
 304    1  1705.819  16559.3277    109.177   0  0.0000    OH    0    0    1
 305    1  1599.666  16585.7993    467.405   0  0.0000    OH    1    0    1
 306    1  1595.456  16586.8439    441.229   0  0.0000    OH    1    0    1
 307    1  1559.677  16595.7074      6.309   0  0.0000    OH    0    0    4
 308    1  1530.114  16603.0101      5.940   0  0.0000    OH    0    0    4
 309    1  1519.567  16605.6105      4.643   0  0.0000    OH    0    0    4
 310    1  1501.797  16609.9866    749.701   0  0.0000    OH    1    0    1
 311    1  1493.374  16612.0586    723.498   0  0.0000    OH    1    0    1
 312    1  1392.477  16636.7561     14.360   0  0.0000    OH    0    0    4
 313    1  1384.562  16638.6840     12.723   0  0.0000    OH    0    0    4
 314    1  1319.450  16654.4920     27.887   0  0.0000    OH    0    0    4
 315    1  1300.131  16659.1641     44.516   0  0.0000    OH    0    0    4
 316    1  1294.494  16660.5259     91.822   0  0.0000    OH    0    0    1
 317    1  1268.816  16666.7201     59.929   0  0.0000    OH    0    0    4
 318    1  1175.295  16689.1569   1957.918   1  0.7212    OH    1    0    1
 319    1  1161.790  16692.3810  31166.203   0  0.0000    OH    1    1    1
 320    1  1129.053  16700.1793      2.968   0  0.0000    OH    0    0    4
 321    1  1121.273  16702.0292    547.945   0  0.0000    OH    1    0    1
 322    1  1116.180  16703.2394    541.880   0  0.0000    OH    1    0    1
 323    1  1094.282  16708.4362   6063.906   0  0.0000    OH    0    0    1
 324    1  1090.843  16709.2514   6103.601   0  0.0000    OH    0    0    1
 325    1  1079.019  16712.0523    100.976   0  0.0000    OH    0    0    1
 326    1  1068.465  16714.5495     10.205   0  0.0000    OH    0    0    4
 327    1  1053.546  16718.0755    152.686   0  0.0000    OH    0    0    1
 328    1  1049.938  16718.9275    172.372   0  0.0000    OH    0    0    1
 329    1  1030.837  16723.4330    169.544   0  0.0000    OH    0    0    4
 330    1  1028.282  16724.0351    201.224   0  0.0000    OH    0    0    4
 331    1  1022.433  16725.4127    199.228   0  0.0000    OH    0    0    1
 332    1   996.310  16731.5566   1881.075   0  0.0000    OH    1    1    1
 333    1   988.493  16733.3921   1845.824   0  0.0000    OH    1    0    1
 334    1   984.558  16734.3157    203.529   0  0.0000    OH    0    0    4
 335    1   916.650  16750.1984      8.492   0  0.0000    OH    0    0    4
 336    1   913.220  16750.9978      9.549   0  0.0000    OH    0    0    4
 337    1   900.912  16753.8645    256.215   0  0.0000    OH    1    0    1
 338    1   896.053  16754.9953     55.669   0  0.0000    OH    0    0    4
 339    1   890.829  16756.2104    253.913   0  0.0000    OH    1    0    1
 340    1   880.575  16758.5937      2.393   0  0.0000    OH    0    0    4
 341    1   866.339  16761.8987    505.190   0  0.0000    OH    1    0    1
 342    1   851.936  16765.2380    507.903   0  0.0000    OH    1    0    1
 343    1   817.537  16773.1944      2.728   0  0.0000    OH    0    0    4
 344    1   727.100  16793.9858     30.127   0  0.0000    OH    0    0    4
 345    1   702.043  16799.7139    113.479   0  0.0000    OH    0    0    1
 346    1   696.283  16801.0286      6.132   0  0.0000    OH    0    0    4
 347    1   692.330  16801.9305      6.634   0  0.0000    OH    0    0    4
 348    1   687.936  16802.9326      3.255   0  0.0000    OH    0    0    4
 349    1   678.882  16804.9961    118.900   1  0.4300    OH    0    0    3
 350    1   521.835  16840.4948   4251.013   1  0.3100    OH    1    0    3
 351    1   500.912  16845.1822     22.583   0  0.0000    OH    0    0    4
 352    1   466.362  16852.9013     25.441   0  0.0000    OH    0    0    4
 353    1   383.750  16871.2486     11.837   0  0.0000    OH    0    0    4
 354    1   358.741  16876.7725     70.892   0  0.0000    OH    0    0    1
 355    1   335.505  16881.8921      4.547   0  0.0000    OH    0    0    4
 356    1   327.528  16883.6470     37.681   0  0.0000    OH    0    0    4
 357    1   310.506  16887.3865      1.915   0  0.0000    OH    0    0    4
 358    1   302.615  16889.1180    104.574   0  0.0000    OH    0    0    1
 359    1   294.538  16890.8887     82.755   0  0.0000    OH    0    0    1
 360    1   267.413  16896.8246     18.639   0  0.0000    OH    0    0    4
 361    1   263.747  16897.6257     16.117   0  0.0000    OH    0    0    4
 362    1   253.638  16899.8328     79.867   0  0.0000    OH    0    0    1
 363    1   235.981  16903.6824  13269.742   1  0.3600    OH    1    1    3
 364    1   219.219  16907.3302    128.554   0  0.0000    OH    0    0    1
