# ID  CHIPNUM  XPIX     WAVE     EMISSION   DOUBLET WSEP   NAME USELSF USEWAVE SOURCE
    6    3   1917.1760  15187.134   9811.2980   1  0.2637   OH    1     1       3
    8    3   1759.5930  15240.956  34136.1990   1  0.3334   OH    1     1       3
   17    3   1621.3460  15287.791  15275.8030   1  0.0866   OH    1     1       3
   24    3   1488.6640  15332.400  30819.8300   1  0.6095   OH    0     1       3
   42    3   1299.8170  15395.327  12633.3060   1  0.1510   OH    1     1       3
   61    3    978.4390  15500.866   2634.7240   1  0.5819   OH    0     1       3   
   62    3    951.0080  15509.785   5895.0100   1  0.4203   OH    1     1       3
  118    3    346.7680  15702.535   7979.3600   1  0.1823   OH    0     1       3
  181    2   1660.7650  15972.614  13617.1560   1  0.2818   OH    1     1       3
  191    2   1462.3440  16030.850  40972.0510   1  0.3422   OH    1     1       3
  205    2   1293.5250  16079.772  17385.7400   1  0.1017   OH    1     1       3
  239    2    888.9690  16194.636  12897.2120   1  0.1500   OH    0     1       3
  270    2    443.5020  16317.164   5676.3060   1  0.4200   OH    1     1       3
  285    2    176.9720  16388.492   6229.9500   1  0.4993   OH    0     1       3
  291    1   1930.9860  16502.365  14208.9040   1  0.2409   OH    1     1       3
  303    1   1727.7760  16553.818   5136.0180   1  0.1873   OH    1     1       3
  319    1   1161.7900  16692.373  31166.2030   1  0.2190   OH    1     1       1
  363    1    235.9810  16903.680  13269.7420   1  0.3518   OH    1     1       3
#derived wavelengths of lines from frames  16930029 and 22430033, see apogee.apred.wave.getskywaves

# from Brook, lines within 1A of above
#  15187.5887      1.3473  15188.2624     24.2077                 ...
#  15187.3155      0.2733  15187.4521      0.7642                 ...
#  15187.2715      0.0440  15187.2935     15.5295                 ABR
#  15187.0078      0.2637  15187.1396     15.5261                 ABR
#  15186.9119      0.0958  15186.9598     24.1936                 ...
#  15186.6212      0.2908  15186.7666      0.0018                 ...
#  15241.2856      0.7784  15241.6748      0.0003                 ...
#  15241.1200      0.1656  15241.2028      9.8957                 ABR
#  15240.7867      0.3334  15240.9533      9.8958                 ABR
#  15288.4678      0.4294  15288.6826      0.0205                 ...
#  15287.9480      0.5199  15288.2079      0.0388                 ...
#  15287.8344      0.1136  15287.8912     14.5740                 ABR
#  15287.7478      0.0866  15287.7911     14.5695                 ABR
#  15286.8771      0.8708  15287.3125      0.0380                 ...
#  15332.7069      0.9635  15333.1886     12.1590                 ABR
#  15332.0974      0.6095  15332.4021     12.1597                 ABR
#  15395.4132      0.9521  15395.8893     14.4240                 ABR
#  15395.2622      0.1510  15395.3377     14.4286                 MAI
#  15394.9965      0.2658  15395.1293      0.0075                 ...
#  15394.8921      0.1043  15394.9443      0.2477                 ...
#  15394.7307      0.1614  15394.8114      0.0791                 ...
#  15394.5754      0.1553  15394.6531      0.1735                 ...
#  15394.5486      0.0268  15394.5620      0.3553                 ...
#  15394.3772      0.1714  15394.4629      0.0823                 ...
#  15501.2300      1.0085  15501.7342      0.0051                 ...
#  15501.1558      0.0741  15501.1929     13.2748                 ABR
#  15500.5739      0.5819  15500.8649     13.2716                 ABR
#  15510.7594      0.4149  15510.9668      0.7577                 ...
#  15510.5622      0.1972  15510.6608      4.6874                 ...
#  15510.4847      0.0775  15510.5234      0.1309                 ...
#  15510.3991      0.0855  15510.4419      4.7181                 ...
#  15510.3388      0.0603  15510.3690      4.7198                 ...
#  15510.0367      0.3021  15510.1877      0.1329                 ...
#  15509.9832      0.0535  15510.0100     14.5248                 ABR
#  15509.5630      0.4203  15509.7731     14.5292                 ABR
#  15703.3740      0.7794  15703.7637     31.1002                 ...
#  15702.6297      0.7443  15703.0018     12.2070                 ABR
#  15702.4474      0.1823  15702.5385     12.2110                 ABR
#  15702.1961      0.2513  15702.3217      0.1120                 ...
#  15973.5624      0.9440  15974.0344      0.0174                 ...
#  15973.4071      0.1553  15973.4847      0.0959                 ...
#  15972.7382      0.6689  15973.0726     28.0119                 ABR
#  15972.5952      0.1430  15972.6667      0.6717                 ...
#  15972.5799      0.0153  15972.5876      0.6788                 ...
#  15972.4564      0.1235  15972.5182     28.0064                 ABR
#  16030.9992      0.9171  16031.4578     17.8206                 ABR
#  16030.6571      0.3422  16030.8282     17.8206                 ABR
#  16079.8053      1.0198  16080.3152     26.2920                 ...
#  16079.7036      0.1017  16079.7545     26.2845                 ...
#  16195.3559      0.4008  16195.5563     23.5470                 ...
#  16194.7623      0.5937  16195.0591      0.4062                 ...
#  16194.6901      0.0722  16194.7262     26.0258                 ...
#  16194.5906      0.0995  16194.6403     23.5447                 ...
#  16194.5576      0.0329  16194.5741     15.6076                 MAI
#  16194.5449      0.0128  16194.5513     26.0338                 ...
#  16194.3479      0.1969  16194.4464      0.0007                 ...
#  16193.8821      0.4659  16194.1150      0.2294                 ...
#  16317.5071      2.8979  16318.9561      0.3611                 ...
#  16317.3788      0.1283  16317.4430     26.2136                 ABR
#  16317.0437      0.3352  16317.2113      0.0324                 ...
#  16316.9491      0.0946  16316.9964     26.2214                 ABR
#  16316.5018      0.4473  16316.7254      0.0076                 ...
#  16388.9482      3.4384  16390.6675      0.0067                 ...
#  16388.7431      0.2052  16388.8457     19.6245                 ...
#  16388.7062      0.0369  16388.7246      0.0001                 ...
#  16388.2438      0.4624  16388.4750     19.6201                 ...
#  16502.8227      1.7004  16503.6729      0.0000                 ...
#  16502.4858      0.3369  16502.6542     14.5447                 ...
#  16502.2449      0.2409  16502.3653     14.5430                 ...
#  16501.9010      0.3438  16502.0730      3.7763                 ...
#  16554.7634      0.2767  16554.9017     16.0772                 ...
#  16554.1228      0.6406  16554.4431      1.8348                 ...
#  16553.9093      0.2135  16554.0160     18.1669                 ABR
#  16553.7220      0.1873  16553.8156     18.1724                 ABR
#  16692.4902      1.7434  16693.3619     34.9182                 ABR
#  16692.2712      0.2190  16692.3807     34.9162                 ABR
#  16904.5080      0.2603  16904.6382     45.7835                 ...
#  16904.4273      0.0807  16904.4676     45.7710                 ...
#  16903.8566      0.5706  16904.1419     26.5616                 ...
#  16903.5048      0.3518  16903.6807     26.5615                 ...
#  16903.3890      0.1158  16903.4469     16.2289                 MAI
#
#  18    3  1610.795  15291.3541    150.450   0  0.0000    OH    1    0    1
  22    3  1552.677  15310.917    438.655   0  0.0000    OH    1    0    1
  27    3  1439.430  15348.871    951.263   0  0.0000    OH    1    0    1
#  43    3  1270.125  15405.1675    199.469   0  0.0000    OH    1    0    1
#  44    3  1263.581  15407.3323    234.618   0  0.0000    OH    1    0    1
  45    3  1251.320  15411.383    220.193   0  0.0000    OH    1    0    1
  57    3  1060.106  15474.2295    558.693   1  0.4500    OH    1    0    3
  71    3   838.703  15546.140   7655.277   1  0.5000    OH    1    0    3
#  78    3   764.093  15570.1678   4625.539   1  0.1800    OH    1    0    3
  86    3   678.357  15597.633   17168.529   1  0.3800    OH    1    0    3
#  88    3   631.364  15612.6338    246.789   0  0.0000    OH    1    0    1
#  89    3   627.270  15613.9383    240.099   0  0.0000    OH    1    0    1
# 135    3   204.859  15746.7760    126.103   0  0.0000    OH    1    0    1
# 136    3   188.643  15751.8062    191.139   0  0.0000    OH    1    0    1
# 143    2  2030.940  15861.8430    399.245   0  0.0000    OH    1    0    1
# 144    2  2026.752  15863.1115    395.757   0  0.0000    OH    1    0    1
# 145    2  2009.289  15868.3971   3665.081   0  0.0000    OH    1    0    1
# 146    2  2003.293  15870.2104   3742.169   0  0.0000    OH    1    0    1
# 148    2  1987.988  15874.8362    246.698   0  0.0000    OH    1    0    1
# 149    2  1983.207  15876.2801    136.657   0  0.0000    OH    1    0    1
# 163    2  1855.220  15914.7657    359.270   0  0.0000    OH    1    0    1
# 164    2  1847.518  15917.0712    360.244   0  0.0000    OH    1    0    1
# 167    2  1805.414  15929.6539    219.462   0  0.0000    OH    1    0    1
# 169    2  1788.225  15934.7804    224.154   0  0.0000    OH    1    0    1
#199    2  1371.830  16057.1497    246.986   0  0.0000    OH    1    0    1
#200    2  1362.487  16059.8550    205.415   0  0.0000    OH    1    0    1
#204    2  1314.023  16073.8601    222.332   0  0.0000    OH    1    0    1
# 223    2  1157.584  16118.7392    445.057   0  0.0000    OH    1    0    1
# 232    2  1013.707  16159.5713    903.235   0  0.0000    OH    1    0    1
# 240    2   884.917  16195.7598    167.674   0  0.0000    OH    1    0    1
# 269    2   449.649  16315.5105    551.965   1  0.4700    OH    1    0    3
# 271    2   359.481  16339.8210    236.758   0  0.0000    OH    1    0    1
# 272    2   352.213  16341.7731   2262.102   1  0.5700    OH    1    0    3
# 273    2   337.095  16345.8300    135.423   0  0.0000    OH    1    0    1
# 275    2   319.166  16350.6348   8054.923   0  0.0000    OH    1    0    1
# 276    2   314.280  16351.9432   7645.195   0  0.0000    OH    1    0    1
# 277    2   296.586  16356.6766    170.162   0  0.0000    OH    1    0    1
 279    2   282.702  16360.381    1428.827   1  0.3500    OH    1    0    3
# 280    2   269.804  16363.8287    384.315   0  0.0000    OH    1    0    1
# 281    2   265.801  16364.8964    373.681   0  0.0000    OH    1    0    1
# 282    2   250.235  16369.0450    221.875   0  0.0000    OH    1    0    1
# 283    2   236.878  16372.6007    167.687   0  0.0000    OH    1    0    1
# 286    1  2035.216  16475.6278   2365.504   0  0.0000    OH    1    0    1
# 287    1  2028.646  16477.3202   2393.720   0  0.0000    OH    1    0    1
 288    1  2021.895  16479.055    5408.885   0  0.0000    OH    1    0    1
# 299    1  1786.333  16539.0862    190.039   0  0.0000    OH    1    0    1
# 305    1  1599.666  16585.7993    467.405   0  0.0000    OH    1    0    1
# 306    1  1595.456  16586.8439    441.229   0  0.0000    OH    1    0    1
# 310    1  1501.797  16609.9866    749.701   0  0.0000    OH    1    0    1
# 311    1  1493.374  16612.0586    723.498   0  0.0000    OH    1    0    1
# 318    1  1175.295  16689.1569   1957.918   1  0.7212    OH    1    0    1
# 321    1  1121.273  16702.0292    547.945   0  0.0000    OH    1    0    1
# 322    1  1116.180  16703.2394    541.880   0  0.0000    OH    1    0    1
# 332    1   996.310  16731.5566   1881.075   0  0.0000    OH    1    0    1
# 333    1   988.493  16733.3921   1845.824   0  0.0000    OH    1    0    1
# 337    1   900.912  16753.8645    256.215   0  0.0000    OH    1    0    1
# 339    1   890.829  16756.2104    253.913   0  0.0000    OH    1    0    1
 341    1   866.339  16761.896    505.190   0  0.0000    OH    1    0    1
 342    1   851.936  16765.234    507.903   0  0.0000    OH    1    0    1
# 350    1   521.835  16840.4948   4251.013   1  0.3100    OH    1    0    3
