# ID  CHIPNUM  XPIX     WAVE   EMISSION   WIDTH  DOUBLET  DBL_WSEP  NAME USELSF USEWAVE
   1    1   205.808  16910.2443    111.749   0.305   0  0.0000    OH    1    0
   2    1   211.991  16908.9014    109.930   0.313   0  0.0000    OH    1    0
   3    1   219.219  16907.3302    128.554   0.350   0  0.0000    OH    1    0
   4    1   235.981  16903.6824  13269.742   0.373   0  0.0000    OH    1    1
   5    1   253.638  16899.8328     79.867   0.395   0  0.0000    OH    0    0
   6    1   294.538  16890.8887     82.755   0.294   0  0.0000    OH    0    0
   7    1   302.615  16889.1180    104.574   0.288   0  0.0000    OH    1    0
   8    1   358.741  16876.7725     70.892   0.306   0  0.0000    OH    0    0
   9    1   521.835  16840.4948   4251.013   0.347   0  0.0000    OH    1    1
  10    1   678.882  16804.9961    118.900   0.276   0  0.0000    OH    1    0
  11    1   702.043  16799.7139    113.479   0.282   0  0.0000    OH    1    0
  12    1   851.936  16765.2380    507.903   0.296   0  0.0000    OH    1    1
  13    1   866.339  16761.8987    505.190   0.298   0  0.0000    OH    1    1
  14    1   890.829  16756.2104    253.913   0.381   0  0.0000    OH    1    0
  15    1   900.912  16753.8645    256.215   0.361   0  0.0000    OH    1    0
  16    1   988.493  16733.3921   1845.824   0.364   0  0.0000    OH    1    1
  17    1   996.310  16731.5566   1881.075   0.303   0  0.0000    OH    1    1
  18    1  1022.433  16725.4127    199.228   0.280   0  0.0000    OH    1    0
  19    1  1029.038  16723.8569    201.224   0.484   0  0.0000    OH    0    0
  20    1  1049.938  16718.9275    172.372   0.307   1  0.8339    OH    0    0
  21    1  1053.546  16718.0755    152.686   0.276   1  0.8355    OH    0    0
  22    1  1079.019  16712.0523    100.976   0.383   0  0.0000    OH    1    0
  23    1  1090.843  16709.2514   6103.601   0.300   1  0.8128    OH    0    0
  24    1  1094.282  16708.4362   6063.906   0.295   1  0.8128    OH    0    0
  25    1  1116.180  16703.2394    541.880   0.310   0  0.0000    OH    1    1
  26    1  1121.273  16702.0292    547.945   0.300   0  0.0000    OH    1    1
  27    1  1161.790  16692.3810  31166.203   0.328   0  0.0000    OH    1    1
  28    1  1173.767  16689.5218   1957.918   0.343   1  0.7212    OH    0    0
  29    1  1176.823  16688.7920   1714.457   0.279   1  0.7212    OH    0    0
  30    1  1294.494  16660.5259     91.822   0.286   0  0.0000    OH    0    0
  31    1  1493.374  16612.0586    723.498   0.299   0  0.0000    OH    1    1
  32    1  1501.797  16609.9866    749.701   0.304   0  0.0000    OH    1    1
  33    1  1595.456  16586.8439    441.229   0.293   0  0.0000    OH    1    0
  34    1  1599.666  16585.7993    467.405   0.292   0  0.0000    OH    1    0
  35    1  1705.819  16559.3277    109.177   0.452   0  0.0000    OH    0    0
  36    1  1727.776  16553.8217   5136.018   0.318   0  0.0000    OH    1    1
  37    1  1770.388  16543.1061    141.330   0.302   0  0.0000    OH    1    0
  38    1  1786.333  16539.0862    190.039   0.327   0  0.0000    OH    1    0
  39    1  1819.733  16530.6480    160.390   0.323   0  0.0000    OH    1    0
  40    1  1830.000  16528.0492    164.800   0.343   0  0.0000    OH    1    0
  41    1  1930.986  16502.3666  14208.904   0.333   0  0.0000    OH    1    1
  42    1  2021.895  16479.0582   5408.885   0.302   0  0.0000    OH    1    1
  43    1  2028.646  16477.3202   2393.720   0.308   0  0.0000    OH    1    1
  44    1  2035.216  16475.6278   2365.504   0.314   0  0.0000    OH    1    1
  45    2    77.499  16414.7360   3519.238   0.323   0  0.0000    OH    1    1
  46    2    98.593  16409.1903    172.393   0.284   0  0.0000    OH    1    0
  47    2   144.277  16397.1475    105.481   0.443   0  0.0000    OH    0    0
  48    2   176.971  16388.5017   6229.950   0.406   0  0.0000    OH    0    1
  49    2   236.878  16372.6007    167.687   0.290   0  0.0000    OH    1    0
  50    2   250.235  16369.0450    221.875   0.286   0  0.0000    OH    1    0
  51    2   265.801  16364.8964    373.681   0.310   0  0.0000    OH    1    0
  52    2   269.804  16363.8287    384.315   0.266   0  0.0000    OH    1    0
  53    2   282.702  16360.3863   1428.827   0.362   0  0.0000    OH    1    1
  54    2   287.831  16359.0162    146.312   0.269   0  0.0000    OH    1    0
  55    2   296.586  16356.6766    170.162   0.292   0  0.0000    OH    1    0
  56    2   314.280  16351.9432   7645.195   0.321   0  0.0000    OH    1    1
  57    2   319.166  16350.6348   8054.923   0.289   0  0.0000    OH    1    1
  58    2   337.095  16345.8300    135.423   0.474   0  0.0000    OH    0    0
  59    2   352.213  16341.7731   2262.102   0.441   0  0.0000    OH    0    1
  60    2   359.481  16339.8210    236.758   0.302   0  0.0000    OH    1    0
  61    2   443.502  16317.1734   5676.306   0.384   0  0.0000    OH    1    1
  62    2   449.650  16315.5105    551.965   0.370   0  0.0000    OH    1    1
  63    2   476.886  16308.1335    484.417   0.341   1  0.7396    OH    0    0
  64    2   479.591  16307.4000    422.864   0.247   1  0.7449    OH    0    0
  65    2   498.041  16302.3930    707.329   0.543   0  0.0000    OH    0    1
  66    2   581.145  16279.7512    234.058   0.440   0  0.0000    OH    0    0
  67    2   615.650  16270.3076    557.049   0.423   0  0.0000    OH    0    1
  68    2   636.520  16264.5836     79.508   0.265   0  0.0000    OH    0    0
  69    2   655.225  16259.4458    123.909   0.279   0  0.0000    OH    1    0
  70    2   667.542  16256.0585     63.997   0.250   0  0.0000    OH    0    0
  71    2   680.011  16252.6263    225.235   0.458   0  0.0000    OH    0    0
  72    2   704.556  16245.8605    389.226   0.563   0  0.0000    OH    0    0
  73    2   740.849  16235.8335  15910.715   0.343   1  0.9731    OH    0    0
  74    2   744.800  16234.7403  15867.570   0.218   1  0.8318    OH    0    0
  75    2   762.633  16229.8018    312.914   0.732   1  0.8454    OH    0    0
  76    2   765.693  16228.9537    144.621   0.263   1  0.8466    OH    0    0
  77    2   781.188  16224.6564    135.770   0.406   0  0.0000    OH    0    0
  78    2   786.365  16223.2194    144.703   0.503   0  0.0000    OH    0    0
  79    2   793.724  16221.1759    442.883   0.392   0  0.0000    OH    1    0
  80    2   828.177  16211.5938    165.948   0.293   0  0.0000    OH    1    0
  81    2   839.182  16208.5281    218.458   0.310   0  0.0000    OH    1    0
  82    2   884.917  16195.7598    167.674   0.911   0  0.0000    OH    0    0
  83    2   888.969  16194.6264  12897.212   0.315   0  0.0000    OH    1    1
  84    2   971.419  16171.4915     66.679   0.420   0  0.0000    OH    0    0
  85    2  1013.707  16159.5713    903.235   0.334   0  0.0000    OH    1    1
  86    2  1122.849  16128.6361  33446.824   0.460   0  0.0000    OH    0    1
  87    2  1157.584  16118.7392    445.057   0.335   0  0.0000    OH    1    0
  88    2  1231.792  16097.5129    156.581   0.300   0  0.0000    OH    1    0
  89    2  1293.525  16079.7690  17385.740   0.322   0  0.0000    OH    1    1
  90    2  1314.023  16073.8601    222.332   0.347   0  0.0000    OH    1    0
  91    2  1340.940  16066.0877     98.977   0.288   0  0.0000    OH    0    0
  92    2  1362.487  16059.8550    205.415   0.296   0  0.0000    OH    1    0
  93    2  1371.830  16057.1497    246.986   0.306   0  0.0000    OH    1    0
  94    2  1420.467  16043.0377    157.789   0.466   0  0.0000    OH    0    0
  95    2  1426.542  16041.2714    186.902   0.302   0  0.0000    OH    1    0
  96    2  1462.344  16030.8482  40972.051   0.372   0  0.0000    OH    1    1
  97    2  1642.806  15977.9138     51.226   0.265   0  0.0000    OH    0    0
  98    2  1660.765  15972.6102  13617.156   0.346   0  0.0000    OH    1    1
  99    2  1666.580  15970.8913     72.935   0.535   0  0.0000    OH    0    0
 100    2  1788.225  15934.7804    224.154   0.290   0  0.0000    OH    1    0
 101    2  1805.414  15929.6539    219.462   0.295   0  0.0000    OH    1    0
 102    2  1821.088  15924.9740    111.894   0.287   0  0.0000    OH    1    0
 103    2  1847.518  15917.0712    360.244   0.295   0  0.0000    OH    1    0
 104    2  1855.220  15914.7657    359.270   0.301   0  0.0000    OH    1    0
 105    2  1897.589  15902.0616    156.363   0.288   0  0.0000    OH    1    0
 106    2  1907.993  15898.9365    885.802   0.269   0  0.0000    OH    1    1
 107    2  1911.825  15897.7850    273.126   0.955   0  0.0000    OH    0    0
 108    2  1918.692  15895.7206    970.555   0.359   0  0.0000    OH    1    1
 109    2  1930.623  15892.1317     70.613   0.347   0  0.0000    OH    0    0
 110    2  1936.087  15890.4870    145.678   0.366   0  0.0000    OH    1    0
 111    2  1939.728  15889.3908    203.267   0.316   0  0.0000    OH    1    0
 112    2  1983.207  15876.2801    136.657   0.364   0  0.0000    OH    1    0
 113    2  1987.988  15874.8362    246.698   0.306   0  0.0000    OH    1    0
 114    2  1995.919  15872.4397     81.919   0.912   0  0.0000    OH    0    0
 115    2  2003.293  15870.2104   3742.169   0.327   0  0.0000    OH    1    1
 116    2  2009.289  15868.3971   3665.081   0.338   0  0.0000    OH    1    1
 117    2  2026.752  15863.1115    395.757   0.341   0  0.0000    OH    1    0
 118    2  2030.940  15861.8430    399.245   0.311   0  0.0000    OH    1    0
 119    3     5.515  15808.2509    694.849   0.503   0  0.0000    OH    0    0
 120    3    21.417  15803.3759    317.875   0.774   0  0.0000    OH    0    0
 121    3    53.369  15793.5649    203.707   0.298   0  0.0000    OH    1    0
 122    3    87.366  15783.1040    831.543   0.315   0  0.0000    OH    1    1
 123    3    93.654  15781.1669    875.387   0.319   0  0.0000    OH    1    1
 124    3    98.936  15779.5388    217.494   0.310   0  0.0000    OH    1    0
 125    3   114.731  15774.6674    108.771   0.251   0  0.0000    OH    1    0
 126    3   137.385  15767.6719     91.282   0.281   0  0.0000    OH    0    0
 127    3   144.046  15765.6130    191.568   0.331   0  0.0000    OH    1    0
 128    3   159.694  15760.7729    628.116   0.332   1  0.9682    OH    0    0
 129    3   162.826  15759.8038    545.201   0.278   1  0.9682    OH    0    0
 130    3   188.643  15751.8062    191.139   0.269   0  0.0000    OH    1    0
 131    3   204.859  15746.7760    126.103   0.285   0  0.0000    OH    1    0
 132    3   228.443  15739.4514    103.802   0.282   0  0.0000    OH    1    0
 133    3   232.752  15738.1119    136.651   0.280   0  0.0000    OH    1    0
 134    3   243.617  15734.7331     91.896   0.265   0  0.0000    OH    0    0
 135    3   249.029  15733.0489     97.565   0.266   0  0.0000    OH    0    0
 136    3   255.608  15731.0011    133.901   0.270   0  0.0000    OH    1    0
 137    3   275.223  15724.8902    210.777   0.600   0  0.0000    OH    0    0
 138    3   286.435  15721.3940     91.820   0.270   0  0.0000    OH    0    0
 139    3   318.270  15711.4533    104.050   0.307   0  0.0000    OH    1    0
 140    3   346.768  15702.5377   7979.360   0.328   0  0.0000    OH    1    1
 141    3   353.243  15700.5097     80.632   0.572   0  0.0000    OH    0    0
 142    3   359.892  15698.4266    111.938   0.574   0  0.0000    OH    0    0
 143    3   406.355  15683.8446     90.766   0.290   0  0.0000    OH    0    0
 144    3   489.171  15657.7493   2741.411   0.332   0  0.0000    OH    1    1
 145    3   497.962  15654.9717  23071.609   0.353   0  0.0000    OH    1    1
 146    3   542.725  15640.8037    158.576   0.362   0  0.0000    OH    1    0
 147    3   571.983  15631.5221   9603.476   0.366   0  0.0000    OH    1    1
 148    3   627.270  15613.9383    240.099   0.289   0  0.0000    OH    1    0
 149    3   631.364  15612.6338    246.789   0.289   0  0.0000    OH    1    0
 150    3   678.357  15597.6376  17168.529   0.366   0  0.0000    OH    1    1
 151    3   730.482  15580.9536    274.415   0.284   0  0.0000    OH    1    0
 152    3   744.902  15576.3289     99.478   0.257   0  0.0000    OH    0    0
 153    3   755.212  15573.0201    123.423   0.302   0  0.0000    OH    1    0
 154    3   764.093  15570.1678   4625.539   0.312   0  0.0000    OH    1    1
 155    3   788.789  15562.2292    124.198   0.308   0  0.0000    OH    1    0
 156    3   792.510  15561.0320    119.860   0.314   0  0.0000    OH    1    0
 157    3   838.703  15546.1479   7655.277   0.403   0  0.0000    OH    0    1
 158    3   851.139  15542.1337    421.499   0.777   0  0.0000    OH    0    0
 159    3   854.798  15540.9521   7930.474   0.305   0  0.0000    OH    1    1
 160    3   858.660  15539.7046   8152.650   0.289   0  0.0000    OH    1    1
 161    3   926.336  15517.7986   1609.063   0.421   0  0.0000    OH    0    1
 162    3   951.008  15509.7906   5895.010   0.384   0  0.0000    OH    1    1
 163    3   978.439  15500.8735   2634.724   0.430   0  0.0000    OH    0    1
 164    3  1016.409  15488.5067    637.566   0.491   0  0.0000    OH    0    1
 165    3  1060.106  15474.2407    558.693   0.388   0  0.0000    OH    1    1
 166    3  1078.549  15468.2085    192.075   0.323   0  0.0000    OH    1    0
 167    3  1097.088  15462.1385    795.383   0.454   0  0.0000    OH    0    1
 168    3  1168.166  15438.8052    260.105   0.433   0  0.0000    OH    0    0
 169    3  1187.002  15432.6058  15995.818   0.318   1  0.9260    OH    0    0
 170    3  1189.798  15431.6852  16426.947   0.290   1  0.9271    OH    0    0
 171    3  1205.272  15426.5863    100.935   0.346   0  0.0000    OH    1    0
 172    3  1214.119  15423.6692    110.366   0.312   0  0.0000    OH    1    0
 173    3  1251.320  15411.3863    220.193   0.388   0  0.0000    OH    1    0
 174    3  1263.581  15407.3323    234.618   0.357   0  0.0000    OH    1    0
 175    3  1270.125  15405.1675    199.469   0.469   0  0.0000    OH    0    0
 176    3  1299.817  15395.3348  12633.306   0.310   0  0.0000    OH    1    1
 177    3  1310.950  15391.6437    138.923   0.495   0  0.0000    OH    0    0
 178    3  1321.004  15388.3081    195.850   0.754   0  0.0000    OH    0    0
 179    3  1324.646  15387.0995    110.646   0.377   0  0.0000    OH    1    0
 180    3  1346.942  15379.6944    120.736   0.354   0  0.0000    OH    0    0
 181    3  1350.767  15378.4234    123.208   0.519   0  0.0000    OH    0    0
 182    3  1355.967  15376.6945    400.492   0.480   0  0.0000    OH    0    0
 183    3  1360.319  15375.2474    132.997   0.516   0  0.0000    OH    0    0
 184    3  1366.964  15373.0367    210.494   0.376   0  0.0000    OH    1    0
 185    3  1439.430  15348.8775    951.263   0.316   0  0.0000    OH    1    1
 186    3  1488.665  15332.4069  30819.830   0.441   0  0.0000    OH    0    1
 187    3  1552.677  15310.9246    438.655   0.306   0  0.0000    OH    1    0
 188    3  1610.795  15291.3541    150.450   0.323   0  0.0000    OH    1    0
 189    3  1621.346  15287.7944  15275.803   0.300   0  0.0000    OH    1    1
 190    3  1628.373  15285.4227     92.072   1.000   0  0.0000    OH    0    0
 191    3  1636.491  15282.6812    115.440   0.324   0  0.0000    OH    1    0
 192    3  1677.700  15268.7467     75.480   0.274   0  0.0000    OH    0    0
 193    3  1759.594  15240.9612  34136.199   0.349   0  0.0000    OH    1    1
 194    3  1917.176  15187.1453   9811.298   0.328   0  0.0000    OH    1    1
 195    3  2019.093  15152.0955    109.430   0.331   0  0.0000    OH    1    0
 196    3  2025.392  15149.9230    121.725   0.293   0  0.0000    OH    1    0
 197    3  2031.020  15147.9816    130.079   0.294   0  0.0000    OH    1    0
