15006.737 
15025.143 
15026.969 
15052.866 
15055.550 
15063.998 
15068.968 
15082.254 
15088.276 
15107.382 
15113.725 
15187.140 
15240.954 
15287.789 
15332.402 
15395.334 
15430.163 
15432.156 
15462.125 
15474.212 
15500.864 
15509.769 
15517.872 
15539.711 
15540.945 
15546.141 
15570.159 
15597.631 
15631.443 
15654.953 
15656.178 
15657.749 
15702.539 
15759.826 
15760.830 
15781.163 
15783.090 
15830.335 
15833.272 
15842.503 
15848.061 
15862.489 
15869.307 
15890.033 
15897.211 
15932.210 
15972.596 
16030.831 
16079.753 
16128.608 
16194.615 
16235.376 
16270.318 
16279.727 
16302.278 
16317.161 
16341.755 
16350.650 
16351.954 
16360.385 
16388.492 
16414.737 
16442.155 
16447.616 
16475.648 
16477.318 
16479.061 
16502.365 
16553.814 
16586.322 
16609.994 
16612.053 
16689.201 
16692.380 
16702.639 
16708.852 
16724.739 
16732.479 
16733.659 
16755.155 
16763.572 
16802.368 
16840.481 
16903.679 
16955.078 
