;
; APOGEE Detector Map
; -------------------
;
; Derived from File: 400mm FINAL 12-9-08 tol with JCW tol rectangular footprint - optimized at 110K - tol TI3 GJF - john addns.ZMX
; Calculated FRI MAY 29 2009
;
; x (spatial), y (spectral) are spot centroid positions in the focal plane
; positions are relative to the zemax origin at the focal plane
; rms is rms spot radius relative to centroid
;
; Field 1: Top Fiber
; Field 2:
; Field 3: Middle Fiber
; Field 4:
; Field 5: Bottom Fiber
;
; Number of Detectors = 3
; Detector Active Area = 2040 pix
; Detector Pixel Size = 18 micron
; Min Gap between adjacent detector active areas = 2.788 mm
; (May be slightly different for UA mount, but this number is close)
; We desire 10 pix (0.18 micron) engineering slop between edge of detector
; and start of coverage on extreme blue and extreme red edges of wavelength coverage
;
; Blue Wavelengths
; Wavelength (um), Field, x (mm), y (mm), rms (mm)
1.5000, 1.0000, -18.0017, 39.4695, 0.0116
1.5000, 2.0000, -8.9976, 39.4477, 0.0092
1.5000, 3.0000, -0.0000, 39.4404, 0.0085
1.5000, 4.0000, 8.9976, 39.4477, 0.0092
1.5000, 5.0000, 18.0017, 39.4695, 0.0116
1.5010, 1.0000, -18.0011, 38.9603, 0.0112
1.5010, 2.0000, -8.9973, 38.9386, 0.0089
1.5010, 3.0000, -0.0000, 38.9314, 0.0081
1.5010, 4.0000, 8.9973, 38.9386, 0.0089
1.5010, 5.0000, 18.0011, 38.9603, 0.0112
1.5020, 1.0000, -18.0005, 38.4503, 0.0108
1.5020, 2.0000, -8.9970, 38.4288, 0.0085
1.5020, 3.0000, -0.0000, 38.4216, 0.0078
1.5020, 4.0000, 8.9970, 38.4288, 0.0085
1.5020, 5.0000, 18.0005, 38.4503, 0.0108
1.5030, 1.0000, -18.0000, 37.9396, 0.0104
1.5030, 2.0000, -8.9967, 37.9182, 0.0082
1.5030, 3.0000, -0.0000, 37.9111, 0.0074
1.5030, 4.0000, 8.9967, 37.9182, 0.0082
1.5030, 5.0000, 18.0000, 37.9396, 0.0104
1.5040, 1.0000, -17.9994, 37.4281, 0.0101
1.5040, 2.0000, -8.9965, 37.4069, 0.0078
1.5040, 3.0000, -0.0000, 37.3998, 0.0071
1.5040, 4.0000, 8.9965, 37.4069, 0.0078
1.5040, 5.0000, 17.9994, 37.4281, 0.0101
1.5050, 1.0000, -17.9989, 36.9159, 0.0098
1.5050, 2.0000, -8.9962, 36.8948, 0.0075
1.5050, 3.0000, -0.0000, 36.8877, 0.0068
1.5050, 4.0000, 8.9962, 36.8948, 0.0075
1.5050, 5.0000, 17.9989, 36.9159, 0.0098
1.5060, 1.0000, -17.9984, 36.4029, 0.0094
1.5060, 2.0000, -8.9960, 36.3820, 0.0072
1.5060, 3.0000, -0.0000, 36.3749, 0.0065
1.5060, 4.0000, 8.9960, 36.3820, 0.0072
1.5060, 5.0000, 17.9984, 36.4029, 0.0094
1.5070, 1.0000, -17.9979, 35.8892, 0.0091
1.5070, 2.0000, -8.9957, 35.8684, 0.0069
1.5070, 3.0000, -0.0000, 35.8614, 0.0062
1.5070, 4.0000, 8.9957, 35.8684, 0.0069
1.5070, 5.0000, 17.9979, 35.8892, 0.0091
1.5080, 1.0000, -17.9974, 35.3747, 0.0088
1.5080, 2.0000, -8.9955, 35.3540, 0.0067
1.5080, 3.0000, -0.0000, 35.3470, 0.0060
1.5080, 4.0000, 8.9955, 35.3540, 0.0067
1.5080, 5.0000, 17.9974, 35.3747, 0.0088
1.5090, 1.0000, -17.9969, 34.8594, 0.0085
1.5090, 2.0000, -8.9952, 34.8388, 0.0064
1.5090, 3.0000, -0.0000, 34.8319, 0.0057
1.5090, 4.0000, 8.9952, 34.8388, 0.0064
1.5090, 5.0000, 17.9969, 34.8594, 0.0085
1.5100, 1.0000, -17.9964, 34.3433, 0.0083
1.5100, 2.0000, -8.9950, 34.3229, 0.0062
1.5100, 3.0000, -0.0000, 34.3160, 0.0055
1.5100, 4.0000, 8.9950, 34.3229, 0.0062
1.5100, 5.0000, 17.9964, 34.3433, 0.0083
1.5110, 1.0000, -17.9959, 33.8265, 0.0080
1.5110, 2.0000, -8.9948, 33.8062, 0.0059
1.5110, 3.0000, -0.0000, 33.7994, 0.0053
1.5110, 4.0000, 8.9948, 33.8062, 0.0059
1.5110, 5.0000, 17.9959, 33.8265, 0.0080
1.5120, 1.0000, -17.9955, 33.3089, 0.0078
1.5120, 2.0000, -8.9945, 33.2887, 0.0057
1.5120, 3.0000, -0.0000, 33.2819, 0.0051
1.5120, 4.0000, 8.9945, 33.2887, 0.0057
1.5120, 5.0000, 17.9955, 33.3089, 0.0078
1.5130, 1.0000, -17.9950, 32.7904, 0.0075
1.5130, 2.0000, -8.9943, 32.7704, 0.0056
1.5130, 3.0000, -0.0000, 32.7637, 0.0050
1.5130, 4.0000, 8.9943, 32.7704, 0.0056
1.5130, 5.0000, 17.9950, 32.7904, 0.0075
1.5140, 1.0000, -17.9946, 32.2712, 0.0073
1.5140, 2.0000, -8.9941, 32.2513, 0.0054
1.5140, 3.0000, -0.0000, 32.2446, 0.0048
1.5140, 4.0000, 8.9941, 32.2513, 0.0054
1.5140, 5.0000, 17.9946, 32.2712, 0.0073
1.5150, 1.0000, -17.9941, 31.7512, 0.0071
1.5150, 2.0000, -8.9939, 31.7314, 0.0052
1.5150, 3.0000, -0.0000, 31.7248, 0.0047
1.5150, 4.0000, 8.9939, 31.7314, 0.0052
1.5150, 5.0000, 17.9941, 31.7512, 0.0071
1.5160, 1.0000, -17.9937, 31.2304, 0.0069
1.5160, 2.0000, -8.9937, 31.2107, 0.0051
1.5160, 3.0000, -0.0000, 31.2041, 0.0046
1.5160, 4.0000, 8.9937, 31.2107, 0.0051
1.5160, 5.0000, 17.9937, 31.2304, 0.0069
1.5170, 1.0000, -17.9933, 30.7087, 0.0067
1.5170, 2.0000, -8.9935, 30.6892, 0.0050
1.5170, 3.0000, -0.0000, 30.6827, 0.0045
1.5170, 4.0000, 8.9935, 30.6892, 0.0050
1.5170, 5.0000, 17.9933, 30.7087, 0.0067
1.5180, 1.0000, -17.9929, 30.1863, 0.0065
1.5180, 2.0000, -8.9933, 30.1669, 0.0049
1.5180, 3.0000, -0.0000, 30.1604, 0.0045
1.5180, 4.0000, 8.9933, 30.1669, 0.0049
1.5180, 5.0000, 17.9929, 30.1863, 0.0065
1.5190, 1.0000, -17.9925, 29.6630, 0.0064
1.5190, 2.0000, -8.9931, 29.6438, 0.0048
1.5190, 3.0000, -0.0000, 29.6373, 0.0044
1.5190, 4.0000, 8.9931, 29.6438, 0.0048
1.5190, 5.0000, 17.9925, 29.6630, 0.0064
1.5200, 1.0000, -17.9922, 29.1389, 0.0062
1.5200, 2.0000, -8.9930, 29.1198, 0.0047
1.5200, 3.0000, -0.0000, 29.1134, 0.0044
1.5200, 4.0000, 8.9930, 29.1198, 0.0047
1.5200, 5.0000, 17.9922, 29.1389, 0.0062
1.5210, 1.0000, -17.9918, 28.6140, 0.0061
1.5210, 2.0000, -8.9928, 28.5950, 0.0047
1.5210, 3.0000, -0.0000, 28.5886, 0.0044
1.5210, 4.0000, 8.9928, 28.5950, 0.0047
1.5210, 5.0000, 17.9918, 28.6140, 0.0061
1.5220, 1.0000, -17.9915, 28.0882, 0.0060
1.5220, 2.0000, -8.9926, 28.0694, 0.0046
1.5220, 3.0000, -0.0000, 28.0631, 0.0043
1.5220, 4.0000, 8.9926, 28.0694, 0.0046
1.5220, 5.0000, 17.9915, 28.0882, 0.0060
1.5230, 1.0000, -17.9911, 27.5617, 0.0059
1.5230, 2.0000, -8.9924, 27.5429, 0.0046
1.5230, 3.0000, -0.0000, 27.5366, 0.0044
1.5230, 4.0000, 8.9924, 27.5429, 0.0046
1.5230, 5.0000, 17.9911, 27.5617, 0.0059
1.5240, 1.0000, -17.9908, 27.0342, 0.0058
1.5240, 2.0000, -8.9923, 27.0156, 0.0045
1.5240, 3.0000, -0.0000, 27.0094, 0.0044
1.5240, 4.0000, 8.9923, 27.0156, 0.0045
1.5240, 5.0000, 17.9908, 27.0342, 0.0058
1.5250, 1.0000, -17.9905, 26.5059, 0.0057
1.5250, 2.0000, -8.9921, 26.4875, 0.0045
1.5250, 3.0000, -0.0000, 26.4813, 0.0044
1.5250, 4.0000, 8.9921, 26.4875, 0.0045
1.5250, 5.0000, 17.9905, 26.5059, 0.0057
1.5260, 1.0000, -17.9902, 25.9768, 0.0056
1.5260, 2.0000, -8.9920, 25.9585, 0.0045
1.5260, 3.0000, -0.0000, 25.9523, 0.0044
1.5260, 4.0000, 8.9920, 25.9585, 0.0045
1.5260, 5.0000, 17.9902, 25.9768, 0.0056
1.5270, 1.0000, -17.9899, 25.4468, 0.0055
1.5270, 2.0000, -8.9918, 25.4286, 0.0045
1.5270, 3.0000, -0.0000, 25.4225, 0.0045
1.5270, 4.0000, 8.9918, 25.4286, 0.0045
1.5270, 5.0000, 17.9899, 25.4468, 0.0055
1.5280, 1.0000, -17.9896, 24.9159, 0.0055
1.5280, 2.0000, -8.9917, 24.8979, 0.0045
1.5280, 3.0000, -0.0000, 24.8918, 0.0045
1.5280, 4.0000, 8.9917, 24.8979, 0.0045
1.5280, 5.0000, 17.9896, 24.9159, 0.0055
1.5290, 1.0000, -17.9893, 24.3842, 0.0054
1.5290, 2.0000, -8.9916, 24.3663, 0.0046
1.5290, 3.0000, -0.0000, 24.3603, 0.0045
1.5290, 4.0000, 8.9916, 24.3663, 0.0046
1.5290, 5.0000, 17.9893, 24.3842, 0.0054
1.5300, 1.0000, -17.9890, 23.8516, 0.0054
1.5300, 2.0000, -8.9914, 23.8338, 0.0046
1.5300, 3.0000, -0.0000, 23.8278, 0.0046
1.5300, 4.0000, 8.9914, 23.8338, 0.0046
1.5300, 5.0000, 17.9890, 23.8516, 0.0054
1.5310, 1.0000, -17.9888, 23.3181, 0.0053
1.5310, 2.0000, -8.9913, 23.3005, 0.0046
1.5310, 3.0000, -0.0000, 23.2945, 0.0046
1.5310, 4.0000, 8.9913, 23.3005, 0.0046
1.5310, 5.0000, 17.9888, 23.3181, 0.0053
1.5320, 1.0000, -17.9885, 22.7837, 0.0053
1.5320, 2.0000, -8.9912, 22.7662, 0.0046
1.5320, 3.0000, -0.0000, 22.7603, 0.0047
1.5320, 4.0000, 8.9912, 22.7662, 0.0046
1.5320, 5.0000, 17.9885, 22.7837, 0.0053
1.5330, 1.0000, -17.9883, 22.2485, 0.0053
1.5330, 2.0000, -8.9911, 22.2311, 0.0047
1.5330, 3.0000, -0.0000, 22.2253, 0.0047
1.5330, 4.0000, 8.9911, 22.2311, 0.0047
1.5330, 5.0000, 17.9883, 22.2485, 0.0053
1.5340, 1.0000, -17.9881, 21.7123, 0.0052
1.5340, 2.0000, -8.9910, 21.6951, 0.0047
1.5340, 3.0000, -0.0000, 21.6893, 0.0048
1.5340, 4.0000, 8.9910, 21.6951, 0.0047
1.5340, 5.0000, 17.9881, 21.7123, 0.0052
1.5350, 1.0000, -17.9879, 21.1753, 0.0052
1.5350, 2.0000, -8.9909, 21.1582, 0.0047
1.5350, 3.0000, -0.0000, 21.1524, 0.0048
1.5350, 4.0000, 8.9909, 21.1582, 0.0047
1.5350, 5.0000, 17.9879, 21.1753, 0.0052
1.5360, 1.0000, -17.9877, 20.6373, 0.0052
1.5360, 2.0000, -8.9908, 20.6204, 0.0048
1.5360, 3.0000, 0.0000, 20.6146, 0.0049
1.5360, 4.0000, 8.9908, 20.6204, 0.0048
1.5360, 5.0000, 17.9877, 20.6373, 0.0052
1.5370, 1.0000, -17.9875, 20.0984, 0.0052
1.5370, 2.0000, -8.9907, 20.0816, 0.0048
1.5370, 3.0000, 0.0000, 20.0759, 0.0049
1.5370, 4.0000, 8.9907, 20.0816, 0.0048
1.5370, 5.0000, 17.9875, 20.0984, 0.0052
1.5380, 1.0000, -17.9873, 19.5587, 0.0052
1.5380, 2.0000, -8.9906, 19.5420, 0.0048
1.5380, 3.0000, 0.0000, 19.5363, 0.0050
1.5380, 4.0000, 8.9906, 19.5420, 0.0048
1.5380, 5.0000, 17.9873, 19.5587, 0.0052
1.5390, 1.0000, -17.9871, 19.0179, 0.0052
1.5390, 2.0000, -8.9905, 19.0014, 0.0048
1.5390, 3.0000, 0.0000, 18.9958, 0.0050
1.5390, 4.0000, 8.9905, 19.0014, 0.0048
1.5390, 5.0000, 17.9871, 19.0179, 0.0052
1.5400, 1.0000, -17.9870, 18.4763, 0.0052
1.5400, 2.0000, -8.9905, 18.4599, 0.0049
1.5400, 3.0000, 0.0000, 18.4543, 0.0050
1.5400, 4.0000, 8.9905, 18.4599, 0.0049
1.5400, 5.0000, 17.9870, 18.4763, 0.0052
1.5410, 1.0000, -17.9868, 17.9337, 0.0052
1.5410, 2.0000, -8.9904, 17.9174, 0.0049
1.5410, 3.0000, 0.0000, 17.9119, 0.0051
1.5410, 4.0000, 8.9904, 17.9174, 0.0049
1.5410, 5.0000, 17.9868, 17.9337, 0.0052
1.5420, 1.0000, -17.9867, 17.3902, 0.0052
1.5420, 2.0000, -8.9903, 17.3741, 0.0049
1.5420, 3.0000, 0.0000, 17.3686, 0.0051
1.5420, 4.0000, 8.9903, 17.3741, 0.0049
1.5420, 5.0000, 17.9867, 17.3902, 0.0052
1.5430, 1.0000, -17.9866, 16.8457, 0.0052
1.5430, 2.0000, -8.9903, 16.8297, 0.0049
1.5430, 3.0000, 0.0000, 16.8243, 0.0051
1.5430, 4.0000, 8.9903, 16.8297, 0.0049
1.5430, 5.0000, 17.9866, 16.8457, 0.0052
1.5440, 1.0000, -17.9865, 16.3003, 0.0052
1.5440, 2.0000, -8.9902, 16.2845, 0.0050
1.5440, 3.0000, 0.0000, 16.2791, 0.0052
1.5440, 4.0000, 8.9902, 16.2845, 0.0050
1.5440, 5.0000, 17.9865, 16.3003, 0.0052
1.5450, 1.0000, -17.9864, 15.7539, 0.0052
1.5450, 2.0000, -8.9902, 15.7382, 0.0050
1.5450, 3.0000, 0.0000, 15.7329, 0.0052
1.5450, 4.0000, 8.9902, 15.7382, 0.0050
1.5450, 5.0000, 17.9864, 15.7539, 0.0052
1.5460, 1.0000, -17.9863, 15.2066, 0.0052
1.5460, 2.0000, -8.9901, 15.1910, 0.0050
1.5460, 3.0000, 0.0000, 15.1858, 0.0052
1.5460, 4.0000, 8.9901, 15.1910, 0.0050
1.5460, 5.0000, 17.9863, 15.2066, 0.0052
1.5470, 1.0000, -17.9862, 14.6583, 0.0052
1.5470, 2.0000, -8.9901, 14.6429, 0.0050
1.5470, 3.0000, 0.0000, 14.6376, 0.0052
1.5470, 4.0000, 8.9901, 14.6429, 0.0050
1.5470, 5.0000, 17.9862, 14.6583, 0.0052
1.5480, 1.0000, -17.9862, 14.1090, 0.0052
1.5480, 2.0000, -8.9901, 14.0937, 0.0050
1.5480, 3.0000, 0.0000, 14.0885, 0.0052
1.5480, 4.0000, 8.9901, 14.0937, 0.0050
1.5480, 5.0000, 17.9862, 14.1090, 0.0052
1.5490, 1.0000, -17.9861, 13.5587, 0.0052
1.5490, 2.0000, -8.9901, 13.5436, 0.0050
1.5490, 3.0000, 0.0000, 13.5384, 0.0052
1.5490, 4.0000, 8.9901, 13.5436, 0.0050
1.5490, 5.0000, 17.9861, 13.5587, 0.0052
1.5500, 1.0000, -17.9861, 13.0075, 0.0052
1.5500, 2.0000, -8.9900, 12.9925, 0.0050
1.5500, 3.0000, 0.0000, 12.9874, 0.0052
1.5500, 4.0000, 8.9900, 12.9925, 0.0050
1.5500, 5.0000, 17.9861, 13.0075, 0.0052
1.5510, 1.0000, -17.9861, 12.4552, 0.0053
1.5510, 2.0000, -8.9900, 12.4404, 0.0050
1.5510, 3.0000, 0.0000, 12.4353, 0.0052
1.5510, 4.0000, 8.9900, 12.4404, 0.0050
1.5510, 5.0000, 17.9861, 12.4552, 0.0053
1.5520, 1.0000, -17.9860, 11.9020, 0.0053
1.5520, 2.0000, -8.9900, 11.8872, 0.0050
1.5520, 3.0000, 0.0000, 11.8823, 0.0052
1.5520, 4.0000, 8.9900, 11.8872, 0.0050
1.5520, 5.0000, 17.9860, 11.9020, 0.0053
1.5530, 1.0000, -17.9860, 11.3477, 0.0053
1.5530, 2.0000, -8.9900, 11.3331, 0.0050
1.5530, 3.0000, 0.0000, 11.3282, 0.0052
1.5530, 4.0000, 8.9900, 11.3331, 0.0050
1.5530, 5.0000, 17.9860, 11.3477, 0.0053
1.5540, 1.0000, -17.9860, 10.7924, 0.0053
1.5540, 2.0000, -8.9900, 10.7780, 0.0050
1.5540, 3.0000, 0.0000, 10.7731, 0.0052
1.5540, 4.0000, 8.9900, 10.7780, 0.0050
1.5540, 5.0000, 17.9860, 10.7924, 0.0053
1.5550, 1.0000, -17.9861, 10.2361, 0.0054
1.5550, 2.0000, -8.9900, 10.2218, 0.0050
1.5550, 3.0000, 0.0000, 10.2170, 0.0052
1.5550, 4.0000, 8.9900, 10.2218, 0.0050
1.5550, 5.0000, 17.9861, 10.2361, 0.0054
1.5560, 1.0000, -17.9861, 9.6788, 0.0054
1.5560, 2.0000, -8.9901, 9.6647, 0.0050
1.5560, 3.0000, 0.0000, 9.6599, 0.0052
1.5560, 4.0000, 8.9901, 9.6647, 0.0050
1.5560, 5.0000, 17.9861, 9.6788, 0.0054
1.5570, 1.0000, -17.9861, 9.1204, 0.0054
1.5570, 2.0000, -8.9901, 9.1065, 0.0050
1.5570, 3.0000, 0.0000, 9.1017, 0.0051
1.5570, 4.0000, 8.9901, 9.1065, 0.0050
1.5570, 5.0000, 17.9861, 9.1204, 0.0054
1.5580, 1.0000, -17.9862, 8.5610, 0.0055
1.5580, 2.0000, -8.9901, 8.5472, 0.0050
1.5580, 3.0000, 0.0000, 8.5425, 0.0051
1.5580, 4.0000, 8.9901, 8.5472, 0.0050
1.5580, 5.0000, 17.9862, 8.5610, 0.0055
1.5590, 1.0000, -17.9863, 8.0006, 0.0055
1.5590, 2.0000, -8.9902, 7.9869, 0.0050
1.5590, 3.0000, 0.0000, 7.9822, 0.0051
1.5590, 4.0000, 8.9902, 7.9869, 0.0050
1.5590, 5.0000, 17.9863, 8.0006, 0.0055
1.5600, 1.0000, -17.9863, 7.4391, 0.0056
1.5600, 2.0000, -8.9902, 7.4255, 0.0050
1.5600, 3.0000, 0.0000, 7.4209, 0.0051
1.5600, 4.0000, 8.9902, 7.4255, 0.0050
1.5600, 5.0000, 17.9863, 7.4391, 0.0056
1.5610, 1.0000, -17.9864, 6.8765, 0.0056
1.5610, 2.0000, -8.9902, 6.8631, 0.0050
1.5610, 3.0000, -0.0000, 6.8586, 0.0051
1.5610, 4.0000, 8.9902, 6.8631, 0.0050
1.5610, 5.0000, 17.9864, 6.8765, 0.0056
1.5620, 1.0000, -17.9865, 6.3129, 0.0057
1.5620, 2.0000, -8.9903, 6.2996, 0.0050
1.5620, 3.0000, -0.0000, 6.2951, 0.0051
1.5620, 4.0000, 8.9903, 6.2996, 0.0050
1.5620, 5.0000, 17.9865, 6.3129, 0.0057
1.5630, 1.0000, -17.9867, 5.7482, 0.0058
1.5630, 2.0000, -8.9904, 5.7351, 0.0050
1.5630, 3.0000, -0.0000, 5.7306, 0.0051
1.5630, 4.0000, 8.9904, 5.7351, 0.0050
1.5630, 5.0000, 17.9867, 5.7482, 0.0058
1.5640, 1.0000, -17.9868, 5.1824, 0.0058
1.5640, 2.0000, -8.9904, 5.1694, 0.0051
1.5640, 3.0000, -0.0000, 5.1650, 0.0051
1.5640, 4.0000, 8.9904, 5.1694, 0.0051
1.5640, 5.0000, 17.9868, 5.1824, 0.0058
1.5650, 1.0000, -17.9869, 4.6155, 0.0059
1.5650, 2.0000, -8.9905, 4.6027, 0.0051
1.5650, 3.0000, -0.0000, 4.5983, 0.0051
1.5650, 4.0000, 8.9905, 4.6027, 0.0051
1.5650, 5.0000, 17.9869, 4.6155, 0.0059
1.5660, 1.0000, -17.9871, 4.0475, 0.0060
1.5660, 2.0000, -8.9906, 4.0349, 0.0051
1.5660, 3.0000, -0.0000, 4.0306, 0.0051
1.5660, 4.0000, 8.9906, 4.0349, 0.0051
1.5660, 5.0000, 17.9871, 4.0475, 0.0060
1.5670, 1.0000, -17.9873, 3.4784, 0.0061
1.5670, 2.0000, -8.9907, 3.4659, 0.0052
1.5670, 3.0000, -0.0000, 3.4617, 0.0051
1.5670, 4.0000, 8.9907, 3.4659, 0.0052
1.5670, 5.0000, 17.9873, 3.4784, 0.0061
1.5680, 1.0000, -17.9875, 2.9082, 0.0062
1.5680, 2.0000, -8.9908, 2.8959, 0.0052
1.5680, 3.0000, -0.0000, 2.8917, 0.0051
1.5680, 4.0000, 8.9908, 2.8959, 0.0052
1.5680, 5.0000, 17.9875, 2.9082, 0.0062
1.5690, 1.0000, -17.9876, 2.3368, 0.0064
1.5690, 2.0000, -8.9909, 2.3247, 0.0053
1.5690, 3.0000, -0.0000, 2.3206, 0.0051
1.5690, 4.0000, 8.9909, 2.3247, 0.0053
1.5690, 5.0000, 17.9876, 2.3368, 0.0064
1.5700, 1.0000, -17.9879, 1.7644, 0.0065
1.5700, 2.0000, -8.9910, 1.7524, 0.0053
1.5700, 3.0000, -0.0000, 1.7483, 0.0052
1.5700, 4.0000, 8.9910, 1.7524, 0.0053
1.5700, 5.0000, 17.9879, 1.7644, 0.0065
1.5710, 1.0000, -17.9881, 1.1908, 0.0066
1.5710, 2.0000, -8.9911, 1.1790, 0.0054
1.5710, 3.0000, -0.0000, 1.1749, 0.0052
1.5710, 4.0000, 8.9911, 1.1790, 0.0054
1.5710, 5.0000, 17.9881, 1.1908, 0.0066
1.5720, 1.0000, -17.9883, 0.6161, 0.0068
1.5720, 2.0000, -8.9912, 0.6044, 0.0055
1.5720, 3.0000, -0.0000, 0.6004, 0.0053
1.5720, 4.0000, 8.9912, 0.6044, 0.0055
1.5720, 5.0000, 17.9883, 0.6161, 0.0068
1.5730, 1.0000, -17.9886, 0.0402, 0.0069
1.5730, 2.0000, -8.9913, 0.0287, 0.0056
1.5730, 3.0000, -0.0000, 0.0247, 0.0053
1.5730, 4.0000, 8.9913, 0.0287, 0.0056
1.5730, 5.0000, 17.9886, 0.0402, 0.0069
1.5740, 1.0000, -17.9888, -0.5369, 0.0071
1.5740, 2.0000, -8.9914, -0.5482, 0.0057
1.5740, 3.0000, -0.0000, -0.5521, 0.0054
1.5740, 4.0000, 8.9914, -0.5482, 0.0057
1.5740, 5.0000, 17.9888, -0.5369, 0.0071
1.5750, 1.0000, -17.9891, -1.1151, 0.0073
1.5750, 2.0000, -8.9916, -1.1263, 0.0058
1.5750, 3.0000, -0.0000, -1.1301, 0.0055
1.5750, 4.0000, 8.9916, -1.1263, 0.0058
1.5750, 5.0000, 17.9891, -1.1151, 0.0073
1.5760, 1.0000, -17.9894, -1.6945, 0.0075
1.5760, 2.0000, -8.9917, -1.7055, 0.0059
1.5760, 3.0000, -0.0000, -1.7093, 0.0056
1.5760, 4.0000, 8.9917, -1.7055, 0.0059
1.5760, 5.0000, 17.9894, -1.6945, 0.0075
1.5770, 1.0000, -17.9897, -2.2751, 0.0077
1.5770, 2.0000, -8.9919, -2.2859, 0.0061
1.5770, 3.0000, -0.0000, -2.2896, 0.0057
1.5770, 4.0000, 8.9919, -2.2859, 0.0061
1.5770, 5.0000, 17.9897, -2.2751, 0.0077
1.5780, 1.0000, -17.9900, -2.8569, 0.0079
1.5780, 2.0000, -8.9920, -2.8675, 0.0063
1.5780, 3.0000, -0.0000, -2.8712, 0.0059
1.5780, 4.0000, 8.9920, -2.8675, 0.0063
1.5780, 5.0000, 17.9900, -2.8569, 0.0079
1.5790, 1.0000, -17.9903, -3.4399, 0.0081
1.5790, 2.0000, -8.9922, -3.4503, 0.0064
1.5790, 3.0000, -0.0000, -3.4539, 0.0060
1.5790, 4.0000, 8.9922, -3.4503, 0.0064
1.5790, 5.0000, 17.9903, -3.4399, 0.0081
1.5800, 1.0000, -17.9907, -4.0240, 0.0083
1.5800, 2.0000, -8.9924, -4.0344, 0.0066
1.5800, 3.0000, -0.0000, -4.0379, 0.0062
1.5800, 4.0000, 8.9924, -4.0344, 0.0066
1.5800, 5.0000, 17.9907, -4.0240, 0.0083
1.5810, 1.0000, -17.9910, -4.6095, 0.0086
1.5810, 2.0000, -8.9925, -4.6196, 0.0068
1.5810, 3.0000, -0.0000, -4.6231, 0.0063
1.5810, 4.0000, 8.9925, -4.6196, 0.0068
1.5810, 5.0000, 17.9910, -4.6095, 0.0086
1.5820, 1.0000, -17.9914, -5.1961, 0.0088
1.5820, 2.0000, -8.9927, -5.2061, 0.0070
1.5820, 3.0000, -0.0000, -5.2095, 0.0065
1.5820, 4.0000, 8.9927, -5.2061, 0.0070
1.5820, 5.0000, 17.9914, -5.1961, 0.0088
1.5830, 1.0000, -17.9918, -5.7840, 0.0091
1.5830, 2.0000, -8.9929, -5.7938, 0.0073
1.5830, 3.0000, -0.0000, -5.7971, 0.0067
1.5830, 4.0000, 8.9929, -5.7938, 0.0073
1.5830, 5.0000, 17.9918, -5.7840, 0.0091
1.5840, 1.0000, -17.9922, -6.3731, 0.0094
1.5840, 2.0000, -8.9931, -6.3827, 0.0075
1.5840, 3.0000, -0.0000, -6.3860, 0.0070
1.5840, 4.0000, 8.9931, -6.3827, 0.0075
1.5840, 5.0000, 17.9922, -6.3731, 0.0094
1.5850, 1.0000, -17.9926, -6.9635, 0.0097
1.5850, 2.0000, -8.9933, -6.9729, 0.0078
1.5850, 3.0000, -0.0000, -6.9762, 0.0072
1.5850, 4.0000, 8.9933, -6.9729, 0.0078
1.5850, 5.0000, 17.9926, -6.9635, 0.0097
1.5860, 1.0000, -17.9930, -7.5551, 0.0100
1.5860, 2.0000, -8.9935, -7.5644, 0.0080
1.5860, 3.0000, -0.0000, -7.5676, 0.0075
1.5860, 4.0000, 8.9935, -7.5644, 0.0080
1.5860, 5.0000, 17.9930, -7.5551, 0.0100
1.5870, 1.0000, -17.9935, -8.1481, 0.0103
1.5870, 2.0000, -8.9937, -8.1571, 0.0083
1.5870, 3.0000, -0.0000, -8.1602, 0.0077
1.5870, 4.0000, 8.9937, -8.1571, 0.0083
1.5870, 5.0000, 17.9935, -8.1481, 0.0103
1.5880, 1.0000, -17.9940, -8.7423, 0.0106
1.5880, 2.0000, -8.9940, -8.7511, 0.0086
1.5880, 3.0000, -0.0000, -8.7542, 0.0080
1.5880, 4.0000, 8.9940, -8.7511, 0.0086
1.5880, 5.0000, 17.9940, -8.7423, 0.0106
1.5890, 1.0000, -17.9944, -9.3378, 0.0109
1.5890, 2.0000, -8.9942, -9.3465, 0.0089
1.5890, 3.0000, -0.0000, -9.3495, 0.0083
1.5890, 4.0000, 8.9942, -9.3465, 0.0089
1.5890, 5.0000, 17.9944, -9.3378, 0.0109
1.5900, 1.0000, -17.9949, -9.9346, 0.0113
1.5900, 2.0000, -8.9945, -9.9431, 0.0092
1.5900, 3.0000, -0.0000, -9.9460, 0.0086
1.5900, 4.0000, 8.9945, -9.9431, 0.0092
1.5900, 5.0000, 17.9949, -9.9346, 0.0113
1.5910, 1.0000, -17.9954, -10.5327, 0.0116
1.5910, 2.0000, -8.9947, -10.5410, 0.0095
1.5910, 3.0000, -0.0000, -10.5439, 0.0089
1.5910, 4.0000, 8.9947, -10.5410, 0.0095
1.5910, 5.0000, 17.9954, -10.5327, 0.0116
1.5920, 1.0000, -17.9959, -11.1322, 0.0120
1.5920, 2.0000, -8.9950, -11.1403, 0.0099
1.5920, 3.0000, -0.0000, -11.1431, 0.0092
1.5920, 4.0000, 8.9950, -11.1403, 0.0099
1.5920, 5.0000, 17.9959, -11.1322, 0.0120
1.5930, 1.0000, -17.9965, -11.7329, 0.0124
1.5930, 2.0000, -8.9952, -11.7408, 0.0102
1.5930, 3.0000, -0.0000, -11.7436, 0.0096
1.5930, 4.0000, 8.9952, -11.7408, 0.0102
1.5930, 5.0000, 17.9965, -11.7329, 0.0124
1.5940, 1.0000, -17.9970, -12.3351, 0.0127
1.5940, 2.0000, -8.9955, -12.3428, 0.0106
1.5940, 3.0000, -0.0000, -12.3455, 0.0099
1.5940, 4.0000, 8.9955, -12.3428, 0.0106
1.5940, 5.0000, 17.9970, -12.3351, 0.0127
1.5950, 1.0000, -17.9976, -12.9385, 0.0131
1.5950, 2.0000, -8.9958, -12.9461, 0.0110
1.5950, 3.0000, -0.0000, -12.9487, 0.0103
1.5950, 4.0000, 8.9958, -12.9461, 0.0110
1.5950, 5.0000, 17.9976, -12.9385, 0.0131
1.5960, 1.0000, -17.9982, -13.5434, 0.0135
1.5960, 2.0000, -8.9961, -13.5507, 0.0114
1.5960, 3.0000, -0.0000, -13.5532, 0.0107
1.5960, 4.0000, 8.9961, -13.5507, 0.0114
1.5960, 5.0000, 17.9982, -13.5434, 0.0135
1.5970, 1.0000, -17.9988, -14.1496, 0.0139
1.5970, 2.0000, -8.9964, -14.1567, 0.0118
1.5970, 3.0000, -0.0000, -14.1592, 0.0111
1.5970, 4.0000, 8.9964, -14.1567, 0.0118
1.5970, 5.0000, 17.9988, -14.1496, 0.0139
1.5980, 1.0000, -17.9994, -14.7572, 0.0144
1.5980, 2.0000, -8.9967, -14.7641, 0.0122
1.5980, 3.0000, -0.0000, -14.7665, 0.0115
1.5980, 4.0000, 8.9967, -14.7641, 0.0122
1.5980, 5.0000, 17.9994, -14.7572, 0.0144
1.5990, 1.0000, -18.0000, -15.3662, 0.0148
1.5990, 2.0000, -8.9970, -15.3729, 0.0126
1.5990, 3.0000, -0.0000, -15.3753, 0.0119
1.5990, 4.0000, 8.9970, -15.3729, 0.0126
1.5990, 5.0000, 18.0000, -15.3662, 0.0148

; Middle Wavelengths
; Wavelength (um), Field, x (mm), y (mm), rms (mm)
1.5800, 1.0000, -17.9909, -4.0240, 0.0070
1.5800, 2.0000, -8.9925, -4.0343, 0.0060
1.5800, 3.0000, -0.0000, -4.0378, 0.0057
1.5800, 4.0000, 8.9925, -4.0343, 0.0060
1.5800, 5.0000, 17.9909, -4.0240, 0.0070
1.5810, 1.0000, -17.9913, -4.6094, 0.0068
1.5810, 2.0000, -8.9927, -4.6195, 0.0059
1.5810, 3.0000, -0.0000, -4.6230, 0.0056
1.5810, 4.0000, 8.9927, -4.6195, 0.0059
1.5810, 5.0000, 17.9913, -4.6094, 0.0068
1.5820, 1.0000, -17.9918, -5.1961, 0.0067
1.5820, 2.0000, -8.9929, -5.2060, 0.0058
1.5820, 3.0000, -0.0000, -5.2095, 0.0056
1.5820, 4.0000, 8.9929, -5.2060, 0.0058
1.5820, 5.0000, 17.9918, -5.1961, 0.0067
1.5830, 1.0000, -17.9923, -5.7840, 0.0066
1.5830, 2.0000, -8.9932, -5.7938, 0.0057
1.5830, 3.0000, -0.0000, -5.7971, 0.0055
1.5830, 4.0000, 8.9932, -5.7938, 0.0057
1.5830, 5.0000, 17.9923, -5.7840, 0.0066
1.5840, 1.0000, -17.9928, -6.3732, 0.0065
1.5840, 2.0000, -8.9935, -6.3828, 0.0056
1.5840, 3.0000, -0.0000, -6.3861, 0.0055
1.5840, 4.0000, 8.9935, -6.3828, 0.0056
1.5840, 5.0000, 17.9928, -6.3732, 0.0065
1.5850, 1.0000, -17.9934, -6.9636, 0.0064
1.5850, 2.0000, -8.9937, -6.9730, 0.0056
1.5850, 3.0000, -0.0000, -6.9763, 0.0054
1.5850, 4.0000, 8.9937, -6.9730, 0.0056
1.5850, 5.0000, 17.9934, -6.9636, 0.0064
1.5860, 1.0000, -17.9939, -7.5553, 0.0063
1.5860, 2.0000, -8.9940, -7.5646, 0.0055
1.5860, 3.0000, -0.0000, -7.5678, 0.0054
1.5860, 4.0000, 8.9940, -7.5646, 0.0055
1.5860, 5.0000, 17.9939, -7.5553, 0.0063
1.5870, 1.0000, -17.9945, -8.1483, 0.0062
1.5870, 2.0000, -8.9943, -8.1574, 0.0055
1.5870, 3.0000, -0.0000, -8.1605, 0.0054
1.5870, 4.0000, 8.9943, -8.1574, 0.0055
1.5870, 5.0000, 17.9945, -8.1483, 0.0062
1.5880, 1.0000, -17.9950, -8.7426, 0.0061
1.5880, 2.0000, -8.9946, -8.7515, 0.0055
1.5880, 3.0000, -0.0000, -8.7546, 0.0054
1.5880, 4.0000, 8.9946, -8.7515, 0.0055
1.5880, 5.0000, 17.9950, -8.7426, 0.0061
1.5890, 1.0000, -17.9956, -9.3382, 0.0061
1.5890, 2.0000, -8.9948, -9.3469, 0.0054
1.5890, 3.0000, -0.0000, -9.3499, 0.0054
1.5890, 4.0000, 8.9948, -9.3469, 0.0054
1.5890, 5.0000, 17.9956, -9.3382, 0.0061
1.5900, 1.0000, -17.9962, -9.9351, 0.0060
1.5900, 2.0000, -8.9952, -9.9436, 0.0054
1.5900, 3.0000, -0.0000, -9.9466, 0.0054
1.5900, 4.0000, 8.9952, -9.9436, 0.0054
1.5900, 5.0000, 17.9962, -9.9351, 0.0060
1.5910, 1.0000, -17.9969, -10.5333, 0.0060
1.5910, 2.0000, -8.9955, -10.5417, 0.0054
1.5910, 3.0000, -0.0000, -10.5445, 0.0054
1.5910, 4.0000, 8.9955, -10.5417, 0.0054
1.5910, 5.0000, 17.9969, -10.5333, 0.0060
1.5920, 1.0000, -17.9975, -11.1329, 0.0059
1.5920, 2.0000, -8.9958, -11.1410, 0.0054
1.5920, 3.0000, -0.0000, -11.1438, 0.0054
1.5920, 4.0000, 8.9958, -11.1410, 0.0054
1.5920, 5.0000, 17.9975, -11.1329, 0.0059
1.5930, 1.0000, -17.9981, -11.7338, 0.0059
1.5930, 2.0000, -8.9961, -11.7417, 0.0054
1.5930, 3.0000, -0.0000, -11.7445, 0.0054
1.5930, 4.0000, 8.9961, -11.7417, 0.0054
1.5930, 5.0000, 17.9981, -11.7338, 0.0059
1.5940, 1.0000, -17.9988, -12.3361, 0.0059
1.5940, 2.0000, -8.9964, -12.3438, 0.0054
1.5940, 3.0000, -0.0000, -12.3465, 0.0054
1.5940, 4.0000, 8.9964, -12.3438, 0.0054
1.5940, 5.0000, 17.9988, -12.3361, 0.0059
1.5950, 1.0000, -17.9995, -12.9397, 0.0058
1.5950, 2.0000, -8.9968, -12.9472, 0.0054
1.5950, 3.0000, -0.0000, -12.9498, 0.0054
1.5950, 4.0000, 8.9968, -12.9472, 0.0054
1.5950, 5.0000, 17.9995, -12.9397, 0.0058
1.5960, 1.0000, -18.0002, -13.5447, 0.0058
1.5960, 2.0000, -8.9971, -13.5520, 0.0054
1.5960, 3.0000, 0.0000, -13.5545, 0.0054
1.5960, 4.0000, 8.9971, -13.5520, 0.0054
1.5960, 5.0000, 18.0002, -13.5447, 0.0058
1.5970, 1.0000, -18.0009, -14.1510, 0.0058
1.5970, 2.0000, -8.9975, -14.1582, 0.0054
1.5970, 3.0000, 0.0000, -14.1606, 0.0054
1.5970, 4.0000, 8.9975, -14.1582, 0.0054
1.5970, 5.0000, 18.0009, -14.1510, 0.0058
1.5980, 1.0000, -18.0016, -14.7588, 0.0058
1.5980, 2.0000, -8.9978, -14.7657, 0.0054
1.5980, 3.0000, 0.0000, -14.7681, 0.0054
1.5980, 4.0000, 8.9978, -14.7657, 0.0054
1.5980, 5.0000, 18.0016, -14.7588, 0.0058
1.5990, 1.0000, -18.0024, -15.3680, 0.0058
1.5990, 2.0000, -8.9982, -15.3747, 0.0054
1.5990, 3.0000, 0.0000, -15.3770, 0.0054
1.5990, 4.0000, 8.9982, -15.3747, 0.0054
1.5990, 5.0000, 18.0024, -15.3680, 0.0058
1.6000, 1.0000, -18.0032, -15.9786, 0.0057
1.6000, 2.0000, -8.9986, -15.9851, 0.0054
1.6000, 3.0000, 0.0000, -15.9873, 0.0055
1.6000, 4.0000, 8.9986, -15.9851, 0.0054
1.6000, 5.0000, 18.0032, -15.9786, 0.0057
1.6010, 1.0000, -18.0040, -16.5906, 0.0057
1.6010, 2.0000, -8.9990, -16.5969, 0.0054
1.6010, 3.0000, 0.0000, -16.5991, 0.0055
1.6010, 4.0000, 8.9990, -16.5969, 0.0054
1.6010, 5.0000, 18.0040, -16.5906, 0.0057
1.6020, 1.0000, -18.0048, -17.2041, 0.0057
1.6020, 2.0000, -8.9994, -17.2101, 0.0054
1.6020, 3.0000, 0.0000, -17.2123, 0.0055
1.6020, 4.0000, 8.9994, -17.2101, 0.0054
1.6020, 5.0000, 18.0048, -17.2041, 0.0057
1.6030, 1.0000, -18.0056, -17.8190, 0.0057
1.6030, 2.0000, -8.9998, -17.8248, 0.0054
1.6030, 3.0000, 0.0000, -17.8269, 0.0055
1.6030, 4.0000, 8.9998, -17.8248, 0.0054
1.6030, 5.0000, 18.0056, -17.8190, 0.0057
1.6040, 1.0000, -18.0064, -18.4354, 0.0057
1.6040, 2.0000, -9.0002, -18.4410, 0.0054
1.6040, 3.0000, 0.0000, -18.4430, 0.0055
1.6040, 4.0000, 9.0002, -18.4410, 0.0054
1.6040, 5.0000, 18.0064, -18.4354, 0.0057
1.6050, 1.0000, -18.0073, -19.0532, 0.0057
1.6050, 2.0000, -9.0006, -19.0586, 0.0054
1.6050, 3.0000, 0.0000, -19.0606, 0.0055
1.6050, 4.0000, 9.0006, -19.0586, 0.0054
1.6050, 5.0000, 18.0073, -19.0532, 0.0057
1.6060, 1.0000, -18.0081, -19.6726, 0.0057
1.6060, 2.0000, -9.0011, -19.6778, 0.0054
1.6060, 3.0000, 0.0000, -19.6796, 0.0055
1.6060, 4.0000, 9.0011, -19.6778, 0.0054
1.6060, 5.0000, 18.0081, -19.6726, 0.0057
1.6070, 1.0000, -18.0090, -20.2934, 0.0057
1.6070, 2.0000, -9.0015, -20.2984, 0.0054
1.6070, 3.0000, 0.0000, -20.3002, 0.0055
1.6070, 4.0000, 9.0015, -20.2984, 0.0054
1.6070, 5.0000, 18.0090, -20.2934, 0.0057
1.6080, 1.0000, -18.0099, -20.9158, 0.0057
1.6080, 2.0000, -9.0020, -20.9205, 0.0054
1.6080, 3.0000, 0.0000, -20.9222, 0.0055
1.6080, 4.0000, 9.0020, -20.9205, 0.0054
1.6080, 5.0000, 18.0099, -20.9158, 0.0057
1.6090, 1.0000, -18.0109, -21.5397, 0.0057
1.6090, 2.0000, -9.0024, -21.5442, 0.0054
1.6090, 3.0000, 0.0000, -21.5458, 0.0055
1.6090, 4.0000, 9.0024, -21.5442, 0.0054
1.6090, 5.0000, 18.0109, -21.5397, 0.0057
1.6100, 1.0000, -18.0118, -22.1651, 0.0057
1.6100, 2.0000, -9.0029, -22.1694, 0.0054
1.6100, 3.0000, 0.0000, -22.1709, 0.0055
1.6100, 4.0000, 9.0029, -22.1694, 0.0054
1.6100, 5.0000, 18.0118, -22.1651, 0.0057
1.6110, 1.0000, -18.0128, -22.7921, 0.0057
1.6110, 2.0000, -9.0034, -22.7961, 0.0054
1.6110, 3.0000, 0.0000, -22.7976, 0.0055
1.6110, 4.0000, 9.0034, -22.7961, 0.0054
1.6110, 5.0000, 18.0128, -22.7921, 0.0057
1.6120, 1.0000, -18.0138, -23.4206, 0.0058
1.6120, 2.0000, -9.0039, -23.4244, 0.0054
1.6120, 3.0000, 0.0000, -23.4258, 0.0055
1.6120, 4.0000, 9.0039, -23.4244, 0.0054
1.6120, 5.0000, 18.0138, -23.4206, 0.0058
1.6130, 1.0000, -18.0148, -24.0508, 0.0058
1.6130, 2.0000, -9.0044, -24.0543, 0.0054
1.6130, 3.0000, 0.0000, -24.0556, 0.0054
1.6130, 4.0000, 9.0044, -24.0543, 0.0054
1.6130, 5.0000, 18.0148, -24.0508, 0.0058
1.6140, 1.0000, -18.0158, -24.6825, 0.0058
1.6140, 2.0000, -9.0049, -24.6858, 0.0054
1.6140, 3.0000, 0.0000, -24.6870, 0.0054
1.6140, 4.0000, 9.0049, -24.6858, 0.0054
1.6140, 5.0000, 18.0158, -24.6825, 0.0058
1.6150, 1.0000, -18.0168, -25.3158, 0.0058
1.6150, 2.0000, -9.0054, -25.3189, 0.0054
1.6150, 3.0000, 0.0000, -25.3200, 0.0054
1.6150, 4.0000, 9.0054, -25.3189, 0.0054
1.6150, 5.0000, 18.0168, -25.3158, 0.0058
1.6160, 1.0000, -18.0179, -25.9508, 0.0058
1.6160, 2.0000, -9.0059, -25.9536, 0.0054
1.6160, 3.0000, 0.0000, -25.9546, 0.0054
1.6160, 4.0000, 9.0059, -25.9536, 0.0054
1.6160, 5.0000, 18.0179, -25.9508, 0.0058
1.6170, 1.0000, -18.0190, -26.5874, 0.0058
1.6170, 2.0000, -9.0065, -26.5899, 0.0054
1.6170, 3.0000, 0.0000, -26.5909, 0.0054
1.6170, 4.0000, 9.0065, -26.5899, 0.0054
1.6170, 5.0000, 18.0190, -26.5874, 0.0058
1.6180, 1.0000, -18.0201, -27.2256, 0.0058
1.6180, 2.0000, -9.0070, -27.2279, 0.0054
1.6180, 3.0000, 0.0000, -27.2288, 0.0053
1.6180, 4.0000, 9.0070, -27.2279, 0.0054
1.6180, 5.0000, 18.0201, -27.2256, 0.0058
1.6190, 1.0000, -18.0212, -27.8655, 0.0059
1.6190, 2.0000, -9.0076, -27.8675, 0.0053
1.6190, 3.0000, 0.0000, -27.8683, 0.0053
1.6190, 4.0000, 9.0076, -27.8675, 0.0053
1.6190, 5.0000, 18.0212, -27.8655, 0.0059
1.6200, 1.0000, -18.0224, -28.5071, 0.0059
1.6200, 2.0000, -9.0081, -28.5088, 0.0053
1.6200, 3.0000, 0.0000, -28.5095, 0.0053
1.6200, 4.0000, 9.0081, -28.5088, 0.0053
1.6200, 5.0000, 18.0224, -28.5071, 0.0059
1.6210, 1.0000, -18.0236, -29.1504, 0.0059
1.6210, 2.0000, -9.0087, -29.1518, 0.0053
1.6210, 3.0000, 0.0000, -29.1525, 0.0053
1.6210, 4.0000, 9.0087, -29.1518, 0.0053
1.6210, 5.0000, 18.0236, -29.1504, 0.0059
1.6220, 1.0000, -18.0248, -29.7953, 0.0059
1.6220, 2.0000, -9.0093, -29.7966, 0.0053
1.6220, 3.0000, 0.0000, -29.7971, 0.0053
1.6220, 4.0000, 9.0093, -29.7966, 0.0053
1.6220, 5.0000, 18.0248, -29.7953, 0.0059
1.6230, 1.0000, -18.0260, -30.4421, 0.0060
1.6230, 2.0000, -9.0099, -30.4430, 0.0053
1.6230, 3.0000, 0.0000, -30.4434, 0.0052
1.6230, 4.0000, 9.0099, -30.4430, 0.0053
1.6230, 5.0000, 18.0260, -30.4421, 0.0060
1.6240, 1.0000, -18.0272, -31.0905, 0.0060
1.6240, 2.0000, -9.0105, -31.0912, 0.0053
1.6240, 3.0000, 0.0000, -31.0915, 0.0052
1.6240, 4.0000, 9.0105, -31.0912, 0.0053
1.6240, 5.0000, 18.0272, -31.0905, 0.0060
1.6250, 1.0000, -18.0285, -31.7407, 0.0061
1.6250, 2.0000, -9.0112, -31.7411, 0.0053
1.6250, 3.0000, -0.0000, -31.7414, 0.0052
1.6250, 4.0000, 9.0112, -31.7411, 0.0053
1.6250, 5.0000, 18.0285, -31.7407, 0.0061
1.6260, 1.0000, -18.0298, -32.3927, 0.0061
1.6260, 2.0000, -9.0118, -32.3928, 0.0053
1.6260, 3.0000, -0.0000, -32.3930, 0.0052
1.6260, 4.0000, 9.0118, -32.3928, 0.0053
1.6260, 5.0000, 18.0298, -32.3927, 0.0061
1.6270, 1.0000, -18.0311, -33.0465, 0.0062
1.6270, 2.0000, -9.0124, -33.0463, 0.0053
1.6270, 3.0000, -0.0000, -33.0464, 0.0052
1.6270, 4.0000, 9.0124, -33.0463, 0.0053
1.6270, 5.0000, 18.0311, -33.0465, 0.0062
1.6280, 1.0000, -18.0324, -33.7021, 0.0062
1.6280, 2.0000, -9.0131, -33.7016, 0.0053
1.6280, 3.0000, -0.0000, -33.7016, 0.0052
1.6280, 4.0000, 9.0131, -33.7016, 0.0053
1.6280, 5.0000, 18.0324, -33.7021, 0.0062
1.6290, 1.0000, -18.0338, -34.3595, 0.0063
1.6290, 2.0000, -9.0138, -34.3587, 0.0053
1.6290, 3.0000, -0.0000, -34.3586, 0.0052
1.6290, 4.0000, 9.0138, -34.3587, 0.0053
1.6290, 5.0000, 18.0338, -34.3595, 0.0063
1.6300, 1.0000, -18.0351, -35.0188, 0.0063
1.6300, 2.0000, -9.0145, -35.0177, 0.0054
1.6300, 3.0000, -0.0000, -35.0175, 0.0052
1.6300, 4.0000, 9.0145, -35.0177, 0.0054
1.6300, 5.0000, 18.0351, -35.0188, 0.0063
1.6310, 1.0000, -18.0365, -35.6799, 0.0064
1.6310, 2.0000, -9.0151, -35.6785, 0.0054
1.6310, 3.0000, -0.0000, -35.6782, 0.0052
1.6310, 4.0000, 9.0151, -35.6785, 0.0054
1.6310, 5.0000, 18.0365, -35.6799, 0.0064
1.6320, 1.0000, -18.0380, -36.3429, 0.0065
1.6320, 2.0000, -9.0159, -36.3412, 0.0054
1.6320, 3.0000, -0.0000, -36.3408, 0.0052
1.6320, 4.0000, 9.0159, -36.3412, 0.0054
1.6320, 5.0000, 18.0380, -36.3429, 0.0065
1.6330, 1.0000, -18.0394, -37.0078, 0.0066
1.6330, 2.0000, -9.0166, -37.0058, 0.0055
1.6330, 3.0000, -0.0000, -37.0053, 0.0052
1.6330, 4.0000, 9.0166, -37.0058, 0.0055
1.6330, 5.0000, 18.0394, -37.0079, 0.0066
1.6340, 1.0000, -18.0409, -37.6747, 0.0067
1.6340, 2.0000, -9.0173, -37.6723, 0.0055
1.6340, 3.0000, -0.0000, -37.6717, 0.0052
1.6340, 4.0000, 9.0173, -37.6723, 0.0055
1.6340, 5.0000, 18.0409, -37.6747, 0.0067
1.6350, 1.0000, -18.0424, -38.3434, 0.0068
1.6350, 2.0000, -9.0181, -38.3408, 0.0056
1.6350, 3.0000, -0.0000, -38.3400, 0.0053
1.6350, 4.0000, 9.0181, -38.3408, 0.0056
1.6350, 5.0000, 18.0424, -38.3434, 0.0068
1.6360, 1.0000, -18.0440, -39.0142, 0.0069
1.6360, 2.0000, -9.0188, -39.0112, 0.0056
1.6360, 3.0000, -0.0000, -39.0103, 0.0053
1.6360, 4.0000, 9.0188, -39.0112, 0.0056
1.6360, 5.0000, 18.0440, -39.0142, 0.0069
1.6370, 1.0000, -18.0455, -39.6869, 0.0070
1.6370, 2.0000, -9.0196, -39.6835, 0.0057
1.6370, 3.0000, -0.0000, -39.6826, 0.0053
1.6370, 4.0000, 9.0196, -39.6835, 0.0057
1.6370, 5.0000, 18.0455, -39.6869, 0.0070
1.6380, 1.0000, -18.0471, -40.3616, 0.0071
1.6380, 2.0000, -9.0204, -40.3579, 0.0058
1.6380, 3.0000, -0.0000, -40.3568, 0.0054
1.6380, 4.0000, 9.0204, -40.3579, 0.0058
1.6380, 5.0000, 18.0471, -40.3616, 0.0071
1.6390, 1.0000, -18.0487, -41.0383, 0.0072
1.6390, 2.0000, -9.0212, -41.0343, 0.0059
1.6390, 3.0000, -0.0000, -41.0331, 0.0055
1.6390, 4.0000, 9.0212, -41.0343, 0.0059
1.6390, 5.0000, 18.0487, -41.0383, 0.0072
1.6400, 1.0000, -18.0504, -41.7170, 0.0074
1.6400, 2.0000, -9.0220, -41.7127, 0.0060
1.6400, 3.0000, -0.0000, -41.7114, 0.0056
1.6400, 4.0000, 9.0220, -41.7127, 0.0060
1.6400, 5.0000, 18.0504, -41.7170, 0.0074
1.6410, 1.0000, -18.0520, -42.3978, 0.0075
1.6410, 2.0000, -9.0228, -42.3931, 0.0061
1.6410, 3.0000, -0.0000, -42.3917, 0.0056
1.6410, 4.0000, 9.0228, -42.3931, 0.0061
1.6410, 5.0000, 18.0520, -42.3978, 0.0075
1.6420, 1.0000, -18.0537, -43.0807, 0.0077
1.6420, 2.0000, -9.0237, -43.0757, 0.0062
1.6420, 3.0000, -0.0000, -43.0741, 0.0057
1.6420, 4.0000, 9.0237, -43.0757, 0.0062
1.6420, 5.0000, 18.0537, -43.0807, 0.0077
1.6430, 1.0000, -18.0555, -43.7657, 0.0078
1.6430, 2.0000, -9.0245, -43.7603, 0.0063
1.6430, 3.0000, -0.0000, -43.7586, 0.0059
1.6430, 4.0000, 9.0245, -43.7603, 0.0063
1.6430, 5.0000, 18.0555, -43.7657, 0.0078
1.6440, 1.0000, -18.0572, -44.4528, 0.0080
1.6440, 2.0000, -9.0254, -44.4471, 0.0064
1.6440, 3.0000, -0.0000, -44.4453, 0.0060
1.6440, 4.0000, 9.0254, -44.4471, 0.0064
1.6440, 5.0000, 18.0572, -44.4528, 0.0080
1.6450, 1.0000, -18.0590, -45.1421, 0.0082
1.6450, 2.0000, -9.0263, -45.1360, 0.0066
1.6450, 3.0000, -0.0000, -45.1340, 0.0061
1.6450, 4.0000, 9.0263, -45.1360, 0.0066
1.6450, 5.0000, 18.0590, -45.1421, 0.0082
1.6460, 1.0000, -18.0609, -45.8335, 0.0084
1.6460, 2.0000, -9.0272, -45.8270, 0.0068
1.6460, 3.0000, -0.0000, -45.8250, 0.0063
1.6460, 4.0000, 9.0272, -45.8270, 0.0068
1.6460, 5.0000, 18.0609, -45.8335, 0.0084
1.6470, 1.0000, -18.0627, -46.5272, 0.0085
1.6470, 2.0000, -9.0281, -46.5203, 0.0069
1.6470, 3.0000, -0.0000, -46.5181, 0.0064
1.6470, 4.0000, 9.0281, -46.5203, 0.0069
1.6470, 5.0000, 18.0627, -46.5272, 0.0085
1.6480, 1.0000, -18.0646, -47.2230, 0.0087
1.6480, 2.0000, -9.0290, -47.2157, 0.0071
1.6480, 3.0000, -0.0000, -47.2134, 0.0066
1.6480, 4.0000, 9.0290, -47.2157, 0.0071
1.6480, 5.0000, 18.0646, -47.2230, 0.0087
1.6490, 1.0000, -18.0665, -47.9211, 0.0089
1.6490, 2.0000, -9.0300, -47.9134, 0.0073
1.6490, 3.0000, -0.0000, -47.9110, 0.0068
1.6490, 4.0000, 9.0300, -47.9134, 0.0073
1.6490, 5.0000, 18.0665, -47.9211, 0.0089
1.6500, 1.0000, -18.0685, -48.6215, 0.0092
1.6500, 2.0000, -9.0309, -48.6134, 0.0075
1.6500, 3.0000, -0.0000, -48.6109, 0.0069
1.6500, 4.0000, 9.0309, -48.6134, 0.0075
1.6500, 5.0000, 18.0685, -48.6215, 0.0092
1.6510, 1.0000, -18.0705, -49.3242, 0.0094
1.6510, 2.0000, -9.0319, -49.3157, 0.0077
1.6510, 3.0000, -0.0000, -49.3130, 0.0071
1.6510, 4.0000, 9.0319, -49.3157, 0.0077
1.6510, 5.0000, 18.0705, -49.3242, 0.0094
1.6520, 1.0000, -18.0725, -50.0291, 0.0096
1.6520, 2.0000, -9.0329, -50.0202, 0.0079
1.6520, 3.0000, -0.0000, -50.0174, 0.0073
1.6520, 4.0000, 9.0329, -50.0202, 0.0079
1.6520, 5.0000, 18.0725, -50.0292, 0.0096
1.6530, 1.0000, -18.0745, -50.7365, 0.0098
1.6530, 2.0000, -9.0339, -50.7272, 0.0081
1.6530, 3.0000, -0.0000, -50.7242, 0.0076
1.6530, 4.0000, 9.0339, -50.7272, 0.0081
1.6530, 5.0000, 18.0745, -50.7365, 0.0098
1.6540, 1.0000, -18.0766, -51.4462, 0.0101
1.6540, 2.0000, -9.0350, -51.4364, 0.0083
1.6540, 3.0000, -0.0000, -51.4333, 0.0078
1.6540, 4.0000, 9.0350, -51.4364, 0.0083
1.6540, 5.0000, 18.0766, -51.4462, 0.0101
1.6550, 1.0000, -18.0787, -52.1583, 0.0103
1.6550, 2.0000, -9.0360, -52.1481, 0.0086
1.6550, 3.0000, -0.0000, -52.1449, 0.0080
1.6550, 4.0000, 9.0360, -52.1481, 0.0086
1.6550, 5.0000, 18.0787, -52.1583, 0.0103
1.6560, 1.0000, -18.0809, -52.8728, 0.0105
1.6560, 2.0000, -9.0371, -52.8622, 0.0088
1.6560, 3.0000, -0.0000, -52.8588, 0.0083
1.6560, 4.0000, 9.0371, -52.8622, 0.0088
1.6560, 5.0000, 18.0809, -52.8728, 0.0105
1.6570, 1.0000, -18.0831, -53.5898, 0.0108
1.6570, 2.0000, -9.0382, -53.5788, 0.0091
1.6570, 3.0000, -0.0000, -53.5752, 0.0085
1.6570, 4.0000, 9.0382, -53.5788, 0.0091
1.6570, 5.0000, 18.0831, -53.5898, 0.0108
1.6580, 1.0000, -18.0853, -54.3093, 0.0111
1.6580, 2.0000, -9.0393, -54.2978, 0.0093
1.6580, 3.0000, -0.0000, -54.2941, 0.0088
1.6580, 4.0000, 9.0393, -54.2978, 0.0093
1.6580, 5.0000, 18.0853, -54.3093, 0.0111
1.6590, 1.0000, -18.0876, -55.0313, 0.0113
1.6590, 2.0000, -9.0404, -55.0193, 0.0096
1.6590, 3.0000, -0.0000, -55.0155, 0.0090
1.6590, 4.0000, 9.0404, -55.0193, 0.0096
1.6590, 5.0000, 18.0876, -55.0313, 0.0113
1.6600, 1.0000, -18.0899, -55.7559, 0.0116
1.6600, 2.0000, -9.0415, -55.7434, 0.0099
1.6600, 3.0000, -0.0000, -55.7394, 0.0093
1.6600, 4.0000, 9.0415, -55.7434, 0.0099
1.6600, 5.0000, 18.0899, -55.7559, 0.0116
1.6610, 1.0000, -18.0923, -56.4830, 0.0119
1.6610, 2.0000, -9.0427, -56.4701, 0.0101
1.6610, 3.0000, -0.0000, -56.4659, 0.0096
1.6610, 4.0000, 9.0427, -56.4701, 0.0101
1.6610, 5.0000, 18.0923, -56.4830, 0.0119
1.6620, 1.0000, -18.0947, -57.2127, 0.0121
1.6620, 2.0000, -9.0439, -57.1993, 0.0104
1.6620, 3.0000, -0.0000, -57.1950, 0.0098
1.6620, 4.0000, 9.0439, -57.1993, 0.0104
1.6620, 5.0000, 18.0947, -57.2127, 0.0121
1.6630, 1.0000, -18.0971, -57.9451, 0.0124
1.6630, 2.0000, -9.0451, -57.9312, 0.0107
1.6630, 3.0000, -0.0000, -57.9268, 0.0101
1.6630, 4.0000, 9.0451, -57.9312, 0.0107
1.6630, 5.0000, 18.0971, -57.9451, 0.0124
1.6640, 1.0000, -18.0996, -58.6802, 0.0127
1.6640, 2.0000, -9.0463, -58.6658, 0.0110
1.6640, 3.0000, -0.0000, -58.6612, 0.0104
1.6640, 4.0000, 9.0463, -58.6658, 0.0110
1.6640, 5.0000, 18.0996, -58.6802, 0.0127
1.6650, 1.0000, -18.1021, -59.4180, 0.0130
1.6650, 2.0000, -9.0476, -59.4031, 0.0113
1.6650, 3.0000, -0.0000, -59.3983, 0.0107
1.6650, 4.0000, 9.0476, -59.4031, 0.0113
1.6650, 5.0000, 18.1021, -59.4180, 0.0130
1.6660, 1.0000, -18.1046, -60.1585, 0.0133
1.6660, 2.0000, -9.0488, -60.1431, 0.0116
1.6660, 3.0000, -0.0000, -60.1381, 0.0110
1.6660, 4.0000, 9.0488, -60.1431, 0.0116
1.6660, 5.0000, 18.1046, -60.1585, 0.0133
1.6670, 1.0000, -18.1073, -60.9018, 0.0136
1.6670, 2.0000, -9.0501, -60.8858, 0.0119
1.6670, 3.0000, -0.0000, -60.8807, 0.0113
1.6670, 4.0000, 9.0501, -60.8858, 0.0119
1.6670, 5.0000, 18.1073, -60.9018, 0.0136
1.6680, 1.0000, -18.1099, -61.6479, 0.0139
1.6680, 2.0000, -9.0514, -61.6314, 0.0122
1.6680, 3.0000, -0.0000, -61.6261, 0.0116
1.6680, 4.0000, 9.0514, -61.6314, 0.0122
1.6680, 5.0000, 18.1099, -61.6479, 0.0139
1.6690, 1.0000, -18.1126, -62.3969, 0.0000
1.6690, 2.0000, -9.0527, -62.3799, 0.0125
1.6690, 3.0000, -0.0000, -62.3743, 0.0119
1.6690, 4.0000, 9.0527, -62.3799, 0.0125
1.6690, 5.0000, 18.1126, -62.3969, 0.0000
1.6700, 1.0000, -18.1153, -63.1487, 0.0000
1.6700, 2.0000, -9.0541, -63.1312, 0.0128
1.6700, 3.0000, -0.0000, -63.1255, 0.0122
1.6700, 4.0000, 9.0541, -63.1312, 0.0128
1.6700, 5.0000, 18.1153, -63.1487, 0.0000
1.6710, 1.0000, 0.0000, 0.0000, 0.0000
1.6710, 2.0000, 0.0000, 0.0000, 0.0000
1.6710, 3.0000, 0.0000, 0.0000, 0.0000
1.6710, 4.0000, 0.0000, 0.0000, 0.0000
1.6710, 5.0000, 0.0000, 0.0000, 0.0000
1.6720, 1.0000, 0.0000, 0.0000, 0.0000
1.6720, 2.0000, 0.0000, 0.0000, 0.0000
1.6720, 3.0000, 0.0000, 0.0000, 0.0000
1.6720, 4.0000, 0.0000, 0.0000, 0.0000
1.6720, 5.0000, 0.0000, 0.0000, 0.0000
1.6730, 1.0000, 0.0000, 0.0000, 0.0000
1.6730, 2.0000, 0.0000, 0.0000, 0.0000
1.6730, 3.0000, 0.0000, 0.0000, 0.0000
1.6730, 4.0000, 0.0000, 0.0000, 0.0000
1.6730, 5.0000, 0.0000, 0.0000, 0.0000
1.6740, 1.0000, 0.0000, 0.0000, 0.0000
1.6740, 2.0000, 0.0000, 0.0000, 0.0000
1.6740, 3.0000, 0.0000, 0.0000, 0.0000
1.6740, 4.0000, 0.0000, 0.0000, 0.0000
1.6740, 5.0000, 0.0000, 0.0000, 0.0000
1.6750, 1.0000, 0.0000, 0.0000, 0.0000
1.6750, 2.0000, 0.0000, 0.0000, 0.0000
1.6750, 3.0000, 0.0000, 0.0000, 0.0000
1.6750, 4.0000, 0.0000, 0.0000, 0.0000
1.6750, 5.0000, 0.0000, 0.0000, 0.0000
1.6760, 1.0000, 0.0000, 0.0000, 0.0000
1.6760, 2.0000, 0.0000, 0.0000, 0.0000
1.6760, 3.0000, 0.0000, 0.0000, 0.0000
1.6760, 4.0000, 0.0000, 0.0000, 0.0000
1.6760, 5.0000, 0.0000, 0.0000, 0.0000
1.6770, 1.0000, 0.0000, 0.0000, 0.0000
1.6770, 2.0000, 0.0000, 0.0000, 0.0000
1.6770, 3.0000, 0.0000, 0.0000, 0.0000
1.6770, 4.0000, 0.0000, 0.0000, 0.0000
1.6770, 5.0000, 0.0000, 0.0000, 0.0000
1.6780, 1.0000, 0.0000, 0.0000, 0.0000
1.6780, 2.0000, 0.0000, 0.0000, 0.0000
1.6780, 3.0000, 0.0000, 0.0000, 0.0000
1.6780, 4.0000, 0.0000, 0.0000, 0.0000
1.6780, 5.0000, 0.0000, 0.0000, 0.0000
1.6790, 1.0000, 0.0000, 0.0000, 0.0000
1.6790, 2.0000, 0.0000, 0.0000, 0.0000
1.6790, 3.0000, 0.0000, 0.0000, 0.0000
1.6790, 4.0000, 0.0000, 0.0000, 0.0000
1.6790, 5.0000, 0.0000, 0.0000, 0.0000

; Red Wavelengths
; Wavelength (um), Field, x (mm), y (mm), rms (mm)
1.6300, 1.0000, -18.0349, -35.0179, 0.0066
1.6300, 2.0000, -9.0143, -35.0168, 0.0055
1.6300, 3.0000, 0.0000, -35.0166, 0.0053
1.6300, 4.0000, 9.0143, -35.0168, 0.0055
1.6300, 5.0000, 18.0349, -35.0179, 0.0066
1.6310, 1.0000, -18.0364, -35.6791, 0.0066
1.6310, 2.0000, -9.0150, -35.6777, 0.0055
1.6310, 3.0000, 0.0000, -35.6774, 0.0053
1.6310, 4.0000, 9.0150, -35.6777, 0.0055
1.6310, 5.0000, 18.0364, -35.6791, 0.0066
1.6320, 1.0000, -18.0378, -36.3422, 0.0066
1.6320, 2.0000, -9.0158, -36.3405, 0.0055
1.6320, 3.0000, 0.0000, -36.3401, 0.0053
1.6320, 4.0000, 9.0158, -36.3405, 0.0055
1.6320, 5.0000, 18.0378, -36.3422, 0.0066
1.6330, 1.0000, -18.0393, -37.0072, 0.0066
1.6330, 2.0000, -9.0165, -37.0052, 0.0055
1.6330, 3.0000, 0.0000, -37.0046, 0.0053
1.6330, 4.0000, 9.0165, -37.0052, 0.0055
1.6330, 5.0000, 18.0393, -37.0072, 0.0066
1.6340, 1.0000, -18.0409, -37.6741, 0.0066
1.6340, 2.0000, -9.0173, -37.6718, 0.0055
1.6340, 3.0000, 0.0000, -37.6711, 0.0053
1.6340, 4.0000, 9.0173, -37.6718, 0.0055
1.6340, 5.0000, 18.0409, -37.6741, 0.0066
1.6350, 1.0000, -18.0424, -38.3430, 0.0066
1.6350, 2.0000, -9.0181, -38.3403, 0.0055
1.6350, 3.0000, 0.0000, -38.3396, 0.0053
1.6350, 4.0000, 9.0181, -38.3403, 0.0055
1.6350, 5.0000, 18.0424, -38.3430, 0.0066
1.6360, 1.0000, -18.0440, -39.0138, 0.0067
1.6360, 2.0000, -9.0188, -39.0108, 0.0055
1.6360, 3.0000, 0.0000, -39.0099, 0.0053
1.6360, 4.0000, 9.0188, -39.0108, 0.0055
1.6360, 5.0000, 18.0440, -39.0138, 0.0067
1.6370, 1.0000, -18.0456, -39.6866, 0.0067
1.6370, 2.0000, -9.0196, -39.6833, 0.0056
1.6370, 3.0000, 0.0000, -39.6823, 0.0053
1.6370, 4.0000, 9.0196, -39.6833, 0.0056
1.6370, 5.0000, 18.0456, -39.6866, 0.0067
1.6380, 1.0000, -18.0472, -40.3614, 0.0068
1.6380, 2.0000, -9.0204, -40.3577, 0.0056
1.6380, 3.0000, 0.0000, -40.3566, 0.0053
1.6380, 4.0000, 9.0204, -40.3577, 0.0056
1.6380, 5.0000, 18.0472, -40.3614, 0.0068
1.6390, 1.0000, -18.0489, -41.0382, 0.0068
1.6390, 2.0000, -9.0213, -41.0342, 0.0056
1.6390, 3.0000, 0.0000, -41.0330, 0.0053
1.6390, 4.0000, 9.0213, -41.0342, 0.0056
1.6390, 5.0000, 18.0489, -41.0382, 0.0068
1.6400, 1.0000, -18.0506, -41.7171, 0.0069
1.6400, 2.0000, -9.0221, -41.7127, 0.0056
1.6400, 3.0000, 0.0000, -41.7114, 0.0053
1.6400, 4.0000, 9.0221, -41.7127, 0.0056
1.6400, 5.0000, 18.0506, -41.7171, 0.0069
1.6410, 1.0000, -18.0523, -42.3980, 0.0069
1.6410, 2.0000, -9.0230, -42.3933, 0.0057
1.6410, 3.0000, 0.0000, -42.3919, 0.0054
1.6410, 4.0000, 9.0230, -42.3933, 0.0057
1.6410, 5.0000, 18.0523, -42.3980, 0.0069
1.6420, 1.0000, -18.0541, -43.0810, 0.0070
1.6420, 2.0000, -9.0238, -43.0760, 0.0057
1.6420, 3.0000, 0.0000, -43.0744, 0.0054
1.6420, 4.0000, 9.0238, -43.0760, 0.0057
1.6420, 5.0000, 18.0541, -43.0810, 0.0070
1.6430, 1.0000, -18.0558, -43.7661, 0.0070
1.6430, 2.0000, -9.0247, -43.7607, 0.0058
1.6430, 3.0000, 0.0000, -43.7590, 0.0054
1.6430, 4.0000, 9.0247, -43.7607, 0.0058
1.6430, 5.0000, 18.0558, -43.7661, 0.0070
1.6440, 1.0000, -18.0577, -44.4534, 0.0071
1.6440, 2.0000, -9.0256, -44.4476, 0.0058
1.6440, 3.0000, 0.0000, -44.4458, 0.0055
1.6440, 4.0000, 9.0256, -44.4476, 0.0058
1.6440, 5.0000, 18.0577, -44.4534, 0.0071
1.6450, 1.0000, -18.0595, -45.1428, 0.0072
1.6450, 2.0000, -9.0265, -45.1366, 0.0059
1.6450, 3.0000, 0.0000, -45.1347, 0.0055
1.6450, 4.0000, 9.0265, -45.1366, 0.0059
1.6450, 5.0000, 18.0595, -45.1428, 0.0072
1.6460, 1.0000, -18.0614, -45.8344, 0.0073
1.6460, 2.0000, -9.0274, -45.8278, 0.0059
1.6460, 3.0000, 0.0000, -45.8258, 0.0055
1.6460, 4.0000, 9.0274, -45.8278, 0.0059
1.6460, 5.0000, 18.0614, -45.8344, 0.0073
1.6470, 1.0000, -18.0633, -46.5281, 0.0074
1.6470, 2.0000, -9.0284, -46.5212, 0.0060
1.6470, 3.0000, 0.0000, -46.5191, 0.0056
1.6470, 4.0000, 9.0284, -46.5212, 0.0060
1.6470, 5.0000, 18.0633, -46.5281, 0.0074
1.6480, 1.0000, -18.0652, -47.2241, 0.0075
1.6480, 2.0000, -9.0293, -47.2168, 0.0061
1.6480, 3.0000, 0.0000, -47.2145, 0.0057
1.6480, 4.0000, 9.0293, -47.2168, 0.0061
1.6480, 5.0000, 18.0652, -47.2241, 0.0075
1.6490, 1.0000, -18.0672, -47.9224, 0.0076
1.6490, 2.0000, -9.0303, -47.9147, 0.0061
1.6490, 3.0000, 0.0000, -47.9123, 0.0057
1.6490, 4.0000, 9.0303, -47.9147, 0.0061
1.6490, 5.0000, 18.0672, -47.9224, 0.0076
1.6500, 1.0000, -18.0692, -48.6229, 0.0077
1.6500, 2.0000, -9.0313, -48.6148, 0.0062
1.6500, 3.0000, 0.0000, -48.6123, 0.0058
1.6500, 4.0000, 9.0313, -48.6148, 0.0062
1.6500, 5.0000, 18.0692, -48.6229, 0.0077
1.6510, 1.0000, -18.0712, -49.3257, 0.0078
1.6510, 2.0000, -9.0323, -49.3172, 0.0063
1.6510, 3.0000, 0.0000, -49.3145, 0.0059
1.6510, 4.0000, 9.0323, -49.3172, 0.0063
1.6510, 5.0000, 18.0712, -49.3257, 0.0078
1.6520, 1.0000, -18.0733, -50.0309, 0.0079
1.6520, 2.0000, -9.0333, -50.0220, 0.0064
1.6520, 3.0000, 0.0000, -50.0191, 0.0059
1.6520, 4.0000, 9.0333, -50.0220, 0.0064
1.6520, 5.0000, 18.0733, -50.0309, 0.0079
1.6530, 1.0000, -18.0754, -50.7384, 0.0080
1.6530, 2.0000, -9.0344, -50.7290, 0.0065
1.6530, 3.0000, 0.0000, -50.7261, 0.0060
1.6530, 4.0000, 9.0344, -50.7290, 0.0065
1.6530, 5.0000, 18.0754, -50.7384, 0.0080
1.6540, 1.0000, -18.0775, -51.4483, 0.0082
1.6540, 2.0000, -9.0354, -51.4385, 0.0066
1.6540, 3.0000, 0.0000, -51.4354, 0.0061
1.6540, 4.0000, 9.0354, -51.4385, 0.0066
1.6540, 5.0000, 18.0775, -51.4483, 0.0082
1.6550, 1.0000, -18.0797, -52.1605, 0.0083
1.6550, 2.0000, -9.0365, -52.1503, 0.0067
1.6550, 3.0000, 0.0000, -52.1471, 0.0062
1.6550, 4.0000, 9.0365, -52.1503, 0.0067
1.6550, 5.0000, 18.0797, -52.1605, 0.0083
1.6560, 1.0000, -18.0819, -52.8753, 0.0084
1.6560, 2.0000, -9.0376, -52.8646, 0.0068
1.6560, 3.0000, 0.0000, -52.8612, 0.0063
1.6560, 4.0000, 9.0376, -52.8646, 0.0068
1.6560, 5.0000, 18.0819, -52.8753, 0.0084
1.6570, 1.0000, -18.0842, -53.5924, 0.0086
1.6570, 2.0000, -9.0387, -53.5814, 0.0069
1.6570, 3.0000, 0.0000, -53.5778, 0.0064
1.6570, 4.0000, 9.0387, -53.5814, 0.0069
1.6570, 5.0000, 18.0842, -53.5924, 0.0086
1.6580, 1.0000, -18.0864, -54.3121, 0.0087
1.6580, 2.0000, -9.0399, -54.3006, 0.0071
1.6580, 3.0000, 0.0000, -54.2969, 0.0065
1.6580, 4.0000, 9.0399, -54.3006, 0.0071
1.6580, 5.0000, 18.0864, -54.3121, 0.0087
1.6590, 1.0000, -18.0888, -55.0343, 0.0089
1.6590, 2.0000, -9.0410, -55.0223, 0.0072
1.6590, 3.0000, 0.0000, -55.0185, 0.0067
1.6590, 4.0000, 9.0410, -55.0223, 0.0072
1.6590, 5.0000, 18.0888, -55.0343, 0.0089
1.6600, 1.0000, -18.0911, -55.7591, 0.0090
1.6600, 2.0000, -9.0422, -55.7466, 0.0073
1.6600, 3.0000, 0.0000, -55.7426, 0.0068
1.6600, 4.0000, 9.0422, -55.7466, 0.0073
1.6600, 5.0000, 18.0911, -55.7591, 0.0090
1.6610, 1.0000, -18.0935, -56.4864, 0.0092
1.6610, 2.0000, -9.0434, -56.4735, 0.0075
1.6610, 3.0000, 0.0000, -56.4693, 0.0069
1.6610, 4.0000, 9.0434, -56.4735, 0.0075
1.6610, 5.0000, 18.0935, -56.4864, 0.0092
1.6620, 1.0000, -18.0960, -57.2164, 0.0094
1.6620, 2.0000, -9.0446, -57.2030, 0.0076
1.6620, 3.0000, 0.0000, -57.1986, 0.0071
1.6620, 4.0000, 9.0446, -57.2030, 0.0076
1.6620, 5.0000, 18.0960, -57.2164, 0.0094
1.6630, 1.0000, -18.0985, -57.9490, 0.0096
1.6630, 2.0000, -9.0458, -57.9351, 0.0078
1.6630, 3.0000, 0.0000, -57.9306, 0.0072
1.6630, 4.0000, 9.0458, -57.9351, 0.0078
1.6630, 5.0000, 18.0985, -57.9490, 0.0096
1.6640, 1.0000, -18.1010, -58.6843, 0.0097
1.6640, 2.0000, -9.0471, -58.6699, 0.0080
1.6640, 3.0000, 0.0000, -58.6652, 0.0074
1.6640, 4.0000, 9.0471, -58.6698, 0.0080
1.6640, 5.0000, 18.1010, -58.6842, 0.0097
1.6650, 1.0000, -18.1036, -59.4222, 0.0099
1.6650, 2.0000, -9.0483, -59.4073, 0.0081
1.6650, 3.0000, 0.0000, -59.4025, 0.0075
1.6650, 4.0000, 9.0483, -59.4073, 0.0081
1.6650, 5.0000, 18.1036, -59.4222, 0.0099
1.6660, 1.0000, -18.1062, -60.1630, 0.0101
1.6660, 2.0000, -9.0496, -60.1476, 0.0083
1.6660, 3.0000, 0.0000, -60.1426, 0.0077
1.6660, 4.0000, 9.0496, -60.1476, 0.0083
1.6660, 5.0000, 18.1062, -60.1630, 0.0101
1.6670, 1.0000, -18.1088, -60.9065, 0.0103
1.6670, 2.0000, -9.0509, -60.8906, 0.0085
1.6670, 3.0000, 0.0000, -60.8854, 0.0079
1.6670, 4.0000, 9.0509, -60.8906, 0.0085
1.6670, 5.0000, 18.1088, -60.9065, 0.0103
1.6680, 1.0000, -18.1115, -61.6529, 0.0105
1.6680, 2.0000, -9.0523, -61.6364, 0.0087
1.6680, 3.0000, 0.0000, -61.6311, 0.0081
1.6680, 4.0000, 9.0523, -61.6364, 0.0087
1.6680, 5.0000, 18.1115, -61.6529, 0.0105
1.6690, 1.0000, -18.1143, -62.4021, 0.0108
1.6690, 2.0000, -9.0536, -62.3851, 0.0089
1.6690, 3.0000, 0.0000, -62.3796, 0.0083
1.6690, 4.0000, 9.0536, -62.3851, 0.0089
1.6690, 5.0000, 18.1143, -62.4021, 0.0108
1.6700, 1.0000, -18.1171, -63.1542, 0.0110
1.6700, 2.0000, -9.0550, -63.1367, 0.0091
1.6700, 3.0000, 0.0000, -63.1310, 0.0084
1.6700, 4.0000, 9.0550, -63.1367, 0.0091
1.6700, 5.0000, 18.1171, -63.1542, 0.0110
1.6710, 1.0000, -18.1199, -63.9093, 0.0112
1.6710, 2.0000, -9.0564, -63.8911, 0.0093
1.6710, 3.0000, 0.0000, -63.8853, 0.0086
1.6710, 4.0000, 9.0564, -63.8911, 0.0093
1.6710, 5.0000, 18.1199, -63.9093, 0.0112
1.6720, 1.0000, -18.1228, -64.6673, 0.0114
1.6720, 2.0000, -9.0579, -64.6486, 0.0095
1.6720, 3.0000, 0.0000, -64.6425, 0.0088
1.6720, 4.0000, 9.0579, -64.6486, 0.0095
1.6720, 5.0000, 18.1228, -64.6673, 0.0114
1.6730, 1.0000, -18.1258, -65.4283, 0.0117
1.6730, 2.0000, -9.0593, -65.4091, 0.0097
1.6730, 3.0000, 0.0000, -65.4028, 0.0091
1.6730, 4.0000, 9.0593, -65.4091, 0.0097
1.6730, 5.0000, 18.1258, -65.4283, 0.0117
1.6740, 1.0000, -18.1287, -66.1924, 0.0119
1.6740, 2.0000, -9.0608, -66.1726, 0.0099
1.6740, 3.0000, 0.0000, -66.1661, 0.0093
1.6740, 4.0000, 9.0608, -66.1726, 0.0099
1.6740, 5.0000, 18.1287, -66.1924, 0.0119
1.6750, 1.0000, -18.1318, -66.9596, 0.0122
1.6750, 2.0000, -9.0623, -66.9392, 0.0102
1.6750, 3.0000, 0.0000, -66.9325, 0.0095
1.6750, 4.0000, 9.0623, -66.9392, 0.0102
1.6750, 5.0000, 18.1318, -66.9596, 0.0122
1.6760, 1.0000, -18.1349, -67.7299, 0.0124
1.6760, 2.0000, -9.0638, -67.7089, 0.0104
1.6760, 3.0000, 0.0000, -67.7020, 0.0097
1.6760, 4.0000, 9.0638, -67.7089, 0.0104
1.6760, 5.0000, 18.1349, -67.7299, 0.0124
1.6770, 1.0000, -18.1380, -68.5034, 0.0127
1.6770, 2.0000, -9.0654, -68.4818, 0.0106
1.6770, 3.0000, 0.0000, -68.4747, 0.0100
1.6770, 4.0000, 9.0654, -68.4818, 0.0106
1.6770, 5.0000, 18.1380, -68.5034, 0.0127
1.6780, 1.0000, -18.1412, -69.2802, 0.0130
1.6780, 2.0000, -9.0670, -69.2579, 0.0109
1.6780, 3.0000, 0.0000, -69.2506, 0.0102
1.6780, 4.0000, 9.0670, -69.2579, 0.0109
1.6780, 5.0000, 18.1412, -69.2802, 0.0130
1.6790, 1.0000, -18.1445, -70.0602, 0.0133
1.6790, 2.0000, -9.0686, -70.0373, 0.0112
1.6790, 3.0000, 0.0000, -70.0298, 0.0105
1.6790, 4.0000, 9.0686, -70.0373, 0.0112
1.6790, 5.0000, 18.1445, -70.0602, 0.0133
1.6800, 1.0000, -18.1478, -70.8435, 0.0136
1.6800, 2.0000, -9.0702, -70.8200, 0.0114
1.6800, 3.0000, 0.0000, -70.8122, 0.0107
1.6800, 4.0000, 9.0702, -70.8200, 0.0114
1.6800, 5.0000, 18.1478, -70.8435, 0.0136
1.6810, 1.0000, -18.1512, -71.6303, 0.0139
1.6810, 2.0000, -9.0719, -71.6060, 0.0117
1.6810, 3.0000, 0.0000, -71.5981, 0.0110
1.6810, 4.0000, 9.0719, -71.6060, 0.0117
1.6810, 5.0000, 18.1512, -71.6303, 0.0139
1.6820, 1.0000, -18.1546, -72.4204, 0.0142
1.6820, 2.0000, -9.0736, -72.3955, 0.0120
1.6820, 3.0000, 0.0000, -72.3873, 0.0113
1.6820, 4.0000, 9.0736, -72.3955, 0.0120
1.6820, 5.0000, 18.1546, -72.4204, 0.0142
1.6830, 1.0000, -18.1581, -73.2140, 0.0145
1.6830, 2.0000, -9.0753, -73.1884, 0.0123
1.6830, 3.0000, 0.0000, -73.1800, 0.0116
1.6830, 4.0000, 9.0753, -73.1884, 0.0123
1.6830, 5.0000, 18.1581, -73.2140, 0.0145
1.6840, 1.0000, -18.1616, -74.0111, 0.0148
1.6840, 2.0000, -9.0771, -73.9848, 0.0126
1.6840, 3.0000, 0.0000, -73.9762, 0.0118
1.6840, 4.0000, 9.0771, -73.9848, 0.0126
1.6840, 5.0000, 18.1616, -74.0111, 0.0148
1.6850, 1.0000, -18.1652, -74.8118, 0.0152
1.6850, 2.0000, -9.0789, -74.7848, 0.0129
1.6850, 3.0000, 0.0000, -74.7760, 0.0121
1.6850, 4.0000, 9.0789, -74.7848, 0.0129
1.6850, 5.0000, 18.1652, -74.8118, 0.0152
1.6860, 1.0000, -18.1689, -75.6162, 0.0156
1.6860, 2.0000, -9.0807, -75.5884, 0.0132
1.6860, 3.0000, 0.0000, -75.5793, 0.0124
1.6860, 4.0000, 9.0807, -75.5884, 0.0132
1.6860, 5.0000, 18.1689, -75.6162, 0.0156
1.6870, 1.0000, -18.1727, -76.4242, 0.0160
1.6870, 2.0000, -9.0825, -76.3957, 0.0135
1.6870, 3.0000, 0.0000, -76.3864, 0.0128
1.6870, 4.0000, 9.0825, -76.3957, 0.0135
1.6870, 5.0000, 18.1727, -76.4242, 0.0160
1.6880, 1.0000, -18.1766, -77.2360, 0.0164
1.6880, 2.0000, -9.0844, -77.2067, 0.0139
1.6880, 3.0000, 0.0000, -77.1971, 0.0131
1.6880, 4.0000, 9.0844, -77.2067, 0.0139
1.6880, 5.0000, 18.1766, -77.2360, 0.0164
1.6890, 1.0000, -18.1805, -78.0515, 0.0169
1.6890, 2.0000, -9.0864, -78.0216, 0.0142
1.6890, 3.0000, 0.0000, -78.0117, 0.0134
1.6890, 4.0000, 9.0864, -78.0216, 0.0142
1.6890, 5.0000, 18.1805, -78.0515, 0.0169
1.6900, 1.0000, -18.1844, -78.8709, 0.0173
1.6900, 2.0000, -9.0884, -78.8403, 0.0146
1.6900, 3.0000, 0.0000, -78.8301, 0.0138
1.6900, 4.0000, 9.0884, -78.8403, 0.0146
1.6900, 5.0000, 18.1844, -78.8709, 0.0173
1.6910, 1.0000, -18.1884, -79.6941, 0.0178
1.6910, 2.0000, -9.0903, -79.6628, 0.0150
1.6910, 3.0000, 0.0000, -79.6525, 0.0142
1.6910, 4.0000, 9.0903, -79.6628, 0.0150
1.6910, 5.0000, 18.1884, -79.6941, 0.0178
1.6920, 1.0000, -18.1925, -80.5212, 0.0183
1.6920, 2.0000, -9.0925, -80.4893, 0.0154
1.6920, 3.0000, 0.0000, -80.4787, 0.0146
1.6920, 4.0000, 9.0925, -80.4893, 0.0154
1.6920, 5.0000, 18.1925, -80.5212, 0.0183
1.6930, 1.0000, -18.1967, -81.3525, 0.0188
1.6930, 2.0000, -9.0944, -81.3198, 0.0159
1.6930, 3.0000, 0.0000, -81.3090, 0.0150
1.6930, 4.0000, 9.0944, -81.3198, 0.0159
1.6930, 5.0000, 18.1967, -81.3525, 0.0188
1.6940, 1.0000, -18.2009, -82.1876, 0.0194
1.6940, 2.0000, -9.0966, -82.1543, 0.0164
1.6940, 3.0000, -0.0000, -82.1433, 0.0155
1.6940, 4.0000, 9.0966, -82.1543, 0.0164
1.6940, 5.0000, 18.2009, -82.1876, 0.0194
1.6950, 1.0000, -18.2052, -83.0271, 0.0199
1.6950, 2.0000, -9.0986, -82.9930, 0.0169
1.6950, 3.0000, -0.0000, -82.9817, 0.0159
1.6950, 4.0000, 9.0986, -82.9930, 0.0169
1.6950, 5.0000, 18.2052, -83.0270, 0.0199
1.6960, 1.0000, -18.2097, -83.8705, 0.0204
1.6960, 2.0000, -9.1011, -83.8358, 0.0174
1.6960, 3.0000, -0.0000, -83.8243, 0.0164
1.6960, 4.0000, 9.1011, -83.8358, 0.0174
1.6960, 5.0000, 18.2097, -83.8705, 0.0204
1.6970, 1.0000, -18.2140, -84.7185, 0.0209
1.6970, 2.0000, -9.1030, -84.6830, 0.0179
1.6970, 3.0000, -0.0000, -84.6712, 0.0168
1.6970, 4.0000, 9.1030, -84.6830, 0.0179
1.6970, 5.0000, 18.2140, -84.7185, 0.0209
1.6980, 1.0000, -18.2185, -85.5708, 0.0212
1.6980, 2.0000, -9.1054, -85.5344, 0.0183
1.6980, 3.0000, -0.0000, -85.5224, 0.0174
1.6980, 4.0000, 9.1054, -85.5344, 0.0183
1.6980, 5.0000, 18.2185, -85.5708, 0.0212
1.6990, 1.0000, -18.2232, -86.4273, 0.0212
1.6990, 2.0000, -9.1079, -86.3903, 0.0189
1.6990, 3.0000, -0.0000, -86.3780, 0.0179
1.6990, 4.0000, 9.1079, -86.3903, 0.0189
1.6990, 5.0000, 18.2232, -86.4273, 0.0212
1.7000, 1.0000, -18.2280, -87.2886, 0.0211
1.7000, 2.0000, -9.1099, -87.2505, 0.0193
1.7000, 3.0000, -0.0000, -87.2381, 0.0182
1.7000, 4.0000, 9.1099, -87.2505, 0.0193
1.7000, 5.0000, 18.2280, -87.2886, 0.0211
1.7010, 1.0000, -18.2328, -88.1545, 0.0219
1.7010, 2.0000, -9.1129, -88.1156, 0.0195
1.7010, 3.0000, -0.0000, -88.1029, 0.0188
1.7010, 4.0000, 9.1129, -88.1156, 0.0195
1.7010, 5.0000, 18.2328, -88.1545, 0.0219
1.7020, 1.0000, -18.2372, -89.0253, 0.0217
1.7020, 2.0000, -9.1154, -88.9851, 0.0200
1.7020, 3.0000, -0.0000, -88.9721, 0.0190
1.7020, 4.0000, 9.1154, -88.9851, 0.0200
1.7020, 5.0000, 18.2372, -89.0253, 0.0217
1.7030, 1.0000, -18.2422, -89.9009, 0.0210
1.7030, 2.0000, -9.1178, -89.8595, 0.0199
1.7030, 3.0000, -0.0000, -89.8463, 0.0192
1.7030, 4.0000, 9.1178, -89.8595, 0.0199
1.7030, 5.0000, 18.2422, -89.9009, 0.0210
1.7040, 1.0000, -18.2471, -90.7816, 0.0217
1.7040, 2.0000, -9.1207, -90.7389, 0.0201
1.7040, 3.0000, -0.0000, -90.7252, 0.0198
1.7040, 4.0000, 9.1207, -90.7389, 0.0201
1.7040, 5.0000, 18.2471, -90.7816, 0.0217
1.7050, 1.0000, -18.2516, -91.6672, 0.0211
1.7050, 2.0000, -9.1223, -91.6234, 0.0199
1.7050, 3.0000, -0.0000, -91.6086, 0.0196
1.7050, 4.0000, 9.1223, -91.6234, 0.0199
1.7050, 5.0000, 18.2516, -91.6672, 0.0211
1.7060, 1.0000, -18.2577, -92.5582, 0.0194
1.7060, 2.0000, -9.1247, -92.5132, 0.0200
1.7060, 3.0000, -0.0000, -92.4983, 0.0194
1.7060, 4.0000, 9.1247, -92.5132, 0.0200
1.7060, 5.0000, 18.2577, -92.5582, 0.0194
1.7070, 1.0000, -18.2628, -93.4551, 0.0179
1.7070, 2.0000, -9.1273, -93.4084, 0.0193
1.7070, 3.0000, -0.0000, -93.3932, 0.0198
1.7070, 4.0000, 9.1273, -93.4084, 0.0193
1.7070, 5.0000, 18.2628, -93.4551, 0.0179
1.7080, 1.0000, -18.2676, -94.3567, 0.0171
1.7080, 2.0000, -9.1301, -94.3086, 0.0196
1.7080, 3.0000, -0.0000, -94.2928, 0.0183
1.7080, 4.0000, 9.1301, -94.3086, 0.0196
1.7080, 5.0000, 18.2676, -94.3567, 0.0171
1.7090, 1.0000, -18.2730, -95.2648, 0.0155
1.7090, 2.0000, -9.1324, -95.2146, 0.0188
1.7090, 3.0000, -0.0000, -95.1984, 0.0180
1.7090, 4.0000, 9.1324, -95.2146, 0.0188
1.7090, 5.0000, 18.2730, -95.2648, 0.0155
1.7100, 1.0000, -18.2791, -96.1791, 0.0133
1.7100, 2.0000, -9.1357, -96.1267, 0.0184
1.7100, 3.0000, -0.0000, -96.1099, 0.0188
1.7100, 4.0000, 9.1357, -96.1267, 0.0184
1.7100, 5.0000, 18.2791, -96.1791, 0.0133
1.7110, 1.0000, -18.2851, -97.1002, 0.0117
1.7110, 2.0000, -9.1389, -97.0451, 0.0159
1.7110, 3.0000, -0.0000, -97.0270, 0.0171
1.7110, 4.0000, 9.1389, -97.0451, 0.0159
1.7110, 5.0000, 18.2851, -97.1002, 0.0117
1.7120, 1.0000, -18.2919, -98.0272, 0.0089
1.7120, 2.0000, -9.1413, -97.9694, 0.0167
1.7120, 3.0000, -0.0000, -97.9508, 0.0174
1.7120, 4.0000, 9.1413, -97.9694, 0.0167
1.7120, 5.0000, 18.2919, -98.0272, 0.0089
1.7130, 1.0000, -18.2988, -98.9621, 0.0049
1.7130, 2.0000, -9.1439, -98.8999, 0.0139
1.7130, 3.0000, -0.0000, -98.8814, 0.0159
1.7130, 4.0000, 9.1439, -98.8999, 0.0139
1.7130, 5.0000, 18.2988, -98.9621, 0.0049
1.7140, 1.0000, -18.3053, -99.9052, 0.0000
1.7140, 2.0000, -9.1471, -99.8390, 0.0113
1.7140, 3.0000, -0.0000, -99.8191, 0.0146
1.7140, 4.0000, 9.1471, -99.8390, 0.0113
1.7140, 5.0000, 18.3053, -99.9052, 0.0000
1.7150, 1.0000, -18.3147, -100.8536, 0.0000
1.7150, 2.0000, -9.1516, -100.7846, 0.0075
1.7150, 3.0000, -0.0000, -100.7639, 0.0100
1.7150, 4.0000, 9.1516, -100.7846, 0.0075
1.7150, 5.0000, 18.3147, -100.8536, 0.0000
1.7160, 1.0000, 0.0000, 0.0000, 0.0000
1.7160, 2.0000, -9.1544, -101.7400, 0.0033
1.7160, 3.0000, -0.0000, -101.7170, 0.0075
1.7160, 4.0000, 9.1544, -101.7400, 0.0033
1.7160, 5.0000, 0.0000, 0.0000, 0.0000
1.7170, 1.0000, 0.0000, 0.0000, 0.0000
1.7170, 2.0000, -9.1621, -102.7023, 0.0000
1.7170, 3.0000, 0.0000, -102.6858, 0.0035
1.7170, 4.0000, 9.1621, -102.7023, 0.0000
1.7170, 5.0000, 0.0000, 0.0000, 0.0000
1.7180, 1.0000, 0.0000, 0.0000, 0.0000
1.7180, 2.0000, 0.0000, 0.0000, 0.0000
1.7180, 3.0000, 0.0000, 0.0000, 0.0000
1.7180, 4.0000, 0.0000, 0.0000, 0.0000
1.7180, 5.0000, 0.0000, 0.0000, 0.0000
1.7190, 1.0000, 0.0000, 0.0000, 0.0000
1.7190, 2.0000, 0.0000, 0.0000, 0.0000
1.7190, 3.0000, 0.0000, 0.0000, 0.0000
1.7190, 4.0000, 0.0000, 0.0000, 0.0000
1.7190, 5.0000, 0.0000, 0.0000, 0.0000
1.7200, 1.0000, 0.0000, 0.0000, 0.0000
1.7200, 2.0000, 0.0000, 0.0000, 0.0000
1.7200, 3.0000, 0.0000, 0.0000, 0.0000
1.7200, 4.0000, 0.0000, 0.0000, 0.0000
1.7200, 5.0000, 0.0000, 0.0000, 0.0000
1.7210, 1.0000, 0.0000, 0.0000, 0.0000
1.7210, 2.0000, 0.0000, 0.0000, 0.0000
1.7210, 3.0000, 0.0000, 0.0000, 0.0000
1.7210, 4.0000, 0.0000, 0.0000, 0.0000
1.7210, 5.0000, 0.0000, 0.0000, 0.0000
1.7220, 1.0000, 0.0000, 0.0000, 0.0000
1.7220, 2.0000, 0.0000, 0.0000, 0.0000
1.7220, 3.0000, 0.0000, 0.0000, 0.0000
1.7220, 4.0000, 0.0000, 0.0000, 0.0000
1.7220, 5.0000, 0.0000, 0.0000, 0.0000
1.7230, 1.0000, 0.0000, 0.0000, 0.0000
1.7230, 2.0000, 0.0000, 0.0000, 0.0000
1.7230, 3.0000, 0.0000, 0.0000, 0.0000
1.7230, 4.0000, 0.0000, 0.0000, 0.0000
1.7230, 5.0000, 0.0000, 0.0000, 0.0000
1.7240, 1.0000, 0.0000, 0.0000, 0.0000
1.7240, 2.0000, 0.0000, 0.0000, 0.0000
1.7240, 3.0000, 0.0000, 0.0000, 0.0000
1.7240, 4.0000, 0.0000, 0.0000, 0.0000
1.7240, 5.0000, 0.0000, 0.0000, 0.0000
1.7250, 1.0000, 0.0000, 0.0000, 0.0000
1.7250, 2.0000, 0.0000, 0.0000, 0.0000
1.7250, 3.0000, 0.0000, 0.0000, 0.0000
1.7250, 4.0000, 0.0000, 0.0000, 0.0000
1.7250, 5.0000, 0.0000, 0.0000, 0.0000
1.7260, 1.0000, 0.0000, 0.0000, 0.0000
1.7260, 2.0000, 0.0000, 0.0000, 0.0000
1.7260, 3.0000, 0.0000, 0.0000, 0.0000
1.7260, 4.0000, 0.0000, 0.0000, 0.0000
1.7260, 5.0000, 0.0000, 0.0000, 0.0000
1.7270, 1.0000, 0.0000, 0.0000, 0.0000
1.7270, 2.0000, 0.0000, 0.0000, 0.0000
1.7270, 3.0000, 0.0000, 0.0000, 0.0000
1.7270, 4.0000, 0.0000, 0.0000, 0.0000
1.7270, 5.0000, 0.0000, 0.0000, 0.0000
1.7280, 1.0000, 0.0000, 0.0000, 0.0000
1.7280, 2.0000, 0.0000, 0.0000, 0.0000
1.7280, 3.0000, 0.0000, 0.0000, 0.0000
1.7280, 4.0000, 0.0000, 0.0000, 0.0000
1.7280, 5.0000, 0.0000, 0.0000, 0.0000
1.7290, 1.0000, 0.0000, 0.0000, 0.0000
1.7290, 2.0000, 0.0000, 0.0000, 0.0000
1.7290, 3.0000, 0.0000, 0.0000, 0.0000
1.7290, 4.0000, 0.0000, 0.0000, 0.0000
1.7290, 5.0000, 0.0000, 0.0000, 0.0000
