15008.6
15020.2
15031.5
15040.3
15051.7
15060.3
15071.4
15085.5
15100.9
15116.8
15126.4
15140.5
15145.8
15156.1
15165.5
15173.3
15180.3
15186.2
15194.5
15204.2
15211.1
15223.3
15240.0
15257.2
15267.0
15278.9
15289.5
15296.4
15309.9
15320.0
15336.2
15349.7
15353.9
15362.1
15372.7
15379.0
15382.8
15389.7
15405.3
15410.6
15426.5
15459.1
15491.1
15508.1
15521.3
15528.2
15546.8
15566.6
15598.9
15714.2
15773.5
15789.1
15812.7
15831.0
15860.4
15880.5
15891.1
15912.1
15922.7
15933.5
15945.4
15965.0
15972.7
15986.2
15993.9
16019.1
16115.0
16126.4
16158.7
16167.9
16204.0
16226.0
16235.0
16248.0
16264.6
16274.7
16292.5
16308.6
16331.4
16356.6
16379.3
16405.6
16414.6
16430.7
16440.3
16457.2
16484.0
16511.5
16539.1
16552.3
16567.4
16578.0
16587.0
16595.5
16625.4
16635.0
16660.7
16688.7
16615.5
16734.6
16746.8
16756.6
16770.6
16778.0
16842.1
16862.0
16874.7
16908.1
16941.7
16954.7
16973.5
16997.6
