# CHIPNUM WAVE    FLUX
3  15148.030  1.746E6
3  15150.010  2.000E6
3  15152.170  2.056E6
3  15153.190  2.588E5
3  15187.130  1.631E8
3  15230.800  3.800E5
3  15240.950  6.100E8
3  15264.050  1.377E5
3  15265.000  3.168E5
3  15265.840  3.983E5
3  15267.020  0.964E5
3  15268.750  1.332E6  
3  15270.390  1.381E6
3  15282.600  2.202E6
3  15285.020  2.383E6
3  15287.800  2.370E8
3  15302.870  1.294E5
3  15306.160  7.210E5
3  15307.900  2.475E5
3  15315.600  1.998E5
3  15310.920  7.137E6
3  15332.410  7.414E8
3  15341.840  0.93E5
3  15346.290  0.68E5
3  15348.890  1.545E7
3  15350.460  2.540E5
3  15353.410  1.539E5
3  15355.760  5.200E5
3  15357.290  2.762E5
3  15373.020  6.852E6
3  15375.300  5.471E6
3  15376.730  1.395E7
3  15378.340  4.817E6
3  15379.590  4.488E6
3  15382.710  1.219E5
3  15387.280  5.029E6
3  15388.210  5.969E6
3  15389.140  3.172E6
3  15391.650  4.136E6
3  15395.360  2.156E8
3  15405.180  6.392E6
3  15407.300  6.740E6
3  15411.430  6.234E6
3  15413.400  1.294E6
3  15418.350  1.396E5
3  15423.700  2.356E6
3  15426.570  1.640E6
3  15431.710  2.756E8
3  15432.650  2.571E8
3  15438.840  7.371E6
3  15441.900  1.541E5
3  15462.140  2.350E7
3  15468.190  5.406E6
3  15474.250  1.490E7
3  15476.080  8.867E5
3  15488.470  1.680E7
3  15495.710  0.9E5
3  15500.870  6.968E7
3  15509.790  1.302E8
3  15517.790  4.190E7
3  15521.840  1.522E5
3  15523.560  1.236E5
3  15528.970  1.236E5 ?
3  15530.530  1.135E5 ?
3  15539.720  1.339E8
3  15540.960  1.318E8
3  15542.690  6.073E6
3  15546.130  1.778E8
3  15548.000  4.053E5
3  15552.910  2.430E5
3  15558.640  0.400E5
3  15560.970  3.265E6
3  15562.190  2.958E6
3  15564.450  2.343E6
3  15570.120  8.732E7
3  15573.000  2.355E6
3  15574.950  8.936E5
3  15576.310  2.066E6
3  15580.870  4.546E6
3  15582.980  2.964E5
3  15584.250  2.316E5
3  15589.040  3.585E5
3  15597.590  3.569E8
3  15601.800  1.318E6
3  15612.690  4.115E6
3  15613.940  3.932E6
3  15620.080  2.420E6
3  15621.410  7.055E5
3  15628.960  1.856E6
3  15631.490  2.031E8
3  15637.810  0.70E5
3  15640.770  3.396E6
3  15646.070  2.021E5
3  15647.660  1.391E5
3  15654.920  4.411E8
3  15656.220  4.674E7
3  15657.760  3.954E7
3  15659.160  6.280E5
3  15660.150  5.817E5
3  15661.290  0.66E5
3  15662.920  0.70E5
3  15666.190  5.436E5
3  15671.490  5.481E5
3  15674.560  3.925E5
3  15677.680  2.040E5
3  15679.320  1.001E6
3  15683.920  5.324E6
3  15687.740  1.539E6
3  15689.370  4.811E5
3  15692.590  1.669E6
3  15693.850  0.874E5
3  15702.500  1.451E8
3  15705.930  2.778E6
3  15711.420  6.207E6
3  15715.640  3.663E5
3  15718.460  3.338E5
3  15719.370  4.495E6
3  15721.410  2.264E6
3  15724.720  1.125E7
3  15727.540  2.330E5
3  15729.010  1.707E5
3  15730.910  3.074E6
3  15733.030  5.372E6
3  15734.790  2.246E6
3  15738.170  8.157E6
3  15739.430  5.607E6
3  15741.260  0.92E5
3  15745.800  5.434E5
3  15746.760  6.907E6
3  15751.820  9.318E6
3  15756.530  1.623E5
3  15759.920  1.139E7
3  15760.750  1.657E7
3  15764.090  8.092E5
3  15765.560  1.042E7
3  15767.720  4.962E6
3  15774.690  5.472E6
3  15779.550  1.091E7
3  15781.180  1.746E7
3  15783.110  1.639E7
3  15788.890  2.428E6
3  15793.580  9.680E6
3  15798.360  3.486E5
3  15800.200  2.102E5
3  15803.170  2.565E7
3  15804.230  8.082E6
3  15808.240  4.527E7
2  15862.660  6.424E6
2  15863.870  6.629E6
2  15869.070  6.522E7
2  15870.890  6.242E7
2  15873.360  4.755E6
2  15875.560  3.656E6
2  15877.040  2.205E6
2  15883.100  5.521E6
2  15887.900  4.289E6
2  15889,990  4.459E6
2  15891.060  2.835E6
2  15892.710  1.713E6
2  15896.240  2.070E7
2  15897.100  5.402E6
2  15898.190  1.005E7
2  15899.370  1.816E7
2  15902.560  5.348E6
2  15904.650  0.5E5
2  15910.410  0.7E5
2  15912.610  2.699E6
2  15915.140  6.768E6
2  15917.380  8.324E6
2  15925.270  3.563E6
2  15927.540  1.487E6
2  15929.870  4.117E6
2  15932.230  1.328E6
2  15934.990  4.252E6
2  15942.580  8.811E5
2  15945.400  2.651E5
2  15946.000  3.022E5
2  15947.210  8.919E5
2  15948.800  2.103E5
2  15954.300  2.205E6
2  15957.640  4.186E5
2  15962.360  3.864E5
2  15966.830  1.549E5
2  15967.980  1.959E5
2  15970.500  3.430E5
2  15972.610  2.430E8
2  15977.930  1.186E6
2  15983.730  1.814E6
2  16013.330  1.320E6
2  16014.300  1.992E5
2  16015.190  2.860E5
2  16018.370  2.229E5
2  16022.900  1.498E5
2  16023.600  1.081E5
2  16024.500  0.939E5
2  16026.300  0.735E5
2  16030.830  7.921E8
2  16041.260  3.782E6
2  16042.930  4.245E6
2  16043.820  9.553E5
2  16050.560  0.55E5
2  16051.440  2.666E5
2  16053.470  4.022E5
2  16054.770  1.789E5
2  16057.140  4.869E6
2  16059.860  3.979E6
2  16066.080  2.343E6
2  16069.470  1.367E6
2  16072.950  5.782E5
2  16073.860  4.399E6
2  16079.770  3.048E8
2  16081.280  1.878E5
2  16085.600  1.089E5
2  16089.200  0.98E5
2  16090.100  0.88E5
2  16092.580  5.248E5
2  16093.610  4.543E5
2  16094.700  0.42E5
2  16095.300  0.41E5
2  16097.650  2.930E6
2  16102.130  3.519E5
2  16102.940  4.274E5
2  16104.380  2.574E5
2  16108.210  0.97E5
2  16109.160  0.97E5
2  16113.370  0.46E5
2  16114.370  0.77E5
2  16116.460  0.3E5
2  16118.780  7.689E6
2  16122.460  5.794E5
2  16128.300  4.107E8
2  16128.960  4.036E8
2  16133.200  0.51E5
2  16151.200  2.422E5
2  16151.900  1.319E5
2  16153.100  2.337E5
2  16154.000  0.5E5
2  16155.430  2.198E5
2  16159.600  1.545E7
2  16171.440  1.934E6
2  16173.270  5.280E5
2  16174.820  4.782E5
2  16187.500  2.000E5
2  16188.300  1.352E5
2  16189.200  5.141E5
2  16194.650  2.315E8
2  16196.570  2.135E6
2  16203.930  0.95E5
2  16208.520  4.503E6
2  16209.700  8.470E5
2  16210.400  9.442E5
2  16211.630  3.516E6
2  16221.160  1.293E7
2  16223.250  4.796E6
2  16224.600  4.479E6
2  16229.140  8.955E6
2  16230.100  8.185E6
2  16234.910  2.709E8
2  16235.800  2.652E8
2  16242.100  0.82E5
2  16245.810  1.643E7
2  16252.620  7.432E6
2  16256.080  1.354E6
2  16259.430  2.704E6
2  16264.600  1.853E6
2  16270.280  1.765E7
2  16277.600  7.624E5
2  16278.700  6.683E5
2  16279.750  7.318E6
2  16291.800  1.437E5
2  16292.900  0.84E5
2  16302.260  2.425E7
2  16303.600  6.397E6
2  16307.500  7.067E6
2  16308.200  7.004E6
2  16311.400  0.62E5
2  16315.500  1.438E7
2  16317.150  1.270E8
2  16339.830  6.038E6
2  16341.750  6.411E7
2  16345.700  3.548E6
2  16346.500  1.211E6
2  16350.650  1.289E8
2  16351.960  1.280E8
2  16356.660  3.255E6
2  16359.040  3.141E6
2  16360.400  3.225E7
2  16363.870  5.845E6
2  16364.920  5.710E6
2  16369.010  4.362E6
2  16372.610  3.513E6
2  16383.400  0.62E5
2  16388.500  1.451E8
2  16393.061  2.006E5
2  16394.381  2.446E5
2  16397.131  3.349E6
2  16398.199  1.119E6
2  16402.200  0.6E5
2  16409.199  2.910E6
2  16414.730  6.639E7
2  16430.300  4.238E5
1  16475.580  4.202E7
1  16477.289  4.233E7
1  16479.061  9.573E7
1  16484.039  4.772E5
1  16489.700  0.93E5
1  16502.461  2.615E8
1  16517.949  0.62E5
1  16519.619  0.59E5
1  16521.189  1.700E5
1  16524.670  1.102E5
1  16528.199  4.198E6
1  16530.801  3.681E6
1  16532.350  1.081E6
1  16539.250  4.452E6
1  16540.100  1.678E5
1  16543.260  3.027E6
1  16544.360  5.254E5
1  16553.950  9.218E7
1  16559.400  2.678E6
1  16585.920  8.841E6
1  16586.930  8.369E6
1  16595.800  1.318E5
1  16603.100  1.241E5
1  16605.700  0.97E5
1  16609.500  5.121E5
1  16610.080  1.409E7
1  16612.130  1.332E7
1  16636.860  3.000E5
1  16638.790  2.658E5
1  16654.620  5.826E5
1  16659.300  9.300E5
1  16660.680  2.017E6
1  16666.870  1.252E6
1  16669.900  0.57E5
1  16689.000  3.053E7
1  16689.700  2.970E7
1  16692.580  5.409E8
1  16700.400  0.62E5
1  16702.270  9.043E6
1  16703.490  8.971E6
1  16708.740  9.945E7
1  16709.460  9.692E7
1  16712.310  1.676E6
1  16714.800  2.132E5
1  16718.420  2.236E6
1  16719.150  3.403E6
1  16723.700  3.542E6
1  16724.300  3.335E6
1  16725.670  3.392E6
1  16731.840  3.246E7
1  16733.680  3.504E7
1  16734.600  4.252E6
1  16750.500  1.774E5
1  16751.300  1.995E5
1  16754.150  5.822E6
1  16755.300  1.163E6
1  16756.500  5.888E6
1  16758.900  0.5E5
1  16762.210  8.975E6
1  16765.560  8.877E6
1  16773.500  0.57E5
1  16794.270  6.294E5
1  16800.000  2.079E6
1  16801.300  1.281E5
1  16802.200  1.386E5
1  16803.200  0.68E5
1  16805.270  2.283E6
1  16840.640  7.533E7
1  16845.320  4.718E5
1  16853.010  5.315E5
1  16871.290  2.473E5
1  16876.780  1.965E6
1  16881.900  0.95E5
1  16883.650  7.872E5
1  16887.380  0.4E5
1  16889.120  2.136E6
1  16890.890  1.763E6
1  16896.800  3.894E5
1  16897.600  3.367E5
1  16899.790  1.507E6
1  16903.640  2.598E8
1  16907.300  2.370E6
1  16908.900  2.099E6
1  16910.200  2.062E6
1  16913.840  1.552E6
1  16925.700  0.64E5
1  16945.580  3.468E5
