      15051.437      1301.45
      15064.851      442.253
      15078.133      6.40100
      15084.154      100.915
      15182.991      320.481
      15236.790      1142.70
      15283.613      421.471
      15328.213      1235.86
      15391.128      372.815
      15427.940      766.602
      15457.901      34.0960
      15469.985      21.3650
      15496.630      107.146
      15505.532      209.740
      15513.633      65.1300
      15536.700      367.834
      15541.894      248.692
      15565.906      130.931
      15593.370      514.309
      15627.173      318.425
      15650.677      660.139
      15756.525      33.7500
      15776.852      43.2450
      15828.947      1679.74
      15843.732      598.535
      15858.156      15.8900
      15864.973      157.992
      15885.693      7.90300
      15892.869      20.0570
      15927.858      6.45900
      15968.233      419.951
      16026.453      1364.31
      16075.361      555.899
      16124.203      1435.16
      16190.192      471.901
      16230.942      1047.03
      16265.874      26.2490
      16275.281      12.0980
      16297.826      46.4200
      16311.059      284.288
      16384.016      298.767
      16410.254      150.420
      16437.665      553.605
      16443.124      123.054
      16471.149      33.9200
      16474.561      188.635
      16497.858      643.859
      16549.293      249.556
      16581.793      46.5920
      16687.822      1566.79
      16698.078      41.7130
      16704.289      557.967
      16758.994      21.0590
      16835.882      272.389
