15006.255 2.715e+01
15007.219 2.715e+01
15025.143 4.861e+01
15026.969 4.861e+01
15052.850 5.187e+02
15052.882 5.187e+02
15055.541 4.751e+03
15055.559 4.751e+03
15057.493 5.851e-12
15058.968 5.851e-12
15060.237 1.306e-11
15062.439 1.306e-11
15063.975 1.533e+02
15064.021 1.533e+02
15068.938 1.646e+03
15068.998 1.646e+03
15074.487 6.514e-10
15077.389 6.514e-10
15082.237 5.734e+01
15082.272 5.734e+01
15088.211 5.183e+02
15088.341 5.183e+02
15107.382 1.902e+01
15107.382 1.902e+01
15109.236 1.744e-02
15111.480 1.744e-02
15113.615 1.387e+02
15113.835 1.387e+02
15124.161 2.709e-02
15128.094 2.709e-02
15133.800 5.436e+00
15135.056 5.436e+00
15139.188 5.162e+00
15139.245 5.162e+00
15145.333 3.073e+01
15145.663 3.073e+01
15149.909 9.186e+00
15152.079 9.186e+00
15158.032 1.091e-13
15159.742 1.091e-13
15177.623 1.117e+00
15177.759 1.117e+00
15183.501 5.559e+00
15183.961 5.559e+00
15187.009 1.054e+03
15187.271 1.054e+03
15222.696 1.904e-01
15222.927 1.904e-01
15228.234 8.152e-01
15228.844 8.152e-01
15240.788 3.521e+03
15241.120 3.521e+03
15268.779 8.258e-01
15270.341 8.258e-01
15274.460 2.559e-02
15274.805 2.559e-02
15279.643 9.635e-02
15280.420 9.635e-02
15282.700 1.333e+00
15285.229 1.333e+00
15287.747 1.301e+03
15287.831 1.301e+03
15292.583 2.348e-03
15295.289 2.348e-03
15306.497 3.559e-03
15311.049 3.559e-03
15332.100 3.645e+03
15332.705 3.645e+03
15333.004 2.712e-03
15333.481 2.712e-03
15337.839 9.177e-03
15338.807 9.177e-03
15372.754 2.749e-03
15373.217 2.749e-03
15374.758 1.841e-03
15375.367 1.841e-03
15376.192 3.431e-02
15376.688 1.754e-04
15376.737 3.431e-02
15377.050 1.754e-04
15377.927 1.199e-04
15378.498 1.199e-04
15379.202 2.240e-02
15379.830 2.240e-02
15386.914 3.393e-01
15387.521 3.393e-01
15388.084 8.951e-06
15388.334 8.951e-06
15388.733 6.221e-06
15389.253 6.221e-06
15391.265 2.144e-01
15391.890 2.144e-01
15395.258 9.728e+02
15395.411 9.728e+02
15398.440 2.281e-04
15399.070 2.281e-04
15402.950 7.016e-04
15404.127 7.016e-04
15404.829 2.640e+00
15405.474 2.640e+00
15407.045 3.670e-07
15407.177 3.670e-07
15407.230 2.585e-07
15407.690 2.585e-07
15410.998 1.609e+00
15411.503 9.600e-02
15411.596 1.609e+00
15413.386 9.600e-02
15423.676 1.494e-01
15426.582 1.494e-01
15429.836 1.614e+01
15430.490 1.614e+01
15431.701 2.343e+03
15432.612 2.343e+03
15433.498 8.643e-09
15433.680 1.214e-08
15433.699 1.214e-08
15433.897 8.643e-09
15438.511 9.376e+00
15439.052 9.376e+00
15461.807 7.674e+01
15462.443 7.674e+01
15467.635 2.337e-10
15467.985 2.337e-10
15470.904 1.513e-05
15471.703 1.513e-05
15473.985 4.203e+01
15474.439 4.203e+01
15475.113 4.319e-05
15476.519 4.319e-05
15490.187 2.675e-04
15493.407 2.675e-04
15500.571 2.809e+02
15501.157 2.809e+02
15503.240 3.971e-04
15508.475 3.971e-04
15509.559 5.063e+02
15509.979 5.063e+02
15517.706 1.428e+02
15518.039 1.428e+02
15539.711 1.082e+03
15540.945 1.082e+03
15545.890 7.763e+02
15546.393 7.763e+02
15550.548 8.014e-07
15551.532 8.014e-07
15554.483 2.144e-06
15556.135 2.144e-06
15562.279 8.591e-03
15564.500 8.591e-03
15570.070 3.595e+02
15570.249 3.595e+02
15573.037 1.299e-02
15576.342 1.299e-02
15597.439 1.551e+03
15597.823 1.551e+03
15630.972 1.922e+02
15631.560 6.395e+02
15631.563 6.395e+02
15631.677 1.922e+02
15637.545 3.401e-08
15638.729 3.401e-08
15641.234 8.572e-08
15643.143 8.572e-08
15654.833 1.934e+03
15655.074 1.934e+03
15656.178 3.739e+02
15657.749 3.739e+02
15702.447 7.003e+02
15702.631 7.003e+02
15703.027 2.594e-05
15706.824 2.594e-05
15715.348 3.783e-05
15721.341 3.783e-05
15721.418 5.965e-04
15723.996 5.965e-04
15731.017 8.812e-04
15732.088 1.154e-09
15733.479 1.154e-09
15734.740 8.812e-04
15735.556 2.766e-09
15737.729 2.766e-09
15759.826 5.454e+01
15760.830 5.454e+01
15781.163 9.854e+01
15783.090 9.854e+01
15830.316 5.574e+02
15830.354 5.574e+02
15833.263 5.138e+03
15833.282 5.138e+03
15834.390 3.158e-11
15835.988 3.158e-11
15837.662 7.279e-11
15840.095 7.279e-11
15842.477 1.667e+02
15842.530 1.667e+02
15848.027 1.825e+03
15848.095 1.825e+03
15862.467 6.387e+01
15862.511 6.387e+01
15869.235 5.944e+02
15869.379 5.944e+02
15889.240 3.229e-05
15890.031 2.198e+01
15890.036 2.198e+01
15892.197 3.229e-05
15896.477 1.174e+01
15897.165 1.661e+02
15897.411 1.661e+02
15897.794 1.174e+01
15897.877 4.680e-05
15902.043 4.680e-05
15914.772 2.001e+01
15917.072 2.001e+01
15924.941 6.273e+00
15925.000 6.273e+00
15932.025 3.879e+01
15932.216 2.152e-06
15932.396 3.879e+01
15936.656 2.152e-06
15943.911 3.093e-06
15944.686 7.049e-13
15946.481 7.049e-13
15950.745 3.093e-06
15967.159 1.443e+00
15967.305 1.443e+00
15972.455 1.136e+03
15972.738 1.136e+03
15973.978 7.469e+00
15974.496 7.469e+00
16016.703 2.648e-01
16016.955 2.648e-01
16023.161 1.177e+00
16023.849 1.177e+00
16030.661 3.806e+03
16031.002 3.806e+03
16041.272 1.938e+00
16042.920 1.938e+00
16057.155 3.153e+00
16059.850 3.153e+00
16066.085 1.370e-06
16069.442 1.370e-06
16073.641 3.877e-02
16073.914 1.956e-06
16074.019 3.877e-02
16078.548 1.956e-06
16079.701 1.429e+03
16079.710 1.512e-01
16079.805 1.429e+03
16080.588 1.512e-01
16128.294 4.033e+03
16128.923 4.033e+03
16138.078 4.519e-03
16138.604 4.519e-03
16143.764 1.580e-02
16144.854 1.580e-02
16179.010 1.538e-07
16184.176 1.538e-07
16194.544 1.102e+03
16194.561 2.472e-01
16194.687 1.102e+03
16196.559 2.472e-01
16208.505 3.877e-01
16210.154 4.213e-04
16210.846 4.213e-04
16211.619 3.877e-01
16215.477 1.340e-03
16216.800 1.340e-03
16220.815 4.766e-03
16221.052 5.332e-02
16221.190 4.766e-03
16221.522 5.332e-02
16222.822 3.173e-03
16223.410 3.173e-03
16224.185 3.459e-02
16224.804 3.459e-02
16228.825 3.424e-04
16229.085 3.424e-04
16229.410 4.773e-01
16229.955 4.773e-01
16229.973 2.329e-04
16230.508 2.329e-04
16234.043 3.002e-01
16234.669 3.002e-01
16234.899 2.679e+03
16235.854 2.679e+03
16245.213 1.987e-05
16245.341 1.987e-05
16245.694 1.375e-05
16245.772 3.405e+00
16246.157 1.375e-05
16246.367 3.405e+00
16252.310 4.581e-08
16252.431 2.059e+00
16253.038 2.059e+00
16256.090 4.581e-08
16259.452 6.464e-08
16264.579 6.464e-08
16270.010 1.922e+01
16270.084 6.561e-07
16270.107 9.346e-07
16270.127 9.346e-07
16270.458 6.561e-07
16270.627 1.922e+01
16279.449 1.108e+01
16280.005 1.108e+01
16290.032 3.140e-05
16290.907 3.140e-05
16295.018 9.220e-05
16296.594 9.220e-05
16301.973 8.526e+01
16302.584 8.526e+01
16303.272 2.543e-08
16303.544 2.543e-08
16303.556 3.581e-08
16303.732 3.581e-08
16315.279 4.629e+01
16315.752 4.629e+01
16316.949 5.978e+02
16317.374 5.978e+02
16341.470 2.940e+02
16342.041 2.940e+02
16345.421 8.041e-10
16345.580 8.041e-10
16350.650 1.291e+03
16351.954 1.291e+03
16356.689 2.456e-02
16359.061 2.456e-02
16360.209 1.482e+02
16360.562 1.482e+02
16369.060 3.736e-02
16372.618 3.736e-02
16377.900 1.887e-06
16378.975 1.887e-06
16382.578 5.169e-06
16384.422 5.169e-06
16388.244 7.731e+02
16388.740 7.731e+02
16414.641 3.550e+02
16414.834 3.550e+02
16441.965 1.484e+03
16442.346 1.484e+03
16447.252 2.393e+02
16447.980 2.393e+02
16448.293 1.214e-09
16452.521 1.214e-09
16454.850 1.696e-09
16460.496 1.696e-09
16473.971 9.146e-08
16475.254 9.146e-08
16475.648 4.703e+02
16477.318 4.703e+02
16478.369 2.364e-07
16479.059 6.076e+02
16479.064 6.076e+02
16480.492 2.364e-07
16502.244 1.796e+03
16502.486 1.796e+03
16528.018 1.909e-03
16530.783 1.909e-03
16539.092 2.836e-03
16543.121 2.836e-03
16553.723 6.473e+02
16553.906 6.473e+02
16578.479 3.588e-09
16579.979 3.588e-09
16582.629 8.827e-09
16585.033 8.827e-09
16585.797 7.235e+01
16586.848 7.235e+01
16609.994 1.326e+02
16612.053 1.326e+02
16654.445 2.561e-11
16659.148 2.561e-11
16689.178 5.062e+02
16689.225 5.062e+02
16691.691 1.146e-10
16692.369 4.696e+03
16692.391 4.696e+03
16693.398 1.146e-10
16695.619 2.700e-10
16698.295 2.700e-10
16702.604 1.532e+02
16702.674 1.532e+02
16708.813 1.709e+03
16708.891 1.709e+03
16708.920 1.169e-04
16712.098 1.169e-04
16718.914 1.702e-04
16723.436 1.702e-04
16724.707 6.009e+01
16724.771 6.009e+01
16732.396 5.758e+02
16732.563 5.758e+02
16732.965 1.677e+01
16734.354 1.677e+01
16753.832 2.885e+01
16755.234 2.145e+01
16755.256 2.145e+01
16756.299 2.885e+01
16763.430 1.679e+02
16763.715 1.679e+02
16793.959 6.426e+00
16794.010 6.426e+00
16802.152 4.132e+01
16802.584 4.132e+01
16813.895 3.007e-12
16815.795 3.007e-12
16840.326 1.035e+03
16840.637 1.035e+03
16840.816 1.571e+00
16840.965 1.571e+00
16848.758 8.465e+00
16849.357 8.465e+00
16889.145 3.012e+00
16890.891 3.012e+00
16895.850 3.101e-01
16896.121 3.101e-01
16899.787 5.667e-06
16903.396 5.667e-06
16903.418 1.433e+00
16903.502 3.479e+03
16903.857 3.479e+03
16904.211 1.433e+00
16907.350 4.943e+00
16908.877 8.124e-06
16910.250 4.943e+00
16913.912 8.124e-06
16955.012 1.327e+03
16955.145 1.327e+03
16959.148 4.925e-02
16959.563 4.925e-02
16966.301 1.997e-01
16967.307 1.997e-01
