# ID  CHIPNUM  XPIX  WAVE   WAVE_ERR   FLUX  NAME USEWAVE
    1   3 2097.26  15125.4956  2.0      9.62   UI    1
    2   3 2095.82  15125.9949  3.0      1.83   UI    1
    3   3 2093.50  15126.7993  1.0     26.52   UI    1
    4   3 2092.91  15127.0020  2.0      6.48   UI    1
    5   3 2091.56  15127.4707  3.0      2.11   UI    1
    6   3 2089.32  15128.2495  3.0      4.74   UI    1
    7   3 2085.85  15129.4507  7.0      3.24   UI    1
    8   3 2085.26  15129.6558  4.0      2.45   UI    1
    9   3 2082.83  15130.4980  2.0      5.99   UI    1
   10   3 2076.91  15132.5500  2.0      3.14   UI    1
   11   3 2073.91  15133.5876  1.0     12.89   UI    1
   12   3 2073.51  15133.7256  2.0     10.15   UI    1
   13   3 2069.89  15134.9805  2.0      4.27   UI    1
   14   3 2068.77  15135.3674  2.0     11.89   UI    1
   15   3 2064.58  15136.8176  1.0     30.37   UI    1
   16   3 2063.81  15137.0862  5.0      2.29   UI    1
   17   3 2060.54  15138.2166  3.0      3.59    ?    1
   18   3 2058.03  15139.0845  2.0      4.32   UI    1
   19   3 2048.55  15142.3657  1.0     73.78   UI    1
   20   3 2047.43  15142.7515  2.0     12.01  UII    1
   21   3 2046.04  15143.2336  2.0      9.67   UI    1
   22   3 2043.45  15144.1284  3.0      5.20   UI    1
   23   3 2038.62  15145.7971  5.0      3.11   UI    1
   24   3 2031.61  15148.2214  2.0      4.62    ?    1
   25   3 2030.86  15148.4802  2.0      3.77    ?    1
   26   3 2026.13  15150.1147  1.0     33.61   UI    1
   27   3 2024.95  15150.5200  2.0      2.49   UI    1
   28   3 2022.36  15151.4160  2.0     18.20   UI    1
   29   3 2020.20  15152.1606  1.0     19.23   UI    1
   30   3 2018.08  15152.8943  1.0     41.87   UI    1
   31   3 2017.49  15153.0969  2.0      4.22    ?    1
   32   3 2016.95  15153.2825  2.0     40.52   UI    1
   33   3 2014.78  15154.0308  1.0     84.46   UI    1
   34   3 2013.65  15154.4226  2.0      3.84   UI    1
   35   3 2011.01  15155.3345  2.0     35.52   UI    1
   36   3 2007.22  15156.6394  1.0    224.52   UI    1
   37   3 1992.69  15161.6516  2.0      4.59    ?    1
   38   3 1985.04  15164.2883  2.0      7.55   UI    1
   39   3 1983.49  15164.8206  4.0      1.95   UI    1
   40   3 1980.65  15165.7996  1.0     12.61   UI    1
   41   3 1977.28  15166.9604  2.0      8.14   UI    1
   42   3 1969.78  15169.5410  1.0     16.26   UI    1
   43   3 1957.80  15173.6646  1.0     13.31   UI    1
   44   3 1953.54  15175.1318  1.0      9.05   UI    1
   45   3 1950.68  15176.1133  1.0     28.04    ?    1
   46   3 1948.58  15176.8372  1.0   3801.94   Ar    1
   47   3 1946.64  15177.5037  3.0      6.62   UI    1
   48   3 1942.51  15178.9209  2.0      6.19   UI    1
   49   3 1938.30  15180.3687  2.0     15.37    ?    1
   50   3 1935.66  15181.2744  2.0     10.33   UI    1
   51   3 1932.08  15182.5073  2.0      5.92   UI    1
   52   3 1930.57  15183.0261  3.0      3.82   UI    1
   53   3 1929.09  15183.5315  3.0      3.47   UI    1
   54   3 1927.01  15184.2480  1.0      9.45   UI    1
   55   3 1924.23  15185.2014  4.0      2.58   UI    1
   56   3 1922.50  15185.7959  1.0     54.71   UI    1
   57   3 1920.39  15186.5210  2.0      8.74    ?    1
   58   3 1919.09  15186.9666  2.0     20.23   UI    1
   59   3 1917.60  15187.4756  2.0      4.81    ?    1
   60   3 1916.59  15187.8247  1.0      8.95   UI    1
   61   3 1916.21  15187.9529  2.0      6.14   UI    1
   62   3 1912.97  15189.0674  1.0     10.41   UI    1
   63   3 1911.61  15189.5337  4.0      4.34   UI    1
   64   3 1910.39  15189.9524  3.0      2.65   UI    1
   65   3 1903.63  15192.2681  2.0      3.41   UI    1
   66   3 1902.21  15192.7563  3.0      2.40    ?    1
   67   3 1898.56  15194.0088  2.0     11.24   UI    1
   68   3 1895.65  15195.0037  3.0      2.78    ?    1
   69   3 1893.04  15195.8984  1.0     15.77   UI    1
   70   3 1887.84  15197.6807  3.0      2.03   UI    1
   71   3 1883.01  15199.3372  2.0      9.86   UI    1
   72   3 1880.33  15200.2539  2.0     24.88    ?    1
   73   3 1879.56  15200.5164  2.0      6.91  UII    1
   74   3 1879.19  15200.6458  3.0      4.46   UI    1
   75   3 1878.27  15200.9583  2.0      6.50   UI    1
   76   3 1876.68  15201.5051  4.0      4.55   UI    1
   77   3 1875.21  15202.0056  2.0     25.10  UII    1
   78   3 1873.19  15202.6978  2.0     12.78    ?    1
   79   3 1872.57  15202.9114  2.0     32.53   UI    1
   80   3 1872.25  15203.0212  2.0     15.42   UI    1
   81   3 1871.11  15203.4119  2.0      2.31   UI    1
   82   3 1869.33  15204.0198  1.0     66.56   UI    1
   83   3 1866.77  15204.8950  1.0    317.74   UI    1
   84   3 1863.90  15205.8765  2.0      3.11    ?    1
   85   3 1860.88  15206.9116  2.0      5.34   UI    1
   86   3 1859.75  15207.2974  1.0     25.93   UI    1
   87   3 1856.01  15208.5754  3.0      1.76   UI    1
   88   3 1855.36  15208.8000  1.0     11.65    ?    1
   89   3 1852.81  15209.6704  4.0      1.73    ?    1
   90   3 1851.87  15209.9927  1.0     14.61   UI    1
   91   3 1848.57  15211.1194  2.0      6.92   UI    1
   92   3 1844.36  15212.5586  3.0      3.03   UI    1
   93   3 1843.91  15212.7124  1.0     22.48   UI    1
   94   3 1840.93  15213.7292  2.0      3.79   UI    1
   95   3 1838.19  15214.6655  3.0      1.83   UI    1
   96   3 1835.10  15215.7239  1.0     14.42  UII    1
   97   3 1832.88  15216.4819  2.0      8.85   UI    1
   98   3 1829.25  15217.7185  3.0      1.84  UII    1
   99   3 1826.55  15218.6426  2.0      7.25    ?    1
  100   3 1824.10  15219.4775  1.0     25.46  UII    1
  101   3 1819.15  15221.1682  4.0      2.28   UI    1
  102   3 1817.44  15221.7505  3.0      8.15   UI    1
  103   3 1816.70  15222.0044  2.0      7.21   UI    1
  104   3 1812.96  15223.2800  1.0     21.85   UI    1
  105   3 1812.54  15223.4241  1.0     11.49   UI    1
  106   3 1811.83  15223.6658  2.0      4.10   UI    1
  107   3 1809.49  15224.4617  2.0      4.22   UI    1
  108   3 1801.32  15227.2498  1.0     31.76   UI    1
  109   3 1800.20  15227.6294  2.0      4.56   UI    1
  110   3 1799.77  15227.7759  2.0      3.76    ?    1
  111   3 1797.65  15228.4985  3.0      2.06   UI    1
  112   3 1790.31  15230.9998  2.0     13.86   UI    1
  113   3 1788.27  15231.6956  1.0     34.72   UI    1
  114   3 1787.52  15231.9495  2.0     12.80  UII    1
  115   3 1784.34  15233.0359  4.0      1.59   UI    1
  116   3 1782.54  15233.6475  2.0      6.41   UI    1
  117   3 1780.75  15234.2578  2.0     16.44   UI    1
  118   3 1779.42  15234.7107  3.0      9.91   Ar    1
  119   3 1772.53  15237.0557  3.0      1.67   UI    1
  120   3 1771.14  15237.5281  3.0      2.63  UII    1
  121   3 1769.69  15238.0225  1.0     48.01   UI    1
  122   3 1768.63  15238.3813  1.0     14.11    ?    1
  123   3 1767.30  15238.8354  2.0      2.82   UI    1
  124   3 1766.89  15238.9746  2.0      6.63  UII    1
  125   3 1761.63  15240.7617  1.0    140.99   UI    1
  126   3 1758.26  15241.9104  2.0      1.89   UI    1
  127   3 1757.76  15242.0789  3.0      1.82   UI    1
  128   3 1752.86  15243.7451  3.0      2.43    ?    1
  129   3 1751.63  15244.1638  1.0     21.88   UI    1
  130   3 1749.56  15244.8682  2.0      5.41    ?    1
  131   3 1744.60  15246.5527  1.0      9.13    ?    1
  132   3 1738.38  15248.6646  1.0     14.72   UI    1
  133   3 1738.06  15248.7756  1.0     15.59   UI    1
  134   3 1733.68  15250.2612  2.0      4.66   UI    1
  135   3 1728.97  15251.8616  1.0     12.38   UI    1
  136   3 1720.62  15254.6948  2.0      5.68    ?    1
  137   3 1715.22  15256.5259  3.0      3.45   UI    1
  138   3 1714.47  15256.7810  1.0     50.31   UI    1
  139   3 1712.64  15257.4023  2.0      4.40   UI    1
  140   3 1708.67  15258.7476  2.0     20.14    ?    1
  141   3 1704.69  15260.0964  2.0     35.55   UI    1
  142   3 1703.29  15260.5737  1.0     46.81   UI    1
  143   3 1698.58  15262.1692  2.0      5.14   UI    1
  144   3 1694.71  15263.4814  2.0     16.97   UI    1
  145   3 1691.61  15264.5312  3.0      2.05    ?    1
  146   3 1690.89  15264.7754  2.0      9.75   UI    1
  147   3 1682.01  15267.7808  2.0      4.04   UI    1
  148   3 1678.73  15268.8904  2.0      4.16   UI    1
  149   3 1676.81  15269.5410  2.0     10.90   UI    1
  150   3 1673.67  15270.6030  3.0      4.30  UII    1
  151   3 1669.31  15272.0789  1.0     80.46   UI    1
  152   3 1664.16  15273.8208  2.0      4.75    ?    1
  153   3 1662.37  15274.4287  3.0      3.14   UI    1
  154   3 1656.67  15276.3538  3.0      3.29  UII    1
  155   3 1655.79  15276.6528  2.0     20.00    ?    1
  156   3 1651.38  15278.1421  1.0    298.43   UI    1
  157   3 1649.15  15278.8977  2.0     17.95   Ar    1
  158   3 1648.40  15279.1492  1.0      7.03   UI    1
  159   3 1645.02  15280.2905  3.0      5.57   UI    1
  160   3 1643.19  15280.9106  1.0    407.15   UI    1
  161   3 1636.69  15283.1055  3.0      1.74   UI    1
  162   3 1633.27  15284.2603  2.0      4.04   UI    1
  163   3 1629.58  15285.5066  2.0      4.67   UI    1
  164   3 1625.22  15286.9775  2.0      4.79   UI    1
  165   3 1621.92  15288.0920  2.0      5.52    ?    1
  166   3 1619.23  15289.0002  2.0     17.24   UI    1
  167   3 1617.72  15289.5093  3.0      5.98   UI    1
  168   3 1615.31  15290.3223  1.0      8.56   UI    1
  169   3 1613.07  15291.0767  3.0      6.15  UII    1
  170   3 1611.11  15291.7395  2.0      7.37   UI    1
  171   3 1610.43  15291.9666  3.0      1.92   UI    1
  172   3 1609.92  15292.1387  2.0      6.12   UI    1
  173   3 1605.02  15293.7903  1.0    238.31   UI    1
  174   3 1602.86  15294.5178  2.0      3.14   UI    1
  175   3 1602.14  15294.7620  6.0      1.54   UI    1
  176   3 1601.29  15295.0500  2.0      7.21   UI    1
  177   3 1597.53  15296.3159  3.0      2.41   UI    1
  178   3 1590.79  15298.5876  1.0     11.18   UI    1
  179   3 1590.33  15298.7415  2.0      3.56   UI    1
  180   3 1579.67  15302.3315  2.0     29.42   UI    1
  181   3 1578.27  15302.8015  5.0      2.25   UI    1
  182   3 1577.78  15302.9675  5.0      2.38   UI    1
  183   3 1575.22  15303.8281  2.0      2.47   UI    1
  184   3 1570.07  15305.5615  2.0      6.12   UI    1
  185   3 1568.58  15306.0608  2.0   4415.17   Ar    1
  186   3 1563.37  15307.8137  1.0     19.16   UI    1
  187   3 1549.32  15312.5391  5.0      4.41   UI    1
  188   3 1541.78  15315.0696  1.0    131.21   UI    1
  189   3 1540.49  15315.5029  1.0     13.90   UI    1
  190   3 1537.54  15316.4966  1.0     18.49   UI    1
  191   3 1537.00  15316.6748  3.0     10.36   UI    1
  192   3 1533.42  15317.8784  2.0      3.78    ?    1
  193   3 1530.03  15319.0161  2.0      5.74   UI    1
  194   3 1529.61  15319.1577  2.0      4.57   UI    1
  195   3 1523.07  15321.3513  2.0      3.50    ?    1
  196   3 1521.80  15321.7786  2.0     14.83   UI    1
  197   3 1516.78  15323.4619  6.0      2.79   UI    1
  198   3 1516.01  15323.7219  4.0      2.17   UI    1
  199   3 1513.84  15324.4482  2.0     12.03   UI    1
  200   3 1511.82  15325.1270  1.0     28.52   UI    1
  201   3 1507.45  15326.5918  3.0      2.70   UI    1
  202   3 1506.28  15326.9824  5.0      3.24   UI    1
  203   3 1504.49  15327.5842  2.0     14.49   UI    1
  204   3 1504.01  15327.7429  1.0    139.30   UI    1
  205   3 1502.13  15328.3728  1.0     21.02   UI    1
  206   3 1500.82  15328.8135  2.0     11.37   UI    1
  207   3 1496.43  15330.2844  2.0     11.80   UI    1
  208   3 1495.80  15330.4956  2.0      8.70   UI    1
  209   3 1494.14  15331.0510  2.0     14.11   UI    1
  210   3 1493.17  15331.3745  3.0      2.03    ?    1
  211   3 1486.72  15333.5352  1.0   1114.20   Ar    1
  212   3 1483.53  15334.6033  3.0      2.14   UI    1
  213   3 1481.02  15335.4456  2.0      8.32   UI    1
  214   3 1475.27  15337.3694  3.0      2.05   UI    1
  215   3 1471.29  15338.7012  3.0      3.12   UI    1
  216   3 1466.41  15340.3333  3.0      2.28  UII    1
  217   3 1462.93  15341.4966  3.0      2.27   UI    1
  218   3 1458.52  15342.9700  2.0      5.54   UI    1
  219   3 1457.87  15343.1873  1.0     17.38   UI    1
  220   3 1455.74  15343.9014  5.0      1.70   UI    1
  221   3 1451.95  15345.1660  4.0      1.58   UI    1
  222   3 1449.59  15345.9570  2.0      2.23   UI    1
  223   3 1447.94  15346.5076  2.0     17.05   UI    1
  224   3 1447.05  15346.8042  5.0      2.40    ?    1
  225   3 1446.32  15347.0483  2.0      2.63   UI    1
  226   3 1442.32  15348.3862  3.0      2.87  UII    1
  227   3 1441.24  15348.7463  3.0      3.92   UI    1
  228   3 1437.92  15349.8547  7.0      1.95   UI    1
  229   3 1437.37  15350.0378  4.0      2.41  UII    1
  230   3 1435.96  15350.5090  2.0      6.17   UI    1
  231   3 1434.81  15350.8923  2.0      4.87   UI    1
  232   3 1432.79  15351.5662  5.0      2.18    ?    1
  233   3 1429.37  15352.7075  3.0     21.04   Ar    1
  234   3 1427.17  15353.4412  1.0    939.47   Ar    1
  235   3 1426.02  15353.8257  2.0     31.07   UI    1
  236   3 1423.48  15354.6741  1.0      5.92   UI    1
  237   3 1422.72  15354.9268  1.0     11.86   UI    1
  238   3 1417.10  15356.8018  2.0      4.72   UI    1
  239   3 1415.53  15357.3242  1.0    650.12   Ar    1
  240   3 1413.17  15358.1116  3.0      5.99   UI    1
  241   3 1411.26  15358.7488  2.0      3.93   UI    1
  242   3 1410.19  15359.1064  3.0      2.90   UI    1
  243   3 1407.08  15360.1416  3.0      1.68   UI    1
  244   3 1400.17  15362.4451  3.0      3.92   UI    1
  245   3 1399.58  15362.6416  1.0     25.25   UI    1
  246   3 1396.30  15363.7354  1.0     23.22   UI    1
  247   3 1393.76  15364.5813  1.0      9.47   UI    1
  248   3 1389.39  15366.0376  3.0      2.71   UI    1
  249   3 1387.67  15366.6113  1.0     25.17   UI    1
  250   3 1386.81  15366.8945  3.0      1.98   UI    1
  251   3 1383.69  15367.9346  2.0     62.07   UI    1
  252   3 1382.15  15368.4473  3.0      2.26  UII    1
  253   3 1381.29  15368.7341  2.0      3.85   UI    1
  254   3 1380.53  15368.9880  5.0      3.78   UI    1
  255   3 1379.42  15369.3555  3.0      5.37   UI    1
  256   3 1377.31  15370.0598  2.0      3.91   UI    1
  257   3 1372.27  15371.7346  2.0      6.41   UI    1
  258   3 1371.44  15372.0105  2.0     10.23   UI    1
  259   3 1369.18  15372.7625  2.0      2.86  UII    1
  260   3 1368.25  15373.0725  1.0     12.76    ?    1
  261   3 1367.02  15373.4827  1.0    129.87   UI    1
  262   3 1360.26  15375.7288  6.0      1.92    ?    1
  263   3 1354.86  15377.5244  1.0     43.40   UI    1
  264   3 1351.91  15378.5059  2.0      5.37    ?    1
  265   3 1329.48  15385.9534  1.0     47.49   UI    1
  266   3 1325.26  15387.3547  2.0      8.02  UII    1
  267   3 1322.67  15388.2141  1.0    180.36   UI    1
  268   3 1321.52  15388.5950  2.0      5.48   UI    1
  269   3 1317.64  15389.8816  1.0    124.27   UI    1
  270   3 1308.85  15392.7966  2.0      3.79   UI    1
  271   3 1308.02  15393.0713  2.0      5.42   UI    1
  272   3 1307.21  15393.3398  1.0      7.82  UII    1
  273   3 1305.05  15394.0552  2.0      4.42   UI    1
  274   3 1299.39  15395.9302  6.0      3.99   Ar    1
  275   3 1295.00  15397.3865  2.0      4.00    ?    1
  276   3 1293.48  15397.8894  3.0      8.54    ?    1
  277   3 1290.96  15398.7219  2.0      2.61   UI    1
  278   3 1285.64  15400.4834  1.0     12.21    ?    1
  279   3 1283.81  15401.0913  2.0      3.31    ?    1
  280   3 1279.38  15402.5586  1.0     12.52   UI    1
  281   3 1278.07  15402.9895  2.0      7.23   UI    1
  282   3 1275.82  15403.7366  3.0      2.75   UI    1
  283   3 1273.78  15404.4104  1.0     26.18   UI    1
  284   3 1271.63  15405.1208  2.0      2.17   UI    1
  285   3 1270.97  15405.3394  3.0      4.36    ?    1
  286   3 1269.48  15405.8313  4.0      2.38   UI    1
  287   3 1267.72  15406.4160  2.0      3.67   UI    1
  288   3 1266.40  15406.8506  1.0    930.59   Ar    1
  289   3 1264.91  15407.3425  2.0     36.19   UI    1
  290   3 1263.79  15407.7136  1.0     12.36    ?    1
  291   3 1262.83  15408.0298  2.0      3.77    ?    1
  292   3 1261.13  15408.5938  3.0      2.19   UI    1
  293   3 1258.77  15409.3726  4.0      3.24   UI    1
  294   3 1255.11  15410.5847  3.0      2.34   UI    1
  295   3 1253.72  15411.0413  3.0      1.95    ?    1
  296   3 1252.95  15411.2964  2.0      9.82   UI    1
  297   3 1252.09  15411.5796  3.0      1.95  UII    1
  298   3 1251.29  15411.8445  2.0      5.20   UI    1
  299   3 1248.50  15412.7661  2.0      2.66   UI    1
  300   3 1246.92  15413.2898  1.0      9.61   UI    1
  301   3 1244.45  15414.1040  2.0      2.76   UI    1
  302   3 1243.24  15414.5032  2.0      2.49   UI    1
  303   3 1242.69  15414.6875  2.0      3.41    ?    1
  304   3 1241.55  15415.0635  3.0      3.84   UI    1
  305   3 1235.60  15417.0276  6.0      3.81  UII    1
  306   3 1233.67  15417.6636  3.0      1.95   UI    1
  307   3 1230.74  15418.6328  1.0     14.74   UI    1
  308   3 1229.35  15419.0906  2.0      3.32   UI    1
  309   3 1225.45  15420.3784  2.0     16.36  UII    1
  310   3 1214.01  15424.1504  2.0      6.60  UII    1
  311   3 1211.39  15425.0134  1.0     39.25   UI    1
  312   3 1209.26  15425.7153  4.0      2.54    ?    1
  313   3 1208.01  15426.1279  2.0      2.61   UI    1
  314   3 1207.57  15426.2744  1.0      7.75   UI    1
  315   3 1206.02  15426.7834  2.0      2.88   UI    1
  316   3 1202.30  15428.0103  4.0      1.74    ?    1
  317   3 1196.71  15429.8499  3.0      3.06   UI    1
  318   3 1189.79  15432.1301  1.0     15.09   UI    1
  319   3 1188.14  15432.6721  1.0     34.08   UI    1
  320   3 1187.11  15433.0115  2.0      5.63   UI    1
  321   3 1181.98  15434.7021  4.0      2.53  UII    1
  322   3 1178.58  15435.8191  2.0      6.86   UI    1
  323   3 1173.40  15437.5244  3.0      2.28   UI    1
  324   3 1172.01  15437.9797  2.0      2.60   UI    1
  325   3 1167.87  15439.3433  1.0      6.57   UI    1
  326   3 1166.70  15439.7266  2.0     10.33   UI    1
  327   3 1166.13  15439.9146  2.0     18.00  UII    1
  328   3 1163.98  15440.6201  3.0      5.56    ?    1
  329   3 1157.70  15442.6855  3.0      1.34    ?    1
  330   3 1152.90  15444.2639  2.0     12.01    ?    1
  331   3 1150.36  15445.0989  1.0     11.85   UI    1
  332   3 1147.15  15446.1536  1.0     14.29   UI    1
  333   3 1145.63  15446.6516  3.0      4.35    ?    1
  334   3 1133.28  15450.7056  2.0      2.12    ?    1
  335   3 1132.52  15450.9546  1.0     64.63   Ar    1
  336   3 1130.57  15451.5967  1.0     36.65   UI    1
  337   3 1129.29  15452.0154  4.0      2.72  UII    1
  338   3 1128.48  15452.2803  2.0      4.12   UI    1
  339   3 1127.65  15452.5537  1.0     16.93   UI    1
  340   3 1124.05  15453.7354  1.0     49.91   UI    1
  341   3 1119.27  15455.3015  2.0      3.87   UI    1
  342   3 1118.78  15455.4614  4.0      3.32  UII    1
  343   3 1118.19  15455.6555  2.0     16.26   UI    1
  344   3 1115.25  15456.6187  3.0      2.38   UI    1
  345   3 1109.49  15458.5071  2.0     86.08   UI    1
  346   3 1104.46  15460.1575  2.0      6.38  UII    1
  347   3 1101.79  15461.0315  1.0     33.59  UII    1
  348   3 1099.99  15461.6211  3.0      3.35    ?    1
  349   3 1098.96  15461.9568  3.0      5.31   UI    1
  350   3 1098.18  15462.2131  2.0      5.37   UI    1
  351   3 1094.29  15463.4863  2.0      2.83   UI    1
  352   3 1091.16  15464.5129  2.0      7.83    ?    1
  353   3 1090.09  15464.8621  2.0      4.60   UI    1
  354   3 1088.24  15465.4700  2.0      8.96  UII    1
  355   3 1082.81  15467.2449  1.0     34.14   UI    1
  356   3 1081.57  15467.6501  2.0     13.31  UII    1
  357   3 1076.11  15469.4385  2.0      3.67  UII    1
  358   3 1073.48  15470.2979  4.0      2.88    ?    1
  359   3 1072.00  15470.7812  3.0      3.32   UI    1
  360   3 1067.51  15472.2498  2.0      8.66    ?    1
  361   3 1060.69  15474.4788  1.0     51.62   UI    1
  362   3 1059.77  15474.7815  3.0      2.83   UI    1
  363   3 1053.25  15476.9104  3.0      1.81    ?    1
  364   3 1051.34  15477.5354  2.0      3.80   UI    1
  365   3 1046.47  15479.1235  2.0      8.50   UI    1
  366   3 1045.31  15479.5032  2.0      5.04   UI    1
  367   3 1040.75  15480.9924  2.0      4.85  UII    1
  368   3 1035.59  15482.6758  3.0      3.25  UII    1
  369   3 1032.99  15483.5254  2.0      2.57   UI    1
  370   3 1029.86  15484.5471  2.0      4.27   UI    1
  371   3 1028.46  15485.0024  2.0      3.64   UI    1
  372   3 1024.88  15486.1694  4.0      2.36   UI    1
  373   3 1020.65  15487.5513  1.0      9.16   UI    1
  374   3 1017.81  15488.4766  4.0      1.57   UI    1
  375   3 1012.01  15490.3674  4.0      2.86   UI    1
  376   3  998.95  15494.6216  2.0      2.26   UI    1
  377   3  991.92  15496.9116  5.0      1.68    ?    1
  378   3  980.90  15500.4956  2.0      7.01   UI    1
  379   3  979.65  15500.9045  2.0      5.86    ?    1
  380   3  979.21  15501.0474  2.0     24.65   UI    1
  381   3  978.83  15501.1694  2.0      7.63   UI    1
  382   3  976.85  15501.8152  1.0    163.80   UI    1
  383   3  972.64  15503.1824  2.0     32.76  UII    1
  384   3  971.11  15503.6804  1.0     31.99   UI    1
  385   3  970.07  15504.0198  3.0      1.76   UI    1
  386   3  969.39  15504.2407  2.0      2.39   UI    1
  387   3  962.74  15506.4026  2.0      2.41   UI    1
  388   3  961.77  15506.7175  2.0      5.23   UI    1
  389   3  959.73  15507.3779  3.0      4.16   UI    1
  390   3  951.72  15509.9817  2.0     15.83   UI    1
  391   3  949.00  15510.8643  2.0     52.59   UI    1
  392   3  947.85  15511.2378  3.0      4.13   UI    1
  393   3  945.88  15511.8774  2.0      2.84    ?    1
  394   3  944.89  15512.1997  3.0      1.91   UI    1
  395   3  943.71  15512.5806  1.0      9.39   UI    1
  396   3  939.41  15513.9771  2.0     11.58   UI    1
  397   3  935.64  15515.2002  2.0      7.30  UII    1
  398   3  931.00  15516.7053  1.0     10.04   UI    1
  399   3  928.92  15517.3816  2.0     13.88  UII    1
  400   3  927.59  15517.8125  2.0      3.30   UI    1
  401   3  923.70  15519.0723  1.0     43.70   UI    1
  402   3  911.81  15522.9260  2.0      3.84   UI    1
  403   3  910.10  15523.4827  2.0      4.00   UI    1
  404   3  908.82  15523.8965  1.0     10.19   UI    1
  405   3  901.21  15526.3611  4.0      1.86   UI    1
  406   3  900.11  15526.7175  1.0      8.42   UI    1
  407   3  898.33  15527.2949  1.0     27.33   UI    1
  408   3  895.44  15528.2300  4.0      2.00   UI    1
  409   3  894.11  15528.6597  2.0      5.19  UII    1
  410   3  890.82  15529.7253  3.0      5.44   UI    1
  411   3  887.78  15530.7068  3.0      3.71  UII    1
  412   3  886.14  15531.2378  6.0      2.31   UI    1
  413   3  882.06  15532.5574  2.0     18.30   UI    1
  414   3  880.15  15533.1763  1.0     12.32   UI    1
  415   3  876.59  15534.3262  2.0      2.92   UI    1
  416   3  874.62  15534.9658  1.0    152.62   UI    1
  417   3  870.90  15536.1682  2.0    108.09   UI    1
  418   3  860.09  15539.6594  2.0      9.11   UI    1
  419   3  857.34  15540.5493  1.0     21.19   UI    1
  420   3  847.32  15543.7842  2.0      5.12   UI    1
  421   3  844.07  15544.8328  2.0      6.93    ?    1
  422   3  842.57  15545.3162  2.0      5.00   UI    1
  423   3  836.89  15547.1484  3.0      2.01   UI    1
  424   3  834.40  15547.9517  3.0      2.53   UI    1
  425   3  833.89  15548.1152  3.0      1.84   UI    1
  426   3  824.95  15550.9985  2.0      8.98   UI    1
  427   3  822.04  15551.9385  3.0      3.09   UI    1
  428   3  812.69  15554.9512  4.0      2.15   UI    1
  429   3  812.05  15555.1575  2.0     21.99   UI    1
  430   3  810.38  15555.6934  2.0      2.71   UI    1
  431   3  807.48  15556.6284  2.0     13.90   UI    1
  432   3  805.40  15557.2986  2.0      3.40   UI    1
  433   3  804.78  15557.4988  4.0      3.35    ?    1
  434   3  801.34  15558.6047  1.0     69.86   UI    1
  435   3  799.31  15559.2578  3.0      3.42    ?    1
  436   3  797.90  15559.7119  1.0     60.98   Ar    1
  437   3  794.04  15560.9534  2.0      6.02   UI    1
  438   3  792.86  15561.3354  3.0      2.46    ?    1
  439   3  779.01  15565.7898  2.0      3.29   UI    1
  440   3  775.55  15566.8994  2.0      2.42   UI    1
  441   3  772.83  15567.7747  2.0      5.56   UI    1
  442   3  771.48  15568.2080  2.0      6.29   UI    1
  443   3  768.83  15569.0613  2.0      3.57   UI    1
  444   3  765.99  15569.9719  2.0      6.02   UI    1
  445   3  761.90  15571.2854  2.0      2.71   UI    1
  446   3  759.59  15572.0264  1.0     11.79   UI    1
  447   3  757.15  15572.8113  2.0      8.00   UI    1
  448   3  756.28  15573.0920  3.0      3.21   UI    1
  449   3  746.72  15576.1572  1.0     12.68  UII    1
  450   3  741.59  15577.8052  3.0      1.96   UI    1
  451   3  739.13  15578.5938  2.0      8.82   UI    1
  452   3  726.20  15582.7380  2.0      4.48  UII    1
  453   3  722.86  15583.8098  2.0      2.88   UI    1
  454   3  717.19  15585.6262  1.0     41.76   UI    1
  455   3  711.63  15587.4072  1.0    116.40   UI    1
  456   3  710.38  15587.8064  2.0      6.72   UI    1
  457   3  707.06  15588.8684  2.0     24.80  UII    1
  458   3  705.21  15589.4617  4.0      2.77   UI    1
  459   3  702.02  15590.4834  2.0     17.28   UI    1
  460   3  697.83  15591.8213  6.0      2.87   UI    1
  461   3  695.50  15592.5671  2.0     15.88   UI    1
  462   3  691.07  15593.9844  1.0     80.06   UI    1
  463   3  689.04  15594.6350  1.0    125.66   UI    1
  464   3  687.79  15595.0354  2.0     10.57   UI    1
  465   3  685.66  15595.7153  2.0      2.85   UI    1
  466   3  682.22  15596.8152  2.0     17.57   UI    1
  467   3  680.66  15597.3132  2.0      4.75   UI    1
  468   3  679.42  15597.7087  2.0      4.16   UI    1
  469   3  677.18  15598.4265  2.0     11.70    ?    1
  470   3  675.12  15599.0820  2.0      1.93   UI    1
  471   3  672.13  15600.0378  1.0    759.39   UI    1
  472   3  663.69  15602.7344  3.0      2.17  UII    1
  473   3  659.73  15603.9966  1.0     85.21   UI    1
  474   3  655.35  15605.3967  2.0     11.44   UI    1
  475   3  649.08  15607.3962  3.0      2.51    ?    1
  476   3  648.23  15607.6685  2.0      2.75   UI    1
  477   3  646.88  15608.0981  3.0      4.88   UI    1
  478   3  644.58  15608.8318  2.0      4.21   UI    1
  479   3  642.80  15609.4006  3.0      2.09    ?    1
  480   3  638.74  15610.6946  2.0      3.39   UI    1
  481   3  635.70  15611.6638  2.0      7.73   UI    1
  482   3  627.70  15614.2114  2.0      4.34   UI    1
  483   3  625.30  15614.9756  3.0      3.26   UI    1
  484   3  621.48  15616.1926  1.0     10.28   UI    1
  485   3  617.93  15617.3230  3.0      3.81   UI    1
  486   3  617.38  15617.4976  4.0      3.57   UI    1
  487   3  614.28  15618.4851  3.0      3.55    ?    1
  488   3  611.92  15619.2371  2.0      8.80  UII    1
  489   3  609.57  15619.9829  2.0      4.73   UI    1
  490   3  597.25  15623.9026  1.0     11.93   UI    1
  491   3  596.77  15624.0552  1.0     13.56   UI    1
  492   3  595.36  15624.5032  3.0      3.18  UII    1
  493   3  594.14  15624.8926  1.0     21.85   UI    1
  494   3  591.11  15625.8545  1.0     85.66   UI    1
  495   3  587.71  15626.9360  2.0      5.22   UI    1
  496   3  577.48  15630.1868  1.0     16.87   UI    1
  497   3  572.59  15631.7395  3.0      1.77  UII    1
  498   3  568.02  15633.1909  2.0     13.40   UI    1
  499   3  566.33  15633.7256  2.0     13.90   UI    1
  500   3  550.30  15638.8123  1.0     53.95   UI    1
  501   3  546.50  15640.0146  2.0      8.06   UI    1
  502   3  542.28  15641.3538  3.0      2.16    ?    1
  503   3  539.51  15642.2314  2.0      3.08    ?    1
  504   3  537.61  15642.8320  2.0      6.16   UI    1
  505   3  536.18  15643.2861  1.0     16.82    ?    1
  506   3  534.04  15643.9648  3.0      2.65   UI    1
  507   3  531.92  15644.6350  3.0      2.00   UI    1
  508   3  528.87  15645.6018  2.0      7.13   UI    1
  509   3  527.84  15645.9277  4.0      4.26  UII    1
  510   3  525.49  15646.6711  2.0      4.02    ?    1
  511   3  515.31  15649.8926  2.0      4.30   UI    1
  512   3  511.09  15651.2280  2.0      3.08    ?    1
  513   3  510.12  15651.5344  2.0      2.45   UI    1
  514   3  508.67  15651.9934  1.0     15.27   UI    1
  515   3  502.74  15653.8672  2.0      2.88   UI    1
  516   3  500.15  15654.6875  1.0      8.51   UI    1
  517   3  499.43  15654.9158  1.0     61.53  UII    1
  518   3  497.21  15655.6177  1.0      6.13   UI    1
  519   3  496.51  15655.8374  1.0     53.37   UI    1
  520   3  495.29  15656.2231  2.0      6.93   UI    1
  521   3  490.29  15657.8015  2.0      4.91   UI    1
  522   3  488.51  15658.3655  1.0     23.26   UI    1
  523   3  481.79  15660.4883  2.0      3.51   UI    1
  524   3  479.58  15661.1841  3.0      3.41   UI    1
  525   3  476.85  15662.0459  2.0      4.20   UI    1
  526   3  475.69  15662.4133  1.0     10.65    ?    1
  527   3  472.01  15663.5754  2.0      2.58   UI    1
  528   3  469.63  15664.3237  2.0      4.00   UI    1
  529   3  468.89  15664.5593  1.0     16.86   UI    1
  530   3  467.02  15665.1489  3.0      9.22   UI    1
  531   3  462.38  15666.6113  3.0      2.31   UI    1
  532   3  461.41  15666.9189  1.0     22.03   UI    1
  533   3  457.44  15668.1689  3.0      2.71   UI    1
  534   3  454.27  15669.1675  1.0     38.89   UI    1
  535   3  451.21  15670.1343  2.0      7.47   UI    1
  536   3  447.35  15671.3489  1.0     34.56   UI    1
  537   3  445.22  15672.0215  1.0     41.18   UI    1
  538   3  441.59  15673.1628  2.0      6.55  UII    1
  539   3  440.93  15673.3728  3.0      2.92    ?    1
  540   3  440.11  15673.6292  1.0     28.12   UI    1
  541   3  436.99  15674.6130  2.0      4.53   UI    1
  542   3  428.96  15677.1411  2.0     14.63  UII    1
  543   3  426.56  15677.8955  3.0      4.05  UII    1
  544   3  424.85  15678.4326  1.0     74.71   UI    1
  545   3  422.57  15679.1492  3.0      2.54   UI    1
  546   3  421.37  15679.5276  3.0      2.35   UI    1
  547   3  418.79  15680.3381  2.0      2.36   UI    1
  548   3  416.91  15680.9314  4.0      3.61   UI    1
  549   3  416.10  15681.1865  2.0     25.88   UI    1
  550   3  414.33  15681.7407  4.0      1.68   UI    1
  551   3  412.44  15682.3364  1.0     53.81   UI    1
  552   3  406.71  15684.1357  1.0    302.56  UII    1
  553   3  399.31  15686.4624  3.0      2.39   UI    1
  554   3  396.10  15687.4695  1.0     22.30   UI    1
  555   3  394.47  15687.9822  1.0    187.33   UI    1
  556   3  390.34  15689.2773  2.0      6.48   UI    1
  557   3  388.92  15689.7253  4.0      2.23   UI    1
  558   3  388.17  15689.9597  3.0      4.67   UI    1
  559   3  386.75  15690.4053  1.0     11.92   UI    1
  560   3  385.49  15690.7996  2.0      8.37   UI    1
  561   3  382.04  15691.8835  1.0    101.65   UI    1
  562   3  380.03  15692.5146  2.0     28.46   UI    1
  563   3  368.56  15696.1108  3.0      4.90   UI    1
  564   3  361.87  15698.2080  1.0     31.00   UI    1
  565   3  353.65  15700.7837  4.0      2.28    ?    1
  566   3  349.44  15702.1008  3.0      2.54   UI    1
  567   3  345.73  15703.2617  2.0     15.64   UI    1
  568   3  339.59  15705.1855  3.0      4.45   UI    1
  569   3  338.45  15705.5408  4.0      3.25  UII    1
  570   3  337.62  15705.7996  4.0      2.38  UII    1
  571   3  337.01  15705.9912  2.0      4.63   UI    1
  572   3  334.03  15706.9226  3.0      3.78    ?    1
  573   3  333.39  15707.1228  2.0      3.04   UI    1
  574   3  329.41  15708.3704  2.0      2.90   UI    1
  575   3  328.34  15708.7036  4.0      1.82    ?    1
  576   3  324.98  15709.7534  3.0      4.83   UI    1
  577   3  323.51  15710.2124  2.0      5.04   UI    1
  578   3  321.99  15710.6897  2.0      5.77   UI    1
  579   3  320.55  15711.1401  3.0      2.35    ?    1
  580   3  319.74  15711.3928  2.0      3.52   UI    1
  581   3  317.83  15711.9897  2.0      4.85   UI    1
  582   3  311.85  15713.8562  3.0      2.58    ?    1
  583   3  307.68  15715.1611  2.0      6.36   UI    1
  584   3  298.97  15717.8784  2.0      6.72   UI    1
  585   3  294.17  15719.3774  2.0     68.76  UII    1
  586   3  290.53  15720.5127  1.0     85.03   UI    1
  587   3  287.98  15721.3074  2.0      3.64   UI    1
  588   3  281.01  15723.4814  2.0     51.63  UII    1
  589   3  277.49  15724.5776  1.0     41.79   UI    1
  590   3  274.60  15725.4797  1.0     16.22   UI    1
  591   3  265.34  15728.3630  3.0      3.13    ?    1
  592   3  264.02  15728.7744  2.0      4.49    ?    1
  593   3  262.45  15729.2627  5.0      3.05   UI    1
  594   3  260.61  15729.8364  3.0      6.53   UI    1
  595   3  258.34  15730.5432  4.0      3.04  UII    1
  596   3  257.35  15730.8508  2.0      4.03    ?    1
  597   3  256.34  15731.1658  4.0      2.00  UII    1
  598   3  252.78  15732.2729  2.0      4.22   UI    1
  599   3  249.34  15733.3435  2.0      6.38   UI    1
  600   3  242.87  15735.3577  3.0      2.98    ?    1
  601   3  242.30  15735.5334  4.0      1.89   UI    1
  602   3  230.48  15739.2078  1.0    108.10   Ar    1
  603   3  226.59  15740.4175  2.0      9.32  UII    1
  604   3  224.78  15740.9778  2.0     10.56   UI    1
  605   3  219.45  15742.6331  4.0      1.79  UII    1
  606   3  216.36  15743.5938  2.0      3.86   UI    1
  607   3  214.74  15744.0955  3.0      1.99    ?    1
  608   3  210.53  15745.4028  5.0      4.37   UI    1
  609   3  209.67  15745.6689  1.0     29.13   UI    1
  610   3  206.55  15746.6382  2.0      2.53   UI    1
  611   3  204.49  15747.2766  3.0      2.04    ?    1
  612   3  203.15  15747.6929  2.0      3.43   UI    1
  613   3  202.23  15747.9785  3.0      2.74   UI    1
  614   3  201.69  15748.1445  2.0      5.20  UII    1
  615   3  197.86  15749.3335  1.0    199.60   UI    1
  616   3  194.45  15750.3894  2.0      7.21  UII    1
  617   3  191.45  15751.3196  5.0      1.94   UI    1
  618   3  187.54  15752.5330  1.0     24.37   UI    1
  619   3  184.28  15753.5425  3.0      2.50    ?    1
  620   3  181.11  15754.5239  2.0      4.42   UI    1
  621   3  177.45  15755.6567  1.0     12.60   UI    1
  622   3  173.58  15756.8567  3.0      1.68    ?    1
  623   3  172.15  15757.2974  3.0      6.27  UII    1
  624   3  170.09  15757.9370  2.0      2.36    ?    1
  625   3  167.08  15758.8684  5.0      2.00    ?    1
  626   3  166.43  15759.0686  3.0      3.38   UI    1
  627   3  155.44  15762.4695  2.0      2.88    ?    1
  628   3  150.29  15764.0601  1.0     13.29   UI    1
  629   3  139.45  15767.4097  3.0      2.03   UI    1
  630   3  132.86  15769.4446  2.0     13.79  UII    1
  631   3  130.74  15770.1013  3.0      1.84   UI    1
  632   3  130.10  15770.2966  2.0      2.84    ?    1
  633   3  126.19  15771.5039  2.0      3.14    ?    1
  634   3  123.19  15772.4292  2.0      2.18    ?    1
  635   3  119.55  15773.5535  3.0      2.11   UI    1
  636   3  118.62  15773.8403  1.0      9.35   UI    1
  637   3  117.02  15774.3323  1.0     18.22   UI    1
  638   3  116.42  15774.5203  1.0     25.45  UII    1
  639   3   99.81  15779.6399  2.0      8.89  UII    1
  640   3   95.61  15780.9338  6.0     39.40   Ar    1
  641   3   93.40  15781.6125  2.0      3.66   UI    1
  642   3   91.71  15782.1338  1.0     11.71   UI    1
  643   3   91.11  15782.3169  1.0      9.94  UII    1
  644   3   86.42  15783.7622  3.0      9.49   UI    1
  645   3   85.70  15783.9832  3.0      2.73   UI    1
  646   3   82.82  15784.8706  1.0     24.06   UI    1
  647   3   78.52  15786.1938  1.0      7.53   UI    1
  648   3   76.01  15786.9666  2.0      4.16   UI    1
  649   3   73.89  15787.6184  2.0      6.47   UI    1
  650   3   71.10  15788.4753  3.0      1.88   UI    1
  651   3   65.17  15790.2991  3.0      3.08   UI    1
  652   3   64.22  15790.5920  2.0      7.66    ?    1
  653   3   62.92  15790.9888  2.0      2.72   UI    1
  654   3   61.43  15791.4465  3.0      4.45  UII    1
  655   3   57.83  15792.5549  3.0      2.40   UI    1
  656   3   54.03  15793.7219  3.0      2.30    ?    1
  657   3   51.23  15794.5813  1.0     14.50  UII    1
  658   3   48.38  15795.4565  4.0      3.04   UI    1
  659   3   47.68  15795.6726  3.0      2.48   UI    1
  660   3   44.89  15796.5283  2.0      3.09   UI    1
  661   3   41.83  15797.4670  2.0     46.45   Ar    1
  662   3   40.27  15797.9456  1.0     17.18   UI    1
  663   3   34.95  15799.5764  2.0     13.83   UI    1
  664   3   32.47  15800.3381  3.0      4.10  UII    1
  665   3   23.23  15803.1726  3.0      2.38   UI    1
  666   3   21.98  15803.5535  2.0      6.87   UI    1
  667   3   15.93  15805.4089  3.0      3.88   UI    1
  668   3   14.09  15805.9717  3.0      1.58   UI    1
  669   3   13.35  15806.1975  3.0      3.29  UII    1
  670   3   -2.21  15810.9631  2.0     14.54   UI    1
  671   3   -3.05  15811.2195  3.0      1.91   UI    1
  672   3   -8.79  15812.9749  2.0      6.82   UI    1
  673   3  -11.66  15813.8538  2.0      2.39    ?    1
  674   3  -16.99  15815.4822  3.0     12.50   UI    1
  675   3  -20.17  15816.4551  2.0      2.56   UI    1
  676   3  -21.35  15816.8140  2.0      4.33   UI    1
  677   3  -27.46  15818.6816  3.0      5.91  UII    1
  678   3  -28.56  15819.0186  1.0     12.80   UI    1
  679   3  -28.95  15819.1357  2.0     12.98    ?    1
  680   3  -32.37  15820.1819  1.0     11.31    ?    1
  681   3  -33.47  15820.5176  5.0      3.27    ?    1
  682   3  -35.37  15821.0962  1.0    137.39   Ar    1
  683   3  -48.97  15825.2466  2.0      3.73  UII    1
  684   2 2096.65  15842.1838  2.0      2.64   UI    1
  685   2 2089.52  15844.3518  2.0      6.61   UI    1
  686   2 2084.19  15845.9729  2.0      3.24   UI    1
  687   2 2079.63  15847.3584  2.0      6.82   UI    1
  688   2 2076.07  15848.4424  2.0     10.25   UI    1
  689   2 2073.64  15849.1785  1.0     92.54   UI    1
  690   2 2069.22  15850.5225  4.0      2.93   UI    1
  691   2 2066.27  15851.4185  2.0      3.56  UII    1
  692   2 2065.51  15851.6492  2.0      3.75  UII    1
  693   2 2059.82  15853.3765  3.0      2.62   UI    1
  694   2 2058.15  15853.8818  2.0      5.49   UI    1
  695   2 2052.22  15855.6824  3.0      2.15    ?    1
  696   2 2048.94  15856.6772  2.0     21.21  UII    1
  697   2 2046.20  15857.5061  2.0      2.63   UI    1
  698   2 2044.25  15858.0981  2.0     15.23   UI    1
  699   2 2042.48  15858.6340  2.0      6.77  UII    1
  700   2 2041.84  15858.8306  2.0      8.76    ?    1
  701   2 2037.14  15860.2539  3.0      3.75   UI    1
  702   2 2035.60  15860.7214  2.0      4.21   UI    1
  703   2 2026.24  15863.5547  3.0      1.85    ?    1
  704   2 2024.88  15863.9685  4.0      3.49   UI    1
  705   2 2022.59  15864.6594  2.0     20.63   UI    1
  706   2 2017.88  15866.0864  1.0     49.67   UI    1
  707   2 2013.03  15867.5537  2.0      4.33   UI    1
  708   2 2012.48  15867.7197  2.0     14.60   UI    1
  709   2 2006.87  15869.4165  2.0      7.98  UII    1
  710   2 2005.89  15869.7131  2.0      5.91   UI    1
  711   2 2002.60  15870.7104  2.0      3.59   UI    1
  712   2 2002.02  15870.8850  2.0      4.36   UI    1
  713   2 1999.92  15871.5198  1.0     55.91   UI    1
  714   2 1997.40  15872.2803  2.0      5.45  UII    1
  715   2 1990.63  15874.3262  2.0     26.60  UII    1
  716   2 1986.09  15875.6995  2.0      5.69   UI    1
  717   2 1983.81  15876.3879  1.0     12.93   UI    1
  718   2 1973.68  15879.4446  3.0      2.26   UI    1
  719   2 1971.57  15880.0806  1.0     37.91   UI    1
  720   2 1967.58  15881.2854  5.0      2.02   UI    1
  721   2 1966.66  15881.5637  3.0      2.04   UI    1
  722   2 1964.86  15882.1069  1.0     24.36  UII    1
  723   2 1961.79  15883.0310  3.0      2.40   UI    1
  724   2 1960.37  15883.4595  3.0      1.68    ?    1
  725   2 1955.01  15885.0769  4.0      1.77    ?    1
  726   2 1954.10  15885.3491  2.0     10.72   UI    1
  727   2 1952.99  15885.6848  1.0     11.65   UI    1
  728   2 1951.99  15885.9863  1.0     17.39   UI    1
  729   2 1950.59  15886.4087  1.0     21.54   UI    1
  730   2 1950.18  15886.5332  4.0      8.15   UI    1
  731   2 1948.96  15886.8994  1.0     34.91   UI    1
  732   2 1946.95  15887.5061  1.0    264.85   Ar    1
  733   2 1943.47  15888.5535  4.0      4.80   UI    1
  734   2 1941.17  15889.2468  2.0      5.08   UI    1
  735   2 1939.85  15889.6423  3.0      2.98  UII    1
  736   2 1930.90  15892.3364  3.0      2.06    ?    1
  737   2 1930.09  15892.5806  4.0      2.13   UI    1
  738   2 1928.45  15893.0737  2.0      4.88   UI    1
  739   2 1925.20  15894.0527  5.0      2.42   UI    1
  740   2 1924.23  15894.3457  2.0     28.47   UI    1
  741   2 1922.52  15894.8584  2.0      5.80   UI    1
  742   2 1914.84  15897.1680  3.0      6.95   UI    1
  743   2 1912.72  15897.8064  1.0     34.67   UI    1
  744   2 1904.66  15900.2271  4.0      4.42   UI    1
  745   2 1902.88  15900.7629  2.0      3.58   UI    1
  746   2 1900.11  15901.5942  3.0      2.04   UI    1
  747   2 1897.28  15902.4426  2.0      6.45   UI    1
  748   2 1892.00  15904.0295  1.0   1439.40   Ar    1
  749   2 1888.35  15905.1245  2.0     72.44   UI    1
  750   2 1886.76  15905.6030  1.0     14.06   UI    1
  751   2 1880.81  15907.3865  1.0   3969.55    ?    1
  752   2 1878.47  15908.0896  1.0    117.95   UI    1
  753   2 1876.26  15908.7524  2.0     43.44  UII    1
  754   2 1862.99  15912.7271  1.0     16.87   UI    1
  755   2 1858.61  15914.0417  1.0     33.78   UI    1
  756   2 1851.61  15916.1377  4.0      2.18  UII    1
  757   2 1848.04  15917.2046  3.0      3.75  UII    1
  758   2 1841.64  15919.1199  3.0      2.77    ?    1
  759   2 1834.67  15921.2036  2.0     71.71  UII    1
  760   2 1826.72  15923.5815  3.0      1.69    ?    1
  761   2 1825.56  15923.9282  1.0     18.93  UII    1
  762   2 1822.60  15924.8120  3.0     10.35   UI    1
  763   2 1821.91  15925.0195  3.0      2.66   UI    1
  764   2 1817.04  15926.4722  6.0      3.16   UI    1
  765   2 1813.87  15927.4194  2.0      3.14  UII    1
  766   2 1811.66  15928.0811  1.0     29.24   UI    1
  767   2 1809.44  15928.7415  3.0      3.42  UII    1
  768   2 1803.64  15930.4724  1.0     12.78   UI    1
  769   2 1800.11  15931.5259  2.0      5.13    ?    1
  770   2 1799.36  15931.7493  2.0      3.32   UI    1
  771   2 1797.49  15932.3071  2.0      7.00    ?    1
  772   2 1792.04  15933.9331  2.0      8.49   UI    1
  773   2 1790.07  15934.5215  2.0     21.15   UI    1
  774   2 1787.63  15935.2466  2.0      4.49    ?    1
  775   2 1784.31  15936.2378  1.0    423.23   UI    1
  776   2 1782.57  15936.7566  2.0     18.20  UII    1
  777   2 1778.72  15937.9016  2.0      2.55    ?    1
  778   2 1776.94  15938.4338  1.0      9.65   UI    1
  779   2 1771.91  15939.9304  1.0    328.28   UI    1
  780   2 1768.29  15941.0095  3.0      2.83   UI    1
  781   2 1765.25  15941.9141  2.0      6.84  UII    1
  782   2 1763.29  15942.4963  2.0     29.07   UI    1
  783   2 1761.62  15942.9932  2.0     21.32   UI    1
  784   2 1760.49  15943.3313  2.0      3.19   UI    1
  785   2 1759.40  15943.6560  2.0     14.34   UI    1
  786   2 1756.40  15944.5483  3.0      1.80   UI    1
  787   2 1755.44  15944.8315  2.0      7.08   UI    1
  788   2 1746.51  15947.4866  1.0     10.32    ?    1
  789   2 1742.27  15948.7488  3.0      1.92   UI    1
  790   2 1740.75  15949.1992  2.0      4.79   UI    1
  791   2 1735.04  15950.8972  3.0      4.38   UI    1
  792   2 1733.44  15951.3708  3.0      2.39   UI    1
  793   2 1719.12  15955.6213  2.0      3.42   UI    1
  794   2 1710.70  15958.1177  2.0      4.53   UI    1
  795   2 1707.23  15959.1479  3.0      2.44   UI    1
  796   2 1706.76  15959.2871  2.0      4.52    ?    1
  797   2 1705.58  15959.6362  2.0      3.06    ?    1
  798   2 1700.37  15961.1816  3.0      3.39   UI    1
  799   2 1696.88  15962.2156  3.0      2.32   UI    1
  800   2 1690.33  15964.1553  2.0     18.53   UI    1
  801   2 1683.93  15966.0510  3.0      3.30    ?    1
  802   2 1681.26  15966.8396  2.0      8.76   UI    1
  803   2 1670.68  15969.9695  1.0    113.77   UI    1
  804   2 1667.66  15970.8618  2.0      9.81   UI    1
  805   2 1661.70  15972.6233  2.0      7.36   UI    1
  806   2 1656.46  15974.1724  1.0     15.32   UI    1
  807   2 1655.47  15974.4641  2.0      6.26   UI    1
  808   2 1653.99  15974.9023  2.0      3.29    ?    1
  809   2 1646.96  15976.9775  3.0      4.82   UI    1
  810   2 1644.53  15977.6965  2.0     15.51   UI    1
  811   2 1639.44  15979.1968  1.0     13.40  UII    1
  812   2 1628.24  15982.5012  2.0     26.39   UI    1
  813   2 1627.14  15982.8259  5.0      2.49   UI    1
  814   2 1624.94  15983.4753  4.0      3.87   UI    1
  815   2 1610.27  15987.7954  4.0      4.07   UI    1
  816   2 1608.72  15988.2532  2.0      5.14   UI    1
  817   2 1607.23  15988.6902  3.0     12.68  UII    1
  818   2 1605.86  15989.0955  1.0    104.09   UI    1
  819   2 1604.77  15989.4165  5.0      4.66   UI    1
  820   2 1602.47  15990.0916  4.0      1.98  UII    1
  821   2 1595.72  15992.0789  2.0      3.68   UI    1
  822   2 1589.66  15993.8599  1.0   3565.70   Ar    1
  823   2 1585.39  15995.1160  1.0     29.98  UII    1
  824   2 1583.15  15995.7739  2.0      3.34   UI    1
  825   2 1577.67  15997.3853  3.0     19.44   UI    1
  826   2 1572.88  15998.7915  4.0      2.90   UI    1
  827   2 1572.28  15998.9697  5.0      2.53   UI    1
  828   2 1568.82  15999.9841  1.0     12.11    ?    1
  829   2 1564.60  16001.2231  3.0      4.28   UI    1
  830   2 1563.11  16001.6602  2.0      8.58   UI    1
  831   2 1561.78  16002.0520  2.0      8.12   UI    1
  832   2 1560.17  16002.5256  2.0      3.06  UII    1
  833   2 1554.28  16004.2517  1.0     20.13   UI    1
  834   2 1548.61  16005.9167  2.0      3.74   UI    1
  835   2 1546.72  16006.4685  2.0     20.38   UI    1
  836   2 1542.36  16007.7478  2.0      4.53   UI    1
  837   2 1540.59  16008.2678  3.0      5.14   UI    1
  838   2 1535.31  16009.8145  1.0     18.79   UI    1
  839   2 1534.10  16010.1685  1.0     17.59   UI    1
  840   2 1533.12  16010.4541  3.0     14.77   UI    1
  841   2 1532.34  16010.6824  3.0      1.79    ?    1
  842   2 1531.38  16010.9656  3.0      5.02   UI    1
  843   2 1527.14  16012.2058  2.0     11.60   UI    1
  844   2 1524.80  16012.8906  1.0    249.25   UI    1
  845   2 1522.03  16013.7036  2.0      5.35  UII    1
  846   2 1520.77  16014.0723  1.0     11.62   UI    1
  847   2 1516.47  16015.3296  2.0      8.27    ?    1
  848   2 1516.06  16015.4504  2.0      5.88   UI    1
  849   2 1514.23  16015.9839  3.0      7.39  UII    1
  850   2 1502.40  16019.4434  2.0      4.75   UI    1
  851   2 1501.96  16019.5715  2.0     10.20  UII    1
  852   2 1501.28  16019.7717  3.0      2.35    ?    1
  853   2 1499.24  16020.3674  1.0      9.94   UI    1
  854   2 1497.92  16020.7532  3.0      1.98  UII    1
  855   2 1496.29  16021.2280  1.0     13.93   UI    1
  856   2 1494.12  16021.8628  2.0      2.88   UI    1
  857   2 1493.34  16022.0911  5.0      2.14   UI    1
  858   2 1490.59  16022.8955  2.0      7.74  UII    1
  859   2 1486.69  16024.0344  3.0      2.06   UI    1
  860   2 1479.62  16026.0974  2.0      2.86   UI    1
  861   2 1471.63  16028.4265  7.0      2.25    ?    1
  862   2 1470.93  16028.6316  2.0      4.30   UI    1
  863   2 1464.70  16030.4492  3.0      1.89   UI    1
  864   2 1463.55  16030.7837  4.0      2.31  UII    1
  865   2 1462.65  16031.0474  2.0     15.92   UI    1
  866   2 1461.05  16031.5125  2.0     11.95   UI    1
  867   2 1454.08  16033.5425  1.0     12.94   UI    1
  868   2 1449.20  16034.9646  2.0      6.96   UI    1
  869   2 1445.33  16036.0925  4.0      2.76   UI    1
  870   2 1444.33  16036.3831  2.0      2.60   UI    1
  871   2 1442.17  16037.0105  1.0     17.52   UI    1
  872   2 1439.70  16037.7295  3.0      3.24   UI    1
  873   2 1439.13  16037.8955  3.0      8.86    ?    1
  874   2 1437.76  16038.2935  2.0      3.00   UI    1
  875   2 1436.94  16038.5315  3.0      2.26    ?    1
  876   2 1431.96  16039.9805  2.0     19.21    ?    1
  877   2 1428.87  16040.8789  2.0      5.87    ?    1
  878   2 1428.45  16041.0034  2.0      4.82   UI    1
  879   2 1427.69  16041.2219  1.0     15.32  UII    1
  880   2 1426.62  16041.5344  2.0      4.79    ?    1
  881   2 1423.54  16042.4304  4.0      2.82    ?    1
  882   2 1421.92  16042.9004  4.0      1.59   UI    1
  883   2 1418.27  16043.9612  2.0      3.13   UI    1
  884   2 1409.09  16046.6284  3.0      3.46   UI    1
  885   2 1401.66  16048.7854  7.0      2.94   UI    1
  886   2 1400.71  16049.0613  2.0      4.25   UI    1
  887   2 1399.55  16049.3970  1.0     39.17  UII    1
  888   2 1398.71  16049.6399  2.0      6.70   UI    1
  889   2 1396.75  16050.2087  2.0     39.94  UII    1
  890   2 1384.83  16053.6670  2.0      4.62   UI    1
  891   2 1383.33  16054.1016  2.0      3.74   UI    1
  892   2 1381.85  16054.5300  2.0     20.48   UI    1
  893   2 1381.11  16054.7449  3.0      3.81   UI    1
  894   2 1362.70  16060.0757  3.0      1.93   UI    1
  895   2 1354.62  16062.4133  2.0      2.38   UI    1
  896   2 1351.93  16063.1921  2.0      3.86   UI    1
  897   2 1351.17  16063.4119  3.0      3.48   UI    1
  898   2 1345.61  16065.0195  1.0     10.01   UI    1
  899   2 1343.87  16065.5237  1.0     24.23   UI    1
  900   2 1336.32  16067.7039  4.0      1.72   UI    1
  901   2 1334.64  16068.1885  2.0     12.16   UI    1
  902   2 1332.52  16068.8025  2.0      3.19   UI    1
  903   2 1331.07  16069.2200  5.0      1.68   UI    1
  904   2 1329.76  16069.5984  3.0      2.53   UI    1
  905   2 1328.07  16070.0854  2.0     25.16   UI    1
  906   2 1324.39  16071.1499  2.0      2.32   UI    1
  907   2 1317.65  16073.0933  3.0      3.30   UI    1
  908   2 1312.51  16074.5764  2.0      5.50   UI    1
  909   2 1311.87  16074.7595  2.0      7.08   UI    1
  910   2 1302.17  16077.5574  2.0      3.19   UI    1
  911   2 1301.67  16077.7002  4.0      2.84   UI    1
  912   2 1300.41  16078.0652  3.0      2.22    ?    1
  913   2 1297.16  16079.0015  5.0      2.22    ?    1
  914   2 1286.58  16082.0459  2.0      5.82   UI    1
  915   2 1280.98  16083.6584  3.0      4.20  UII    1
  916   2 1277.00  16084.8047  2.0      4.55    ?    1
  917   2 1272.52  16086.0913  2.0     21.35   UI    1
  918   2 1271.05  16086.5161  2.0      5.56    ?    1
  919   2 1264.91  16088.2788  2.0      4.26   UI    1
  920   2 1261.07  16089.3848  1.0     25.30   UI    1
  921   2 1255.86  16090.8801  1.0     18.78   UI    1
  922   2 1254.94  16091.1438  3.0      3.52   UI    1
  923   2 1252.07  16091.9702  2.0      7.06  UII    1
  924   2 1248.63  16092.9565  2.0      4.86   UI    1
  925   2 1246.45  16093.5815  3.0      2.00    ?    1
  926   2 1243.87  16094.3237  2.0     19.67   UI    1
  927   2 1241.29  16095.0635  2.0     13.62   UI    1
  928   2 1240.39  16095.3223  3.0      3.95   UI    1
  929   2 1233.53  16097.2876  2.0      3.15   UI    1
  930   2 1226.70  16099.2456  2.0      2.12   UI    1
  931   2 1225.84  16099.4946  3.0      2.48  UII    1
  932   2 1221.34  16100.7837  3.0      5.25   UI    1
  933   2 1220.34  16101.0681  1.0     45.43  UII    1
  934   2 1219.31  16101.3635  2.0      6.19   UI    1
  935   2 1216.76  16102.0947  2.0      4.07   UI    1
  936   2 1213.56  16103.0103  2.0     11.40   UI    1
  937   2 1205.87  16105.2136  2.0      5.88    ?    1
  938   2 1198.92  16107.2009  3.0      2.00   UI    1
  939   2 1198.15  16107.4219  3.0      3.83    ?    1
  940   2 1193.54  16108.7402  3.0      2.51    ?    1
  941   2 1192.58  16109.0137  2.0      9.73   UI    1
  942   2 1191.55  16109.3091  6.0      2.43    ?    1
  943   2 1190.35  16109.6521  2.0      7.96   UI    1
  944   2 1179.11  16112.8638  2.0      2.90    ?    1
  945   2 1170.40  16115.3503  2.0      6.07   UI    1
  946   2 1166.16  16116.5601  7.0      1.89  UII    1
  947   2 1164.28  16117.0972  3.0      2.91    ?    1
  948   2 1157.66  16118.9856  3.0      4.99   UI    1
  949   2 1157.14  16119.1333  1.0      9.10   UI    1
  950   2 1155.55  16119.5874  2.0     10.05   UI    1
  951   2 1144.91  16122.6208  2.0      3.33   UI    1
  952   2 1141.27  16123.6584  5.0      2.67   UI    1
  953   2 1139.43  16124.1809  4.0      1.91   UI    1
  954   2 1136.49  16125.0183  3.0      2.12    ?    1
  955   2 1133.84  16125.7727  1.0     17.47   UI    1
  956   2 1133.03  16126.0046  2.0      8.30   UI    1
  957   2 1132.00  16126.2976  2.0      5.08   UI    1
  958   2 1129.31  16127.0630  1.0    241.56   Ar    1
  959   2 1126.59  16127.8357  2.0      4.09   UI    1
  960   2 1123.84  16128.6206  4.0      2.34  UII    1
  961   2 1120.00  16129.7107  2.0      9.46  UII    1
  962   2 1107.02  16133.4009  3.0      2.60   UI    1
  963   2 1100.91  16135.1367  2.0     15.01  UII    1
  964   2 1099.34  16135.5835  5.0      2.16   UI    1
  965   2 1092.57  16137.5049  2.0      9.14   UI    1
  966   2 1089.55  16138.3630  3.0      2.52   UI    1
  967   2 1087.01  16139.0833  4.0      3.14    ?    1
  968   2 1086.05  16139.3555  3.0      3.47  UII    1
  969   2 1082.38  16140.3979  2.0      2.91  UII    1
  970   2 1080.89  16140.8203  4.0      2.29    ?    1
  971   2 1079.19  16141.3000  2.0     19.71   UI    1
  972   2 1072.93  16143.0750  1.0     12.33   UI    1
  973   2 1067.98  16144.4775  2.0      5.21   UI    1
  974   2 1053.98  16148.4436  2.0     19.93   UI    1
  975   2 1050.35  16149.4714  3.0      2.42    ?    1
  976   2 1048.76  16149.9194  2.0      2.74   UI    1
  977   2 1033.64  16154.1968  2.0      6.29    ?    1
  978   2 1031.30  16154.8572  2.0     26.54   UI    1
  979   2 1027.56  16155.9131  2.0     10.06   UI    1
  980   2 1022.45  16157.3584  2.0      6.34  UII    1
  981   2 1020.75  16157.8369  2.0     21.17  UII    1
  982   2 1019.70  16158.1335  2.0     12.03   UI    1
  983   2 1012.64  16160.1257  2.0      8.40   UI    1
  984   2 1007.41  16161.6016  3.0      4.64   UI    1
  985   2  996.29  16164.7375  5.0      2.10   UI    1
  986   2  987.33  16167.2632  1.0      8.36   UI    1
  987   2  985.78  16167.6990  4.0      2.29  UII    1
  988   2  984.25  16168.1299  2.0      5.04    ?    1
  989   2  982.82  16168.5315  3.0      4.89   UI    1
  990   2  982.21  16168.7036  2.0     16.24   UI    1
  991   2  981.18  16168.9929  1.0      7.93  UII    1
  992   2  975.15  16170.6921  2.0      5.86   UI    1
  993   2  974.15  16170.9729  2.0      3.94   UI    1
  994   2  967.85  16172.7441  3.0      3.08    ?    1
  995   2  961.23  16174.6069  3.0      8.07    ?    1
  996   2  959.79  16175.0122  2.0     25.29   UI    1
  997   2  959.46  16175.1038  1.0     23.15   UI    1
  998   2  957.48  16175.6604  2.0     10.29   UI    1
  999   2  949.63  16177.8674  2.0      6.53    ?    1
 1000   2  945.77  16178.9514  2.0      5.56   UI    1
 1001   2  939.01  16180.8472  1.0     16.89   UI    1
 1002   2  936.29  16181.6125  2.0      7.07   UI    1
 1003   2  933.08  16182.5134  2.0      7.33   UI    1
 1004   2  931.24  16183.0286  3.0      6.70   UI    1
 1005   2  927.89  16183.9673  1.0     20.08   UI    1
 1006   2  926.19  16184.4434  2.0    659.31   Ar    1
 1007   2  918.45  16186.6138  2.0      9.84   UI    1
 1008   2  910.22  16188.9185  4.0      2.40   UI    1
 1009   2  907.59  16189.6570  1.0     27.38   UI    1
 1010   2  902.90  16190.9705  2.0      6.34   UI    1
 1011   2  899.62  16191.8884  2.0      5.70   UI    1
 1012   2  888.72  16194.9365  2.0      5.04    ?    1
 1013   2  886.28  16195.6177  3.0      2.05   UI    1
 1014   2  885.63  16195.7996  1.0      9.69   UI    1
 1015   2  884.95  16195.9912  2.0      4.13    ?    1
 1016   2  883.16  16196.4905  2.0      8.79   UI    1
 1017   2  882.49  16196.6785  2.0      5.75   UI    1
 1018   2  877.03  16198.2043  2.0      6.68    ?    1
 1019   2  874.57  16198.8916  3.0      3.23   UI    1
 1020   2  870.31  16200.0818  2.0      4.37    ?    1
 1021   2  865.88  16201.3159  2.0      7.90  UII    1
 1022   2  865.08  16201.5405  4.0      2.09   UI    1
 1023   2  863.74  16201.9153  2.0      2.51   UI    1
 1024   2  857.20  16203.7390  3.0      3.32    ?    1
 1025   2  854.35  16204.5337  2.0     25.31   UI    1
 1026   2  851.97  16205.1978  4.0      2.47   UI    1
 1027   2  848.98  16206.0315  4.0      5.59   UI    1
 1028   2  848.39  16206.1975  2.0      1.93   UI    1
 1029   2  843.15  16207.6575  2.0      1.78    ?    1
 1030   2  842.44  16207.8552  3.0      2.52    ?    1
 1031   2  841.53  16208.1079  1.0     13.21   UI    1
 1032   2  837.07  16209.3518  4.0      4.08   UI    1
 1033   2  829.40  16211.4856  2.0      4.15   UI    1
 1034   2  828.79  16211.6565  2.0      8.91   UI    1
 1035   2  818.10  16214.6301  2.0     15.73   UI    1
 1036   2  816.90  16214.9646  2.0      5.40    ?    1
 1037   2  812.32  16216.2378  2.0      3.73   UI    1
 1038   2  793.79  16221.3867  3.0      3.45   UI    1
 1039   2  783.66  16224.1968  2.0     49.16   UI    1
 1040   2  782.56  16224.5044  4.0      5.71   UI    1
 1041   2  781.97  16224.6655  3.0      3.30    ?    1
 1042   2  780.02  16225.2075  2.0      2.20    ?    1
 1043   2  775.24  16226.5344  3.0      3.08   UI    1
 1044   2  773.60  16226.9885  5.0      2.38   UI    1
 1045   2  766.18  16229.0442  1.0     15.74   UI    1
 1046   2  760.44  16230.6348  2.0      4.88   UI    1
 1047   2  759.91  16230.7825  2.0      4.03    ?    1
 1048   2  756.07  16231.8445  3.0      3.23    ?    1
 1049   2  746.17  16234.5850  2.0      5.16    ?    1
 1050   2  745.50  16234.7693  2.0      4.67   UI    1
 1051   2  739.12  16236.5344  1.0     27.23   UI    1
 1052   2  736.66  16237.2131  3.0      2.00   UI    1
 1053   2  733.20  16238.1702  2.0      3.96   UI    1
 1054   2  730.65  16238.8745  4.0      5.24  UII    1
 1055   2  730.14  16239.0161  2.0      7.55   UI    1
 1056   2  729.31  16239.2468  2.0      4.80   UI    1
 1057   2  723.26  16240.9167  2.0      4.90   UI    1
 1058   2  721.10  16241.5125  2.0      3.62   UI    1
 1059   2  715.05  16243.1824  2.0     32.40   UI    1
 1060   2  712.60  16243.8611  3.0      4.30   UI    1
 1061   2  709.57  16244.6948  2.0     13.62   UI    1
 1062   2  708.24  16245.0623  2.0      4.25  UII    1
 1063   2  697.03  16248.1531  2.0     20.49   UI    1
 1064   2  695.75  16248.5059  2.0      9.12   UI    1
 1065   2  694.46  16248.8635  1.0      7.62   UI    1
 1066   2  690.74  16249.8865  2.0      2.79   UI    1
 1067   2  688.48  16250.5090  2.0      2.60  UII    1
 1068   2  687.73  16250.7166  3.0      2.31   UI    1
 1069   2  685.97  16251.2024  3.0      2.35  UII    1
 1070   2  684.58  16251.5845  3.0      2.58   UI    1
 1071   2  683.93  16251.7639  3.0      2.70   UI    1
 1072   2  682.86  16252.0581  3.0      2.93   UI    1
 1073   2  681.47  16252.4390  1.0     46.43   UI    1
 1074   2  667.78  16256.2061  2.0     12.21   UI    1
 1075   2  665.61  16256.8054  4.0      2.37   UI    1
 1076   2  659.02  16258.6145  3.0      7.98   UI    1
 1077   2  653.00  16260.2686  2.0     61.09   UI    1
 1078   2  648.71  16261.4478  2.0      4.92  UII    1
 1079   2  648.09  16261.6174  2.0     19.61   UI    1
 1080   2  640.54  16263.6902  2.0      8.51   UI    1
 1081   2  637.48  16264.5312  4.0      1.92   UI    1
 1082   2  624.73  16268.0286  2.0      4.15   UI    1
 1083   2  622.96  16268.5132  2.0    129.61   Ar    1
 1084   2  618.97  16269.6069  3.0      1.66   UI    1
 1085   2  615.32  16270.6055  3.0      4.23    ?    1
 1086   2  609.73  16272.1387  3.0      2.67   UI    1
 1087   2  608.10  16272.5842  2.0      5.35   UI    1
 1088   2  601.44  16274.4067  3.0      3.19   UI    1
 1089   2  593.13  16276.6809  2.0      4.29    ?    1
 1090   2  592.30  16276.9080  1.0      8.49   UI    1
 1091   2  588.50  16277.9456  2.0      7.69  UII    1
 1092   2  583.10  16279.4226  2.0      4.87  UII    1
 1093   2  579.46  16280.4175  1.0      8.27   UI    1
 1094   2  577.33  16280.9985  1.0    197.69   UI    1
 1095   2  570.28  16282.9236  2.0      3.37    ?    1
 1096   2  568.29  16283.4668  3.0      2.35   UI    1
 1097   2  565.05  16284.3506  2.0      7.59   UI    1
 1098   2  560.79  16285.5139  2.0      4.10   UI    1
 1099   2  553.68  16287.4524  1.0     11.49  UII    1
 1100   2  543.37  16290.2625  2.0      8.86   UI    1
 1101   2  529.41  16294.0637  2.0      8.15   UI    1
 1102   2  528.56  16294.2944  2.0     10.47   UI    1
 1103   2  526.54  16294.8450  2.0      5.70   UI    1
 1104   2  524.40  16295.4272  2.0      2.37   UI    1
 1105   2  518.24  16297.1021  4.0      2.05    ?    1
 1106   2  504.82  16300.7483  2.0      6.08   UI    1
 1107   2  493.12  16303.9258  2.0      6.05   UI    1
 1108   2  484.73  16306.2036  3.0      2.22   UI    1
 1109   2  482.83  16306.7175  2.0      3.70    ?    1
 1110   2  472.58  16309.4971  1.0     13.44   UI    1
 1111   2  470.77  16309.9866  2.0     47.69   UI    1
 1112   2  464.37  16311.7200  2.0     11.24   UI    1
 1113   2  463.55  16311.9421  3.0      1.91   UI    1
 1114   2  460.11  16312.8735  2.0      6.77   UI    1
 1115   2  453.70  16314.6069  3.0      3.29   UI    1
 1116   2  448.01  16316.1462  2.0      4.80   UI    1
 1117   2  440.34  16318.2227  3.0      2.51   UI    1
 1118   2  437.74  16318.9233  2.0      5.64   UI    1
 1119   2  434.31  16319.8499  5.0      3.26   UI    1
 1120   2  421.23  16323.3826  2.0    188.92   UI    1
 1121   2  418.10  16324.2285  1.0     15.46   UI    1
 1122   2  417.34  16324.4324  4.0      2.32   UI    1
 1123   2  416.17  16324.7485  2.0      4.24   UI    1
 1124   2  412.69  16325.6860  2.0      2.79    ?    1
 1125   2  410.87  16326.1780  2.0     14.10   UI    1
 1126   2  403.39  16328.1946  2.0     15.88  UII    1
 1127   2  400.76  16328.9038  1.0     16.90   UI    1
 1128   2  396.72  16329.9915  2.0     24.34  UII    1
 1129   2  385.58  16332.9919  1.0     12.08   UI    1
 1130   2  381.39  16334.1199  3.0      1.89  UII    1
 1131   2  379.92  16334.5154  2.0      4.88   UI    1
 1132   2  378.20  16334.9780  2.0     38.53  UII    1
 1133   2  375.74  16335.6384  1.0     30.27   UI    1
 1134   2  372.15  16336.6052  3.0      4.72  UII    1
 1135   2  371.49  16336.7834  1.0     15.58   UI    1
 1136   2  355.05  16341.1987  1.0     81.03   UI    1
 1137   2  353.50  16341.6162  1.0    106.37   UI    1
 1138   2  351.69  16342.1008  3.0      5.69    ?    1
 1139   2  347.55  16343.2129  2.0      2.45    ?    1
 1140   2  331.59  16347.4927  1.0     71.72   UI    1
 1141   2  322.33  16349.9756  2.0      4.79   UI    1
 1142   2  312.70  16352.5525  3.0      2.98   UI    1
 1143   2  309.44  16353.4265  2.0      5.89    ?    1
 1144   2  303.46  16355.0256  1.0     20.19   UI    1
 1145   2  302.96  16355.1599  2.0      5.64    ?    1
 1146   2  302.39  16355.3125  2.0      3.20   UI    1
 1147   2  299.79  16356.0071  2.0      3.49    ?    1
 1148   2  293.78  16357.6135  1.0     39.61   UI    1
 1149   2  287.41  16359.3152  4.0      4.72   UI    1
 1150   2  283.61  16360.3320  4.0      2.53  UII    1
 1151   2  282.20  16360.7080  2.0     12.04   UI    1
 1152   2  280.68  16361.1145  2.0      7.01   UI    1
 1153   2  278.49  16361.6980  3.0      1.89  UII    1
 1154   2  276.88  16362.1265  6.0      2.16   UI    1
 1155   2  275.37  16362.5305  1.0     32.81   UI    1
 1156   2  271.96  16363.4399  5.0      2.76    ?    1
 1157   2  270.68  16363.7817  1.0     61.62   UI    1
 1158   2  264.73  16365.3699  1.0     59.29   UI    1
 1159   2  262.99  16365.8337  3.0      2.41   UI    1
 1160   2  259.09  16366.8738  6.0      3.82   UI    1
 1161   2  257.25  16367.3645  3.0      3.57  UII    1
 1162   2  256.42  16367.5842  1.0     20.04   UI    1
 1163   2  254.28  16368.1555  4.0      2.37   UI    1
 1164   2  253.22  16368.4375  4.0      3.34   UI    1
 1165   2  250.21  16369.2383  4.0      2.81    ?    1
 1166   2  241.87  16371.4600  2.0      6.94   UI    1
 1167   2  240.93  16371.7090  2.0      6.85   UI    1
 1168   2  237.67  16372.5781  3.0      4.68  UII    1
 1169   2  233.21  16373.7634  2.0      4.65    ?    1
 1170   2  230.28  16374.5435  3.0      2.60   UI    1
 1171   2  228.32  16375.0635  1.0     11.45    ?    1
 1172   2  227.67  16375.2380  3.0     14.93    ?    1
 1173   2  225.10  16375.9216  3.0      3.95   UI    1
 1174   2  222.66  16376.5698  2.0      5.08   UI    1
 1175   2  221.78  16376.8030  2.0      7.42   UI    1
 1176   2  215.11  16378.5754  1.0     12.90   UI    1
 1177   2  209.18  16380.1501  1.0     12.06   UI    1
 1178   2  206.72  16380.8044  2.0      7.57   UI    1
 1179   2  201.60  16382.1619  3.0      2.58   UI    1
 1180   2  191.56  16384.8242  1.0     12.08   UI    1
 1181   2  189.33  16385.4175  1.0     34.80  UII    1
 1182   2  185.61  16386.4026  2.0      3.35  UII    1
 1183   2  181.17  16387.5793  2.0      2.58    ?    1
 1184   2  178.67  16388.2422  2.0      4.86    ?    1
 1185   2  170.31  16390.4565  3.0      2.24   UI    1
 1186   2  167.50  16391.1987  1.0     20.28   UI    1
 1187   2  161.31  16392.8357  2.0      3.72  UII    1
 1188   2  154.57  16394.6191  2.0      3.18   UI    1
 1189   2  153.92  16394.7925  2.0      3.41   UI    1
 1190   2  149.12  16396.0608  2.0      3.25   UI    1
 1191   2  147.07  16396.6016  3.0      2.21    ?    1
 1192   2  139.60  16398.5754  1.0     12.44   UI    1
 1193   2  130.89  16400.8740  3.0      3.17   UI    1
 1194   2  125.43  16402.3157  3.0      2.05   UI    1
 1195   2  116.41  16404.6924  3.0      2.18   UI    1
 1196   2  111.66  16405.9448  3.0      2.27  UII    1
 1197   2  110.49  16406.2549  1.0     29.25   UI    1
 1198   2  108.84  16406.6882  2.0      7.43   UI    1
 1199   2  107.40  16407.0679  2.0     74.47   UI    1
 1200   2  105.40  16407.5952  3.0      1.55   UI    1
 1201   2   96.81  16409.8560  5.0      2.53   UI    1
 1202   2   93.16  16410.8154  3.0      3.63   UI    1
 1203   2   81.07  16413.9966  1.0     27.93   UI    1
 1204   2   72.08  16416.3586  2.0     36.91   UI    1
 1205   2   69.38  16417.0667  2.0      3.71   UI    1
 1206   2   67.00  16417.6917  2.0      3.80   UI    1
 1207   2   52.99  16421.3684  1.0     50.95   UI    1
 1208   2   48.58  16422.5256  3.0      3.21   UI    1
 1209   2   47.06  16422.9236  4.0      1.52   UI    1
 1210   2   43.44  16423.8733  2.0     10.65  UII    1
 1211   2   36.69  16425.6433  2.0      5.93   UI    1
 1212   2   27.94  16427.9333  3.0     15.34  UII    1
 1213   2   27.40  16428.0750  1.0     27.70   UI    1
 1214   2   23.92  16428.9868  3.0      2.55   UI    1
 1215   2   17.39  16430.6946  2.0      4.20    ?    1
 1216   2   10.75  16432.4304  1.0     48.64   UI    1
 1217   2    1.90  16434.7424  3.0      2.03   UI    1
 1218   2   -2.25  16435.8264  4.0      1.78   UI    1
 1219   2  -16.63  16439.5813  2.0    134.82   UI    1
 1220   2  -18.18  16439.9854  3.0      9.33  UII    1
 1221   2  -22.31  16441.0632  2.0   2176.85   Ar    1
 1222   2  -26.96  16442.2754  2.0      8.72  UII    1
 1223   2  -28.51  16442.6794  3.0      2.86   UI    1
 1224   2  -32.24  16443.6499  1.0     24.94   UI    1
 1225   2  -34.13  16444.1443  2.0     41.36   UI    1
 1226   2  -38.76  16445.3491  2.0      6.39   UI    1
 1227   1 2087.66  16462.5635  2.0      9.30   UI    1
 1228   1 2086.69  16462.8149  3.0      2.09   UI    1
 1229   1 2083.04  16463.7598  3.0      4.89   UI    1
 1230   1 2081.20  16464.2358  3.0      1.63   UI    1
 1231   1 2079.16  16464.7632  3.0      2.15   UI    1
 1232   1 2078.10  16465.0366  2.0      6.50   UI    1
 1233   1 2070.97  16466.8823  2.0      7.57   UI    1
 1234   1 2069.80  16467.1838  1.0     68.87   UI    1
 1235   1 2068.76  16467.4524  2.0     22.76   UI    1
 1236   1 2058.70  16470.0500  2.0      4.04   UI    1
 1237   1 2057.72  16470.3040  1.0     12.47   UI    1
 1238   1 2044.18  16473.7976  2.0      3.96   UI    1
 1239   1 2042.41  16474.2542  2.0     33.56   UI    1
 1240   1 2040.98  16474.6216  2.0      5.56    ?    1
 1241   1 2033.24  16476.6174  1.0     27.53   UI    1
 1242   1 2029.44  16477.5964  2.0     23.32  UII    1
 1243   1 2028.34  16477.8784  2.0      6.68  UII    1
 1244   1 2025.65  16478.5718  3.0      2.60   UI    1
 1245   1 2015.88  16481.0852  1.0     11.41   UI    1
 1246   1 2010.93  16482.3584  2.0      3.97   UI    1
 1247   1 2001.06  16484.8975  1.0      9.87   UI    1
 1248   1 1998.91  16485.4480  2.0     10.37  UII    1
 1249   1 1994.02  16486.7041  2.0      5.36   UI    1
 1250   1 1986.12  16488.7329  1.0     66.20   UI    1
 1251   1 1977.77  16490.8740  1.0     42.38  UII    1
 1252   1 1973.61  16491.9397  3.0      3.85  UII    1
 1253   1 1972.03  16492.3462  2.0      6.53   UI    1
 1254   1 1970.52  16492.7332  3.0      1.98    ?    1
 1255   1 1968.38  16493.2825  2.0     10.38   UI    1
 1256   1 1964.62  16494.2432  3.0      2.02   UI    1
 1257   1 1962.48  16494.7913  3.0      4.73   UI    1
 1258   1 1952.52  16497.3425  2.0      7.83  UII    1
 1259   1 1943.74  16499.5874  3.0      1.75    ?    1
 1260   1 1942.21  16499.9780  3.0      5.11   UI    1
 1261   1 1936.83  16501.3538  3.0      2.79   UI    1
 1262   1 1935.75  16501.6284  2.0      5.14   UI    1
 1263   1 1922.23  16505.0818  2.0     15.86   UI    1
 1264   1 1921.49  16505.2710  2.0      5.28   UI    1
 1265   1 1914.43  16507.0715  2.0      4.41  UII    1
 1266   1 1909.75  16508.2654  1.0     12.36   UI    1
 1267   1 1907.23  16508.9075  4.0      2.40   UI    1
 1268   1 1906.24  16509.1602  4.0      3.16   UI    1
 1269   1 1902.89  16510.0146  7.0      1.56    ?    1
 1270   1 1901.73  16510.3088  5.0      2.89   UI    1
 1271   1 1896.82  16511.5601  2.0      4.18   UI    1
 1272   1 1894.79  16512.0764  2.0     24.50   UI    1
 1273   1 1883.36  16514.9854  1.0     44.82   UI    1
 1274   1 1880.59  16515.6885  1.0     66.23   UI    1
 1275   1 1873.85  16517.4023  3.0     10.02    ?    1
 1276   1 1869.08  16518.6145  4.0      2.21   UI    1
 1277   1 1867.90  16518.9136  2.0      6.44   UI    1
 1278   1 1865.63  16519.4922  2.0      3.00   UI    1
 1279   1 1864.14  16519.8694  1.0     21.29   UI    1
 1280   1 1860.65  16520.7544  2.0     19.45  UII    1
 1281   1 1849.46  16523.5950  2.0      3.06   UI    1
 1282   1 1846.37  16524.3774  1.0   2467.47   Ar    1
 1283   1 1841.59  16525.5896  2.0      6.09   UI    1
 1284   1 1830.89  16528.2996  1.0     35.97   UI    1
 1285   1 1817.33  16531.7322  1.0     36.93   UI    1
 1286   1 1808.06  16534.0747  4.0      2.90   UI    1
 1287   1 1806.46  16534.4788  1.0     24.86   UI    1
 1288   1 1804.98  16534.8547  2.0      2.96   UI    1
 1289   1 1795.51  16537.2449  3.0      3.01  UII    1
 1290   1 1789.25  16538.8257  3.0      1.82   UI    1
 1291   1 1777.06  16541.8994  3.0      6.17    ?    1
 1292   1 1774.07  16542.6526  3.0      2.14   UI    1
 1293   1 1766.87  16544.4666  2.0    234.45   UI    1
 1294   1 1764.21  16545.1355  1.0    708.29   UI    1
 1295   1 1761.72  16545.7629  2.0    307.00   UI    1
 1296   1 1752.87  16547.9895  4.0      1.60   UI    1
 1297   1 1748.98  16548.9673  1.0     13.32   UI    1
 1298   1 1741.01  16550.9692  1.0     11.55   UI    1
 1299   1 1739.84  16551.2634  3.0      4.12   UI    1
 1300   1 1729.78  16553.7903  4.0   1175.42   Ar    1
 1301   1 1725.31  16554.9109  1.0    114.09   Ar    1
 1302   1 1718.38  16556.6492  5.0      1.77   UI    1
 1303   1 1713.95  16557.7588  4.0      1.97   UI    1
 1304   1 1709.05  16558.9880  1.0     17.37   UI    1
 1305   1 1707.23  16559.4434  3.0      2.07   UI    1
 1306   1 1693.38  16562.9114  2.0      3.50   UI    1
 1307   1 1692.51  16563.1274  2.0      4.63   UI    1
 1308   1 1691.55  16563.3691  5.0      1.81    ?    1
 1309   1 1688.95  16564.0186  2.0     13.48   UI    1
 1310   1 1683.61  16565.3540  2.0      6.48   UI    1
 1311   1 1680.95  16566.0193  2.0      4.18  UII    1
 1312   1 1679.07  16566.4880  4.0      2.58   UI    1
 1313   1 1675.87  16567.2876  4.0      2.12  UII    1
 1314   1 1671.23  16568.4485  2.0      8.67   UI    1
 1315   1 1669.65  16568.8416  5.0      2.60   UI    1
 1316   1 1668.59  16569.1064  4.0      2.95   UI    1
 1317   1 1658.40  16571.6504  1.0     12.11   UI    1
 1318   1 1646.18  16574.6960  1.0    149.23   UI    1
 1319   1 1641.60  16575.8374  3.0      2.42   UI    1
 1320   1 1638.04  16576.7236  2.0      6.20    ?    1
 1321   1 1637.31  16576.9055  3.0      2.96   UI    1
 1322   1 1633.38  16577.8821  2.0      3.85   UI    1
 1323   1 1631.86  16578.2617  3.0      2.28   UI    1
 1324   1 1616.87  16581.9885  2.0     12.58   UI    1
 1325   1 1610.69  16583.5242  2.0      3.30   UI    1
 1326   1 1603.67  16585.2673  3.0      3.23  UII    1
 1327   1 1600.46  16586.0645  1.0     11.45   UI    1
 1328   1 1595.09  16587.3962  1.0     37.10  UII    1
 1329   1 1589.99  16588.6621  1.0     15.07   UI    1
 1330   1 1585.86  16589.6851  2.0      4.97   UI    1
 1331   1 1584.64  16589.9866  3.0      1.93   UI    1
 1332   1 1580.09  16591.1145  1.0     25.61   UI    1
 1333   1 1577.49  16591.7590  2.0     13.26    ?    1
 1334   1 1576.36  16592.0386  1.0     69.40    ?    1
 1335   1 1570.37  16593.5205  5.0      1.66    ?    1
 1336   1 1564.94  16594.8645  2.0      8.61    ?    1
 1337   1 1561.67  16595.6738  2.0     58.51   UI    1
 1338   1 1559.06  16596.3196  3.0      2.01   UI    1
 1339   1 1555.27  16597.2546  2.0      6.85   UI    1
 1340   1 1553.28  16597.7478  2.0      6.91   UI    1
 1341   1 1550.96  16598.3203  2.0      4.76   UI    1
 1342   1 1549.34  16598.7219  2.0     12.06   UI    1
 1343   1 1539.25  16601.2122  4.0      2.51   UI    1
 1344   1 1532.38  16602.9065  2.0     13.82   UI    1
 1345   1 1529.26  16603.6780  2.0      9.28    ?    1
 1346   1 1523.61  16605.0708  2.0     75.93   UI    1
 1347   1 1520.40  16605.8606  3.0      2.75   UI    1
 1348   1 1509.80  16608.4705  2.0     14.86  UII    1
 1349   1 1507.23  16609.1040  2.0      8.82   UI    1
 1350   1 1505.55  16609.5166  6.0      2.29   UI    1
 1351   1 1501.17  16610.5945  3.0      4.75   UI    1
 1352   1 1499.39  16611.0327  2.0      3.73  UII    1
 1353   1 1496.72  16611.6907  4.0      3.45    ?    1
 1354   1 1489.35  16613.5010  2.0     22.97  UII    1
 1355   1 1485.33  16614.4885  3.0      1.99    ?    1
 1356   1 1483.73  16614.8816  4.0      1.90   UI    1
 1357   1 1477.09  16616.5125  3.0      2.89  UII    1
 1358   1 1473.12  16617.4866  1.0     67.90  UII    1
 1359   1 1468.99  16618.4985  2.0      7.26   UI    1
 1360   1 1468.23  16618.6853  1.0     13.18    ?    1
 1361   1 1467.03  16618.9795  2.0      8.30   UI    1
 1362   1 1460.75  16620.5188  2.0      4.29   UI    1
 1363   1 1460.04  16620.6934  2.0      3.18   UI    1
 1364   1 1454.92  16621.9470  3.0      3.54   UI    1
 1365   1 1452.74  16622.4829  3.0      4.87   UI    1
 1366   1 1446.86  16623.9221  3.0      3.09   UI    1
 1367   1 1441.97  16625.1184  2.0      8.85   UI    1
 1368   1 1436.73  16626.4001  2.0      7.24    ?    1
 1369   1 1429.48  16628.1726  3.0      2.51    ?    1
 1370   1 1423.14  16629.7229  3.0      4.06   UI    1
 1371   1 1418.76  16630.7910  1.0     10.24   UI    1
 1372   1 1415.04  16631.6992  3.0      5.15   UI    1
 1373   1 1412.64  16632.2852  1.0     11.47  UII    1
 1374   1 1408.68  16633.2520  2.0     13.16  UII    1
 1375   1 1403.88  16634.4226  3.0      3.75   UI    1
 1376   1 1395.87  16636.3745  2.0      4.48   UI    1
 1377   1 1390.60  16637.6575  4.0      2.70   UI    1
 1378   1 1389.74  16637.8687  2.0      7.75   UI    1
 1379   1 1388.41  16638.1909  2.0      3.84   UI    1
 1380   1 1385.79  16638.8306  2.0      9.09   UI    1
 1381   1 1362.65  16644.4568  2.0     11.50  UII    1
 1382   1 1358.47  16645.4724  2.0      5.68    ?    1
 1383   1 1353.37  16646.7114  2.0      5.68   UI    1
 1384   1 1340.75  16649.7729  3.0      4.34   UI    1
 1385   1 1337.97  16650.4456  4.0      1.62   UI    1
 1386   1 1332.85  16651.6870  2.0     39.34   UI    1
 1387   1 1311.29  16656.9043  1.0     12.13  UII    1
 1388   1 1310.42  16657.1155  2.0      6.62   UI    1
 1389   1 1298.57  16659.9792  2.0      8.86   UI    1
 1390   1 1291.82  16661.6089  3.0     20.82  UII    1
 1391   1 1290.08  16662.0288  2.0     22.25    ?    1
 1392   1 1278.04  16664.9329  1.0     79.56   UI    1
 1393   1 1277.11  16665.1575  3.0     10.13    ?    1
 1394   1 1274.03  16665.8984  4.0      3.18   UI    1
 1395   1 1265.49  16667.9565  1.0      9.35   UI    1
 1396   1 1261.20  16668.9905  1.0     49.20  UII    1
 1397   1 1255.89  16670.2661  4.0      1.61   UI    1
 1398   1 1245.63  16672.7344  1.0    131.33   UI    1
 1399   1 1234.69  16675.3625  3.0      3.59   UI    1
 1400   1 1222.24  16678.3508  1.0     13.80  UII    1
 1401   1 1220.89  16678.6743  3.0      8.08   UI    1
 1402   1 1217.70  16679.4397  1.0     64.65   UI    1
 1403   1 1214.58  16680.1855  1.0     55.99   UI    1
 1404   1 1212.71  16680.6348  5.0      1.85   UI    1
 1405   1 1205.03  16682.4744  3.0      3.95   UI    1
 1406   1 1200.94  16683.4534  2.0      4.99   UI    1
 1407   1 1193.40  16685.2576  2.0      5.69  UII    1
 1408   1 1185.24  16687.2095  2.0      3.23   UI    1
 1409   1 1179.87  16688.4924  3.0      5.59   UI    1
 1410   1 1178.85  16688.7366  3.0      3.18   UI    1
 1411   1 1173.91  16689.9158  3.0      4.83    ?    1
 1412   1 1169.21  16691.0376  3.0      4.68   UI    1
 1413   1 1163.42  16692.4194  2.0      5.28    ?    1
 1414   1 1162.09  16692.7368  2.0      9.24   UI    1
 1415   1 1159.70  16693.3069  1.0     10.59   UI    1
 1416   1 1152.59  16695.0000  4.0      5.15  UII    1
 1417   1 1147.29  16696.2634  5.0      3.79   UI    1
 1418   1 1145.53  16696.6821  3.0      2.97   UI    1
 1419   1 1144.14  16697.0142  2.0      4.12   UI    1
 1420   1 1141.71  16697.5928  3.0      9.40  UII    1
 1421   1 1136.61  16698.8062  1.0     11.51  UII    1
 1422   1 1127.96  16700.8630  3.0      3.62   UI    1
 1423   1 1123.44  16701.9373  1.0      8.12   UI    1
 1424   1 1116.43  16703.6035  2.0      6.63   UI    1
 1425   1 1098.48  16707.8638  3.0      2.53    ?    1
 1426   1 1095.49  16708.5718  3.0      3.32   UI    1
 1427   1 1091.93  16709.4165  1.0      9.45   UI    1
 1428   1 1089.78  16709.9255  3.0      2.53   UI    1
 1429   1 1087.90  16710.3711  5.0      1.59    ?    1
 1430   1 1086.37  16710.7324  3.0      2.97   UI    1
 1431   1 1084.00  16711.2927  2.0      4.69   UI    1
 1432   1 1081.58  16711.8665  1.0     58.92   UI    1
 1433   1 1072.53  16714.0076  3.0      2.31   UI    1
 1434   1 1068.42  16714.9805  1.0     59.08   UI    1
 1435   1 1063.55  16716.1304  2.0      8.70   UI    1
 1436   1 1058.54  16717.3157  3.0      2.70    ?    1
 1437   1 1056.11  16717.8894  2.0     18.86   UI    1
 1438   1 1048.31  16719.7314  2.0      7.39    ?    1
 1439   1 1040.62  16721.5454  2.0     23.40   UI    1
 1440   1 1033.97  16723.1128  2.0      9.26  UII    1
 1441   1 1030.33  16723.9697  3.0      1.98    ?    1
 1442   1 1024.73  16725.2881  1.0     15.09   UI    1
 1443   1 1020.77  16726.2207  3.0      2.91    ?    1
 1444   1 1016.67  16727.1851  3.0      4.71   UI    1
 1445   1 1010.59  16728.6169  3.0      5.30   UI    1
 1446   1 1001.90  16730.6592  3.0      2.94   UI    1
 1447   1 1000.35  16731.0217  2.0      4.92   UI    1
 1448   1  993.55  16732.6196  1.0     44.20   UI    1
 1449   1  991.72  16733.0493  2.0     25.32   UI    1
 1450   1  987.57  16734.0234  2.0     10.29   UI    1
 1451   1  982.78  16735.1465  2.0    101.03   UI    1
 1452   1  978.53  16736.1426  2.0      7.12    ?    1
 1453   1  977.45  16736.3977  3.0     16.10   UI    1
 1454   1  969.44  16738.2739  6.0      2.84   UI    1
 1455   1  967.15  16738.8098  2.0     68.16   UI    1
 1456   1  966.25  16739.0198  2.0     13.19  UII    1
 1457   1  963.09  16739.7607  3.0      3.87   UI    1
 1458   1  961.65  16740.0964  3.0      4.51   UI    1
 1459   1  960.38  16740.3943  3.0      3.00  UII    1
 1460   1  956.73  16741.2500  2.0     14.93    ?    1
 1461   1  952.36  16742.2705  1.0     23.62   UI    1
 1462   1  942.18  16744.6497  2.0   1465.14   Ar    1
 1463   1  939.68  16745.2356  4.0      3.35   UI    1
 1464   1  938.70  16745.4626  1.0     29.98   UI    1
 1465   1  937.61  16745.7178  2.0      6.32  UII    1
 1466   1  933.05  16746.7834  1.0     10.06   UI    1
 1467   1  918.00  16750.2930  1.0     38.46   UI    1
 1468   1  915.69  16750.8325  2.0     11.43   UI    1
 1469   1  907.20  16752.8088  2.0      8.52   UI    1
 1470   1  900.09  16754.4653  4.0      2.11   UI    1
 1471   1  895.25  16755.5896  2.0      6.29   UI    1
 1472   1  893.23  16756.0608  1.0     20.06   UI    1
 1473   1  892.20  16756.2988  3.0      2.30   UI    1
 1474   1  887.37  16757.4231  3.0      1.80   UI    1
 1475   1  879.70  16759.2041  2.0      4.17   UI    1
 1476   1  877.82  16759.6399  1.0     11.57    ?    1
 1477   1  874.92  16760.3149  1.0     20.18   UI    1
 1478   1  870.18  16761.4136  2.0     42.31   UI    1
 1479   1  861.20  16763.4973  4.0      2.90  UII    1
 1480   1  842.79  16767.7612  2.0      5.31    ?    1
 1481   1  840.75  16768.2336  1.0     50.88   UI    1
 1482   1  833.99  16769.7961  3.0      2.10   UI    1
 1483   1  832.22  16770.2063  2.0     10.24   UI    1
 1484   1  829.30  16770.8813  1.0    183.93   UI    1
 1485   1  824.69  16771.9458  2.0     15.49   UI    1
 1486   1  823.22  16772.2864  1.0     68.82   UI    1
 1487   1  817.42  16773.6255  3.0      2.38   UI    1
 1488   1  816.04  16773.9441  3.0      3.82    ?    1
 1489   1  812.17  16774.8364  3.0      5.87    ?    1
 1490   1  808.97  16775.5750  1.0     19.93   UI    1
 1491   1  805.94  16776.2744  1.0     47.95   UI    1
 1492   1  789.59  16780.0415  2.0     45.01   UI    1
 1493   1  787.34  16780.5579  1.0      8.54   UI    1
 1494   1  777.93  16782.7246  3.0      2.54   UI    1
 1495   1  772.14  16784.0540  2.0      4.60   UI    1
 1496   1  770.25  16784.4885  1.0     16.06   UI    1
 1497   1  746.30  16789.9866  4.0      1.87   UI    1
 1498   1  742.98  16790.7471  2.0      8.97   UI    1
 1499   1  732.59  16793.1274  2.0     14.17   UI    1
 1500   1  726.41  16794.5422  2.0      3.63   UI    1
 1501   1  725.02  16794.8608  3.0      8.68   UI    1
 1502   1  722.87  16795.3516  2.0      7.66   UI    1
 1503   1  721.42  16795.6824  4.0      2.19   UI    1
 1504   1  714.87  16797.1814  2.0      5.16   UI    1
 1505   1  688.65  16803.1653  3.0      1.90    ?    1
 1506   1  681.60  16804.7729  4.0      2.05    ?    1
 1507   1  676.36  16805.9656  2.0     48.87   UI    1
 1508   1  672.36  16806.8774  2.0     19.26  UII    1
 1509   1  664.99  16808.5547  2.0      2.89   UI    1
 1510   1  655.11  16810.7996  3.0      2.34   UI    1
 1511   1  647.78  16812.4658  3.0      2.12   UI    1
 1512   1  639.57  16814.3274  3.0      5.82   UI    1
 1513   1  635.33  16815.2905  2.0      6.12   UI    1
 1514   1  634.41  16815.4993  3.0      3.05   UI    1
 1515   1  625.86  16817.4365  2.0      9.50   UI    1
 1516   1  611.47  16820.6946  2.0     10.79   UI    1
 1517   1  609.71  16821.0938  4.0      5.02   UI    1
 1518   1  608.29  16821.4148  4.0      4.15  UII    1
 1519   1  600.53  16823.1677  2.0     18.27   UI    1
 1520   1  598.92  16823.5327  3.0      2.16   UI    1
 1521   1  595.72  16824.2554  2.0      3.58   UI    1
 1522   1  593.72  16824.7070  3.0      2.94   UI    1
 1523   1  591.63  16825.1782  3.0      9.22  UII    1
 1524   1  582.71  16827.1924  2.0     13.64   UI    1
 1525   1  575.28  16828.8672  1.0    139.36   UI    1
 1526   1  564.80  16831.2292  4.0      2.24   UI    1
 1527   1  556.03  16833.2031  2.0     34.03   UI    1
 1528   1  554.60  16833.5242  2.0      5.64   UI    1
 1529   1  549.86  16834.5923  2.0      9.31   UI    1
 1530   1  547.36  16835.1526  2.0      4.46   UI    1
 1531   1  543.70  16835.9753  3.0      2.26    ?    1
 1532   1  542.71  16836.1975  2.0      7.16   UI    1
 1533   1  538.90  16837.0544  2.0      6.65   UI    1
 1534   1  535.55  16837.8064  2.0      6.21   UI    1
 1535   1  512.06  16843.0750  2.0    128.92  UII    1
 1536   1  504.50  16844.7693  5.0      1.47   UI    1
 1537   1  486.93  16848.6975  2.0      6.20  UII    1
 1538   1  485.00  16849.1284  3.0      3.16    ?    1
 1539   1  482.42  16849.7046  2.0      4.13   UI    1
 1540   1  479.72  16850.3076  3.0      1.91   UI    1
 1541   1  478.64  16850.5493  3.0      3.75   UI    1
 1542   1  476.16  16851.1035  2.0     10.54    ?    1
 1543   1  460.50  16854.5972  1.0     57.29    ?    1
 1544   1  447.99  16857.3816  2.0      4.52   UI    1
 1545   1  447.42  16857.5085  2.0      3.78    ?    1
 1546   1  442.60  16858.5815  1.0     34.76   UI    1
 1547   1  436.41  16859.9585  3.0      2.86  UII    1
 1548   1  432.68  16860.7886  3.0      2.21   UI    1
 1549   1  420.55  16863.4814  2.0      4.25   UI    1
 1550   1  417.97  16864.0540  1.0     81.12  UII    1
 1551   1  415.08  16864.6948  2.0     24.82   Ar    1
 1552   1  412.25  16865.3235  2.0      7.28   UI    1
 1553   1  408.51  16866.1536  5.0      1.87    ?    1
 1554   1  405.75  16866.7651  2.0      3.94   UI    1
 1555   1  400.61  16867.9041  1.0      9.68   UI    1
 1556   1  399.17  16868.2214  2.0     13.18   UI    1
 1557   1  395.17  16869.1077  3.0      2.80   UI    1
 1558   1  393.79  16869.4128  1.0     28.04   UI    1
 1559   1  381.09  16872.2229  2.0      7.27   UI    1
 1560   1  378.13  16872.8772  2.0     67.10  UII    1
 1561   1  375.09  16873.5498  3.0      3.01   UI    1
 1562   1  371.49  16874.3445  2.0     60.22   UI    1
 1563   1  369.45  16874.7949  2.0    103.76   UI    1
 1564   1  357.96  16877.3315  4.0      2.36  UII    1
 1565   1  354.20  16878.1604  2.0      2.64   UI    1
 1566   1  351.62  16878.7280  3.0      8.86   UI    1
 1567   1  345.17  16880.1501  2.0      7.52    ?    1
 1568   1  339.83  16881.3269  2.0      6.88   UI    1
 1569   1  337.74  16881.7871  2.0      5.64   UI    1
 1570   1  315.68  16886.6357  2.0      4.15   UI    1
 1571   1  305.96  16888.7695  1.0    129.84   UI    1
 1572   1  301.46  16889.7583  1.0     93.84   UI    1
 1573   1  296.18  16890.9143  2.0      3.99   UI    1
 1574   1  287.26  16892.8687  1.0     16.47   UI    1
 1575   1  281.13  16894.2114  3.0      2.48   UI    1
 1576   1  277.06  16895.1025  3.0      2.72   UI    1
 1577   1  269.36  16896.7847  1.0    111.75  UII    1
 1578   1  265.66  16897.5940  3.0      3.17   UI    1
 1579   1  264.33  16897.8857  4.0      7.29   UI    1
 1580   1  259.18  16899.0088  4.0      7.07  UII    1
 1581   1  248.91  16901.2500  2.0      3.82  UII    1
 1582   1  234.91  16904.3018  2.0      5.79    ?    1
 1583   1  232.94  16904.7314  3.0     10.81   UI    1
 1584   1  220.80  16907.3743  2.0      5.03   UI    1
 1585   1  216.22  16908.3691  4.0      1.98   UI    1
 1586   1  211.53  16909.3884  1.0     18.36   UI    1
 1587   1  209.82  16909.7595  2.0     10.16   UI    1
 1588   1  205.86  16910.6201  1.0   1159.42   UI    1
 1589   1  197.36  16912.4658  1.0    218.54   UI    1
 1590   1  193.18  16913.3728  2.0      4.41    ?    1
 1591   1  189.92  16914.0784  2.0    104.20   UI    1
 1592   1  183.52  16915.4663  2.0      3.12   UI    1
 1593   1  176.96  16916.8860  3.0      9.86   UI    1
 1594   1  168.06  16918.8135  2.0     11.82   UI    1
 1595   1  160.81  16920.3809  2.0      7.09   UI    1
 1596   1  158.10  16920.9656  3.0      9.46   UI    1
 1597   1  153.95  16921.8640  2.0     98.03   UI    1
 1598   1  143.21  16924.1809  5.0      9.31   UI    1
 1599   1  134.93  16925.9668  6.0      6.14   UI    1
 1600   1  121.71  16928.8147  3.0      4.15   UI    1
 1601   1  118.68  16929.4678  4.0      4.57  UII    1
 1602   1  116.53  16929.9304  3.0      8.74   UI    1
 1603   1   88.26  16936.0034  1.0   1035.63   UI    1
 1604   1   79.72  16937.8345  3.0      5.70   UI    1
 1605   1   71.77  16939.5374  2.0     18.56  UII    1
 1606   1   45.24  16945.2112  1.0  20083.09   Ar    1
 1607   1    8.49  16953.0444  2.0     33.45  UII    1
 1608   1  -10.14  16957.0056  2.0     11.61   UI    1
 1609   1  -27.90  16960.7715  3.0      9.66   UI    1
 1610   1  -29.08  16961.0217  5.0      7.18    ?    1
