id            cl    vrad    teff    logg    feh    cfe    nfe    ofe    mgfe    alfe    sife    cafe    tife    pop limit    rah ram ras decd decm decs J    H    K
2M21301565+1208229    M15    -104.5    4836    1.56    -2.12    9999    9999    9999    0.16    -0.06    0.35    0.19    9999    1   0        21 30 15.65 +12 08 22.9    12.061 11.520 11.408
2M21301606+1213342    M15    -108.3    4870    1.64    -2.31    9999    9999    9999    0.10    0.57    0.46    0.53    9999    2   0       21 30 16.06 +12 13 34.2     12.415 11.860 11.772
2M21304412+1211226    M15    -102.7    4715    1.28    -2.12    9999    9999    9999    -0.45    0.63    0.60    0.35    9999    2   0       21 30 44.12 +12 11 22.6     11.496 10.930 10.807
2M21290843+1209118    M15    -106.0    4607    1.03    -2.07    9999    9999    9999    -0.11    0.75    0.41    9999    9999    2   0       21 29 08.43 +12 09 11.8     11.368 10.730 10.645
2M21294979+1211058    M15    -107.6    4375    0.56    -2.31    -0.44    0.95    0.44    0.17    0.64    0.44    0.06    9999    2   1       21 29 49.79 +12 11 05.8     10.745 10.050 9.944 
2M21295618+1212337    M15    -104.7    4616    1.09    -2.18    9999    9999    9999    0.11    0.66    0.44    -0.05    0.17    2   0       21 29 56.18 +12 12 33.7     10.759 10.144 10.039
2M21295678+1210269    M15    -124.8    4518    0.86    -2.31    -0.36    1.36    0.66    0.34    0.53    0.47    0.29    0.14    2   1       21 29 56.78 +12 10 26.9     10.276 9.678 9.524     
2M21300038+1207363    M15    -97.0    4719    1.28    -2.30    9999    9999    9999    0.31    0.36    0.48    9999    9999    2   0       21 30 00.38 +12 07 36.3     11.535 10.940 10.847
2M21300274+1210438    M15    -108.7    4548    0.93    -2.32    9999    9999    9999    0.31    0.74    0.51    0.10    0.27    2   0       21 30 02.74 +12 10 43.8     10.469 9.860 9.727     
2M21300637+1206592    M15    -106.1    4798    1.47    -2.30    9999    9999    9999    -0.06    1.04    0.56    9999    9999    2   0       21 30 06.37 +12 06 59.2     11.364 10.829 10.700
2M21301049+1210061    M15    -97.8    4638    1.09    -2.32    9999    9999    9999    0.01    1.14    0.67    9999    9999    2   0       21 30 10.49 +12 10 06.1     11.151 10.560 10.438
2M21291235+1210498    M15    -111.2    4509    0.86    -2.31    -0.18    1.02    0.20    -0.13    1.04    0.63    0.38    0.22    2   1       21 29 12.35 +12 10 49.8     11.411 10.775 10.656
2M21295572+1211338    M15    -94.6    4594    1.03    -2.27    9999    9999    9999    0.25    0.63    0.45    9999    0.03    2   0       21 29 55.72 +12 11 33.8     11.042 10.452 10.315
2M21293353+1204552    M15    -97.2    4768    1.40    -2.39    9999    9999    9999    -0.08    -0.39    0.12    0.24    9999    1   0       21 29 33.53 +12 04 55.2     12.482 11.940 11.809
2M21293871+1211530    M15    -93.1    4798    1.47    -2.35    9999    9999    9999    -0.19    -0.45    0.20    9999    9999    1   0       21 29 38.71 +12 11 53.0     12.152 11.590 11.488
2M21294377+1208332    M15    -100.9    4857    1.59    -2.52    9999    9999    9999    0.38    -0.21    0.52    0.51    9999    1   0       21 29 43.77 +12 08 33.2     12.501 11.970 11.854
2M21294993+1208052    M15    -99.6    4676    1.19    -2.31    9999    9999    9999    0.36    0.12    0.35    9999    9999    1   0       21 29 49.93 +12 08 05.2     11.427 10.843 10.726
2M21295492+1213225    M15    -110.3    4494    0.82    -2.25    -0.42    0.60    0.66    0.35    -0.10    0.40    -0.31    0.03    1   1       21 29 54.92 +12 13 22.5     10.455 9.7960 9.6950
2M21295666+1209463    M15    -113.0    4344    0.56    -2.27    -0.54    1.25    0.62    0.30    -0.14    0.34    0.19    0.18    1   1       21 29 56.66 +12 09 46.3     10.534 9.8600 9.7220
2M21300224+1211215    M15    -96.5    4395    0.56    -2.25    -0.51    0.49    0.65    0.26    0.06    0.30    -0.10    0.12    1   1       21 30 02.24 +12 11 21.5     10.227 9.5820 9.4330
2M21300349+1203124    M15    -100.9    4752    1.36    -2.28    9999    9999    9999    -0.33    0.97    0.80    9999    9999    2   0       21 30 03.49 +12 03 12.4     12.205 11.615 11.527
2M21300553+1208553    M15    -107.7    4888    1.66    -2.16    9999    9999    9999    0.13    -0.47    0.14    9999    9999    1   0       21 30 05.53 +12 08 55.3     12.357 11.835 11.719
2M21301494+1210207    M15    -117.8    4805    1.47    -2.44    9999    9999    9999    0.36    -0.24    0.41    -0.19    9999    1   0       21 30 14.94 +12 10 20.7     12.127 11.593 11.465
2M17162228+4258036    M92    -118.1    4967    1.85    -2.27    9999    9999    9999    -0.23    0.78    0.59    9999    9999    2    0       17 16 22.28 +42 58 03.6        12.826 12.267 12.247 
2M17163427+4307363    M92    -119.6    4864    1.61    -2.10    9999    9999    9999    0.10    0.25    0.26    9999    9999    2    0       17 16 34.27 +43 07 36.3     11.948 11.407 11.340 
2M17164330+4304161    M92    -121.0    4938    1.78    -2.49    9999    9999    9999    0.40    0.66    0.33    9999    9999    2    0       17 16 43.30 +43 04 16.1     13.091 12.618 12.504 
2M17165118+4306434    M92    -115.4    4903    1.70    -2.16    9999    9999    9999    0.15    0.48    0.41    0.06    9999    2    0       17 16 51.18 +43 06 43.4     12.440 11.951 11.843 
2M17165185+4308031    M92    -117.4    4913    1.72    -2.22    9999    9999    9999    0.21    0.54    0.43    9999    9999    2    0       17 16 51.85 +43 08 03.1     12.511 11.974 11.917 
2M17165551+4305034    M92    -118.2    4709    1.27    -2.20    9999    9999    9999    0.22    0.47    0.34    -0.06    9999    2    0       17 16 55.51 +43 05 03.4     12.342 11.795 11.688 
2M17165620+4306121    M92    -119.2    4931    1.76    -2.27    9999    9999    9999    0.13    0.74    0.53    0.41    9999    2    0       17 16 56.20 +43 06 12.1     13.086 12.568 12.497 
2M17165883+4315116    M92    -124.1    4661    1.14    -2.14    9999    9999    9999    -0.26    0.63    0.48    0.01    9999    2    0       17 16 58.83 +43 15 11.6      11.692 11.109 11.023
2M17165956+4306456    M92    -123.1    5018    1.99    -2.20    9999    9999    9999    0.26    -0.37    0.30    9999    9999    1    0       17 16 59.56 +43 06 45.6     12.748 12.249 12.183 
2M17165963+4313309    M92    -116.3    4769    1.38    -2.16    9999    9999    9999    -0.30    0.69    0.51    -0.11    9999    2   0       17 16 59.63 +43 13 30.9     12.036 11.497 11.400 
2M17165967+4301058    M92    -124.3    4942    1.78    -2.29    9999    9999    9999    -0.22    0.97    0.51    0.22    9999    2   0       17 16 59.67 +43 01 05.8     12.947 12.434 12.361 
2M17170043+4305117    M92    -126.5    4806    1.48    -2.12    9999    9999    9999    0.09    0.51    0.30    0.29    9999    2   0       17 17 00.43 +43 05 11.7     12.048 11.545 11.423 
2M17170081+4310251    M92    -119.7    4719    1.27    -2.11    9999    9999    9999    0.14    0.36    0.37    9999    9999    2   0       17 17 00.81 +43 10 25.1     11.571 11.006 10.920 
2M17170394+4302031    M92    -123.4    4970    1.85    -2.27    9999    9999    9999    -0.08    0.89    9999    9999    9999    2   0       17 17 03.94 +43 02 03.1     12.987 12.466 12.409 
2M17170647+4306029    M92    -115.1    4796    1.45    -2.36    9999    9999    9999    0.32    0.74    0.49    0.08    9999    2   0       17 17 06.47 +43 06 02.9     12.457 11.931 11.829 
2M17170807+4310448    M92    -120.7    4677    1.18    -2.13    9999    9999    9999    0.10    0.68    0.45    9999    9999    2   0       17 17 08.07 +43 10 44.8      11.404 10.865 10.740
2M17171221+4302209    M92    -122.6    4992    1.90    -2.28    9999    9999    9999    -0.1    1.04    0.31    9999    9999    2     0       17 17 12.21 +43 02 20.9     12.965 12.453 12.393 
2M17171531+4309465    M92    -122.2    4917    1.72    -2.10    9999    9999    9999    0.16    -0.50    0.29    9999    9999    1   0       17 17 15.31 +43 09 46.5     12.349 11.831 11.756 
2M17171551+4304594    M92    -115.9    4823    1.50    -2.11    9999    9999    9999    0.00    0.18    0.40    9999    9999    2   0       17 17 15.51 +43 04 59.4     12.975 12.480 12.355 
2M17171793+4305439    M92    -115.6    5014    1.97    -2.26    9999    9999    9999    0.21    -0.50    0.26    -0.02    9999    1   0       17 17 17.93 +43 05 43.9     12.982 12.512 12.416 
2M17172157+4307408    M92    -114.0    4868    1.61    -2.37    9999    9999    9999    0.21    1.11    0.66    9999    9999    2   0       17 17 21.57 +43 07 40.8     11.601 11.066 10.994 
2M17172166+4311031    M92    -119.4    4813    1.48    -2.40    9999    9999    9999    0.41    0.67    0.55    9999    0.03    2   0       17 17 21.66 +43 11 03.1     12.623 12.115 12.000 
2M17172268+4308505    M92    -123.7    4830    1.53    -2.36    9999    9999    9999    -0.27    0.89    0.64    9999    9999    2   0       17 17 22.68 +43 08 50.5     13.258 12.777 12.640 
2M17172331+4256556    M92    -120.2    4963    1.84    -2.26    9999    9999    9999    0.05    0.76    0.41    0.45    9999    2   0       17 17 23.31 +42 56 55.6      13.259 12.786 12.679
2M17180472+4310162    M92    -121.6    4992    1.90    -2.19    9999    9999    9999    0.20    0.35    0.36    9999    9999    2    0       17 18 04.72 +43 10 16.2     13.345 12.953 12.773 
2M17163748+4306155    M92    -118.0    4381    0.57    -2.16    -0.37    0.90    0.20    -0.19    0.72    0.56    0.15    0.02    2    1       17 16 37.48 +43 06 15.5      9.885 9.228 9.123     
2M17165557+4309277    M92    -122.3    4468    0.72    -2.15    -0.33    1.04    0.65    0.28    -0.26    0.31    0.08    9999    1    1       17 16 55.57 +43 09 27.7      10.411 9.819 9.679 
2M17165738+4307236    M92    -122.0    4518    0.84    -2.17    -0.26    0.90    0.68    0.37    -0.19    0.37    0.15    9999    1    1       17 16 57.38 +43 07 23.6      10.280 9.683 9.565 
2M17165772+4314115    M92    -118.6    4661    1.14    -2.33    9999    9999    9999    0.58    -0.04    0.56    -0.05    9999    1    0       17 16 57.72 +43 14 11.5     11.534 10.968 10.865 
2M17170588+4310171    M92    -118.8    4729    1.31    -2.26    9999    9999    9999    0.25    0.68    0.49    0.06    9999    2    0       17 17 05.88 +43 10 17.1     11.155 10.626 10.507 
2M17170731+4309308    M92    -114.0    4677    1.18    -2.10    9999    9999    9999    0.19    0.48    0.34    -0.07    9999    2    0       17 17 07.31 +43 09 30.8      11.142 10.603 10.478
2M17171307+4309483    M92    -122.5    4531    0.88    -2.14    -0.39    1.15    0.60    0.23    0.83    0.40    0.40    0.37    2    1       17 17 13.07 +43 09 48.3      10.311 9.700 9.600 
2M17171342+4308305    M92    -111.8    4504    0.80    -2.23    -0.51    0.51    0.66    0.42    -0.12    0.52    0.02    9999    1    1       17 17 13.42 +43 08 30.5      10.222 9.598 9.502 
2M17171412+4310462    M92    -118.2    4558    0.94    -2.12    9999    9999    9999    0.22    0.85    0.43    0.00    -0.07   2    0       17 17 14.12 +43 10 46.2      10.273 9.674 9.571 
2M17171467+4306248    M92    -124.7    4626    1.09    -2.19    9999    9999    9999    0.16    1.04    0.58    0.28    0.09    2   0       17 17 14.67 +43 06 24.8     10.966 10.382 10.286 
2M17163772+4308411    M92    -123.6    4974    1.87    -2.17    9999    9999    9999    0.16    -0.37    0.31    9999    9999    1   0       17 16 37.72 +43 08 41.1     11.976 11.443 11.399 
2M17164395+4307318    M92    -104.9    4903    1.70    -2.34    9999    9999    9999    0.34    -0.25    0.41    9999    9999    1   0       17 16 43.95 +43 07 31.8     12.811 12.334 12.214 
2M17165612+4304073    M92    -123.6    4889    1.66    -2.18    9999    9999    9999    -0.30    0.99    0.59    9999    9999    2   0       17 16 56.12 +43 04 07.3     12.216 11.686 11.615 
2M17165652+4308156    M92    -122.5    4878    1.63    -2.23    9999    9999    9999    0.51    -0.07    0.52    0.15    9999    1   0       17 16 56.52 +43 08 15.6     12.451 11.941 11.847 
2M17165994+4309307    M92    -124.9    4709    1.27    -2.27    9999    9999    9999    0.29    0.20    0.44    9999    9999    1   0       17 16 59.94 +43 09 30.7     12.377 11.808 11.723 
2M17170033+4311478    M92    -116.8    5007    1.95    -2.35    9999    9999    9999    0.34    0.83    0.61    0.19    9999    2   0       17 17 00.33 +43 11 47.8     12.123 11.609 11.555 
2M17170351+4306147    M92    -116.4    4759    1.38    -2.19    9999    9999    9999    -0.30    0.69    0.61    -0.18    9999    2    0       17 17 03.51 +43 06 14.7     12.019 11.459 11.380 
2M17170538+4309100    M92    -120.9    4830    1.53    -2.38    9999    9999    9999    0.06    0.73    0.48    9999    9999    2    0       17 17 05.38 +43 09 10.0     12.473 11.977 11.855 
2M17170709+4309362    M92    -116.3    4749    1.35    -2.40    9999    9999    9999    -0.12    1.01    0.76    -0.16    9999    2    0       17 17 07.09 +43 09 36.2     12.117 11.528 11.475 
2M17170985+4307144    M92    -126.2    4938    1.78    -2.09    9999    9999    9999    0.32    -0.25    0.53    9999    9999    1    0       17 17 09.85 +43 07 14.4     13.406 12.953 12.819 
2M17171043+4311076    M92    -110.8    4410    0.57    -2.30    -0.57    1.09    0.67    0.33    -0.20    0.41    0.22    -0.17   1    1       17 17 10.43 +43 11 07.6     10.157 9.5540 9.4050 
2M17171654+4310449    M92    -109.8    4648    1.14    -2.38    9999    9999    9999    0.41    -0.29    0.47    9999    0.35    1    0       17 17 16.54 +43 10 44.9     11.151 10.552 10.478 
2M13125038+1814391    M53    -60.0    4648    1.27    -1.97    9999    9999    9999    0.22    0.80    0.37    0.28    0.27    2    0       13 12 50.38 +18 14 39.1        13.449 12.857 12.774 
2M13125496+1805350    M53    -63.6    4734    1.48    -1.98    9999    9999    9999    0.29    0.66    0.45    0.44    0.16    2   0       13 12 54.96 +18 05 35.0     13.263 12.704 12.615 
2M13125650+1812375    M53    -58.9    4570    1.11    -2.12    9999    9999    9999    0.34    0.94    0.49    0.40    0.39    2   0       13 12 56.50 +18 12 37.5     13.353 12.806 12.653 
2M13123617+1807320    M53    -56.5    4505    1.02    -1.96    -0.22    0.84    0.66    0.45    -0.12    0.46    0.51    0.40    1   1       13 12 36.17 +18 07 32.0      12.785 12.136 12.063
2M13123737+1808232    M53    -57.6    4229    0.48    -1.87    -0.64    0.98    0.51    0.33    0.20    0.33    0.20    0.13    1   1       13 12 37.37 +18 08 23.2      11.763 11.086 10.942
2M13124552+1811289    M53    -61.9    4206    0.48    -1.88    -0.65    1.39    0.53    0.18    0.98    0.37    0.14    0.21    2   1       13 12 45.52 +18 11 28.9      11.271 10.541 10.441
2M13124768+1810060    M53    -68.3    4496    0.96    -1.88    -0.42    1.11    0.55    0.23    0.97    0.39    0.20    0.27    2   1       13 12 47.68 +18 10 06.0      12.194 11.593 11.469
2M13124794+1806320    M53    -55.1    4564    1.11    -1.99    9999    9999    9999    0.36    -0.17    0.38    0.19    0.29    1   0       13 12 47.94 +18 06 32.0      12.932 12.367 12.230
2M13124819+1812465    M53    -61.7    4534    1.06    -1.86    -0.53    1.17    0.53    0.21    0.75    0.35    -0.12    0.46    2   1       13 12 48.19 +18 12 46.5      12.520 11.883 11.808
2M13124987+1811487    M53    -56.6    4682    1.33    -2.04    9999    9999    9999    0.32    -0.29    0.38    0.02    0.42    1   0       13 12 49.87 +18 11 48.7      13.148 12.586 12.484
2M13125725+1806050    M53    -61.8    4613    1.23    -1.89    9999    9999    9999    0.25    1.07    0.44    0.23    0.42    2   0       13 12 57.25 +18 06 05.0     12.759 12.157 12.073 
2M13125915+1814356    M53    -62.5    4401    0.82    -2.02    -0.54    0.86    0.59    0.24    0.57    0.40    0.25    0.26    2   1       13 12 59.15 +18 14 35.6      11.709 11.064 10.951
2M13130246+1813234    M53    -60.7    4598    1.19    -2.01    9999    9999    9999    0.42    -0.09    0.49    0.34    -0.02   1   0       13 13 02.46 +18 13 23.4      12.879 12.279 12.188
2M13130442+1808556    M53    -59.1    4564    1.11    -1.93    9999    9999    9999    0.37    -0.17    0.44    0.35    0.22    1   0       13 13 04.42 +18 08 55.6     13.377 12.830 12.675 
2M13130531+1814508    M53    -65.6    4670    1.33    -1.92    9999    9999    9999    0.41    -0.10    0.38    0.26    9999    1   0       13 13 05.31 +18 14 50.8     12.608 12.033 11.940 
2M13131736+1814463    M53    -61.5    4583    1.15    -1.94    9999    9999    9999    0.41    -0.13    0.47    -0.01    9999    1   0       13 13 17.36 +18 14 46.3      12.574 11.973 11.878
2M14053119+2831219    N5466    107.9    4808    1.64    -1.92    9999    9999    9999    0.13    -0.52    0.40    9999    9999    1    0   14 05 31.19 +28 31 21.9        13.024 12.517 12.407 
2M14051383+2832515    N5466    109.6    4681    1.36    -1.76    9999    9999    9999    0.17    -0.33    0.26    0.44    0.41    1   0   14 05 13.83 +28 32 51.5     12.434 11.867 11.778 
2M14052071+2829419    N5466    107.6    4640    1.31    -1.84    9999    9999    9999    0.17    -0.44    0.30    9999    9999    1   0   14 05 20.71 +28 29 41.9     12.725 12.153 12.056 
2M14052283+2830138    N5466    106.2    4429    0.88    -1.70    -0.56    0.86    0.62    0.09    0.18    0.17    -0.35    9999    2   1   14 05 22.83 +28 30 13.8      11.223 10.606 10.483
2M14053309+2833418    N5466    106.9    4454    0.93    -1.79    -0.56    0.93    0.60    0.12    -0.47    0.20    0.08    9999    1    1   14 05 33.09 +28 33 41.8      11.922 11.297 11.191
2M14053444+2834063    N5466    108.4    4656    1.31    -1.74    9999    9999    9999    0.06    -0.51    0.30    -0.01    0.32    1   0   14 05 34.44 +28 34 06.3     12.448 11.869 11.784 
2M14053928+2831129    N5466    106.8    4398    0.83    -1.90    -0.55    0.74    0.68    0.25    -0.25    0.22    0.05    0.14    1   1   14 05 39.28 +28 31 12.9      11.297 10.661 10.546
2M14054108+2829482    N5466    105.3    4798    1.61    -1.87    9999    9999    9999    0.13    0.43    0.43    0.04    9999    2   0   14 05 41.08 +28 29 48.2      13.092 12.551 12.472
2M16405539+3635433    M13    -247.8    4882    2.03    -1.49    9999    9999    9999    0.24    0.44    0.36    0.19    0.33    1    0       16 40 55.39 +36 35 43.3        12.809 12.281 12.204 
2M16405637+3622185    M13    -249.7    4852    1.98    -1.62    9999    9999    9999    0.07    1.08    0.52    0.58    9999    2   0       16 40 56.37 +36 22 18.5     12.580 12.028 11.966 
2M16410260+3626158    M13    -242.9    5185    2.71    -1.30    9999    9999    9999    -0.14    1.12    0.33    0.07    9999    2   0       16 41 02.60 +36 26 15.8     13.353 12.899 12.833 
2M16410648+3628136    M13    -249.2    4546    1.39    -1.48    -0.43    0.81    0.06    0.19    0.96    0.32    0.22    0.19    2   0       16 41 06.48 +36 28 13.6      11.318 10.722 10.606
2M16410966+3626448    M13    -256.1    4879    2.03    -1.55    9999    9999    9999    0.27    -0.22    0.37    0.43    0.21    1   0       16 41 09.66 +36 26 44.8     13.174 12.660 12.568 
2M16411511+3623538    M13    -247.1    5110    2.55    -1.59    9999    9999    9999    0.10    0.25    0.58    0.53    9999    1   0       16 41 15.11 +36 23 53.8     12.928 12.446 12.388 
2M16411521+3629240    M13    -248.8    4745    1.77    -1.43    9999    9999    9999    0.06    1.16    0.36    0.13    0.20    2   0       16 41 15.21 +36 29 24.0      11.853 11.290 11.206
2M16411583+3633177    M13    -244.8    4964    2.21    -1.49    9999    9999    9999    0.33    0.66    0.37    0.12    0.11    2   0       16 41 15.83 +36 33 17.7     13.271 12.739 12.690 
2M16411700+3625479    M13    -241.7    4627    1.56    -1.46    9999    9999    9999    -0.05    1.17    0.41    0.22    0.25    2   0       16 41 17.00 +36 25 47.9      11.676 11.088 10.991
2M16411882+3628232    M13    -238.9    4940    2.14    -1.60    9999    9999    9999    0.30    0.67    0.34    0.60    0.15    2   0       16 41 18.82 +36 28 23.2     13.365 12.822 12.777 
2M16411948+3630280    M13    -242.4    4748    1.77    -1.57    9999    9999    9999    0.17    0.67    0.29    0.20    0.07    2   0       16 41 19.48 +36 30 28.0     13.453 12.956 12.807 
2M16412450+3629378    M13    -243.6    4909    2.08    -1.43    9999    9999    9999    0.28    -0.30    0.30    0.21    0.14    1   0       16 41 24.50 +36 29 37.8     12.406 11.867 11.809 
2M16413013+3635284    M13    -248.3    4974    2.22    -1.56    9999    9999    9999    0.34    -0.05    0.35    -0.04    0.28    1   0       16 41 30.13 +36 35 28.4     13.143 12.631 12.565 
2M16413082+3630130    M13    -246.5    4950    2.16    -1.50    9999    9999    9999    0.26    0.04    0.39    0.14    0.14    1   0       16 41 30.82 +36 30 13.0     11.846 11.327 11.261 
2M16413945+3632029    M13    -242.6    4926    2.12    -1.43    9999    9999    9999    0.00    1.27    0.33    0.23    0.33    2   0       16 41 39.45 +36 32 02.9     12.929 12.414 12.337 
2M16414291+3626104    M13    -234.8    4748    1.77    -1.51    9999    9999    9999    0.04    1.06    0.49    0.58    0.47    2   0       16 41 42.91 +36 26 10.4     12.082 11.522 11.436 
2M16414295+3619485    M13    -246.1    5162    2.67    -1.50    9999    9999    9999    0.07    -0.13    0.47    0.34    9999    1   0       16 41 42.95 +36 19 48.5     13.101 12.591 12.575 
2M16414394+3624419    M13    -243.2    4902    2.08    -1.49    9999    9999    9999    -0.08    -0.25    0.50    9999    9999    1   0       16 41 43.94 +36 24 41.9     13.312 12.791 12.713 
2M16414528+3631068    M13    -248.0    4612    1.51    -1.48    9999    9999    9999    -0.04    1.27    0.38    0.19    0.24    2   0       16 41 45.28 +36 31 06.8      11.610 11.028 10.920
2M16414558+3630328    M13    -246.0    4679    1.65    -1.51    9999    9999    9999    0.18    1.03    0.35    0.02    0.18    2   0       16 41 45.58 +36 30 32.8      12.085 11.516 11.417
2M16414814+3623362    M13    -247.9    5114    2.55    -1.54    9999    9999    9999    0.03    0.54    0.61    0.51    9999    1   0       16 41 48.14 +36 23 36.2     12.944 12.439 12.405 
2M16414879+3626505    M13    -249.4    4777    1.80    -1.50    9999    9999    9999    0.06    0.84    0.37    0.09    0.46    2   0       16 41 48.79 +36 26 50.5      11.773 11.221 11.136
2M16414932+3625264    M13    -249.8    4642    1.56    -1.35    9999    9999    9999    -0.06    1.06    0.36    0.24    0.13    2   0       16 41 49.32 +36 25 26.4      11.396 10.835 10.716
2M16415024+3629431    M13    -256.6    4909    2.08    -1.56    9999    9999    9999    0.23    0.59    0.40    0.28    9999    2   0       16 41 50.24 +36 29 43.1      11.570 11.032 10.973
2M16415190+3619350    M13    -251.9    4832    1.92    -1.55    9999    9999    9999    -0.17    0.75    0.44    0.30    9999    2   0       16 41 51.90 +36 19 35.0     13.092 12.537 12.472 
2M16415452+3626289    M13    -237.0    5376    3.23    -1.52    9999    9999    9999    -0.05    0.42    0.39    0.25    9999    1    0       16 41 54.52 +36 26 28.9      12.731 12.367 12.260
2M16415735+3625217    M13    -244.7    4809    1.90    -1.37    9999    9999    9999    -0.26    1.17    0.46    0.47    0.37    2   0       16 41 57.35 +36 25 21.7      12.280 11.734 11.653
2M16415742+3623154    M13    -247.9    4875    2.00    -1.48    9999    9999    9999    0.04    0.02    0.45    0.43    9999    1   0       16 41 57.42 +36 23 15.4     12.500 11.973 11.893 
2M16420038+3625250    M13    -246.5    4940    2.14    -1.54    9999    9999    9999    -0.09    1.40    0.54    0.49    0.28    2   0       16 42 00.38 +36 25 25.0     12.561 12.041 11.973 
2M16420255+3632326    M13    -249.4    4926    2.12    -1.57    9999    9999    9999    0.28    0.39    0.39    0.29    0.18    1   0       16 42 02.55 +36 32 32.6     13.150 12.633 12.558 
2M16421018+3637510    M13    -248.2    4971    2.22    -1.50    9999    9999    9999    -0.01    1.32    0.49    0.29    0.16    2   0       16 42 10.18 +36 37 51.0      13.094 12.638 12.515
2M16421116+3618225    M13    -245.7    5143    2.63    -1.54    9999    9999    9999    -0.18    1.41    0.59    0.45    9999    2   0       16 42 11.16 +36 18 22.5     13.019 12.540 12.488 
2M16421358+3628365    M13    -240.5    5085    2.50    -1.45    9999    9999    9999    0.12    1.06    0.40    0.22    9999    2   0       16 42 13.58 +36 28 36.5     13.471 12.969 12.924 
2M16421367+3633148    M13    -248.6    5009    2.30    -1.43    9999    9999    9999    0.06    0.91    0.36    0.37    0.29    2   0       16 42 13.67 +36 33 14.8     13.690 13.244 13.122 
2M16421652+3624587    M13    -241.6    4816    1.90    -1.63    9999    9999    9999    0.06    0.99    0.57    0.51    0.49    2   0       16 42 16.52 +36 24 58.7      12.426 11.907 11.801
2M16421910+3637033    M13    -243.3    5185    2.71    -1.43    9999    9999    9999    0.18    0.98    0.45    0.29    9999    2   0       16 42 19.10 +36 37 03.3     13.326 12.851 12.806 
2M16421985+3629461    M13    -246.9    4964    2.21    -1.50    9999    9999    9999    0.12    1.23    0.43    0.42    0.37    2   0       16 42 19.85 +36 29 46.1      13.066 12.562 12.485
2M16422126+3633533    M13    -250.6    5136    2.59    -1.56    9999    9999    9999    0.24    -0.39    0.45    0.20    9999    1   0       16 42 21.26 +36 33 53.3     12.680 12.230 12.147 
2M16422603+3627048    M13    -243.3    5096    2.50    -1.44    9999    9999    9999    0.26    -0.14    0.36    0.26    -0.05   1   0       16 42 26.03 +36 27 04.8     13.288 12.751 12.744 
2M16423238+3629577    M13    -243.2    5285    2.97    -1.36    9999    9999    9999    -0.05    1.12    0.47    0.34    9999    2   0       16 42 32.38 +36 29 57.7     13.559 13.084 13.065 
2M16423787+3624127    M13    -250.5    4748    1.77    -1.45    9999    9999    9999    0.07    0.97    0.42    0.22    0.10    2   0       16 42 37.87 +36 24 12.7     11.895 11.356 11.249 
2M16404298+3627418    M13    -244.4    4564    1.39    -1.52    9999    9999    9999    0.32    0.05    0.30    0.17    0.16    1   0       16 40 42.98 +36 27 41.8      11.410 10.784 10.704
2M16411983+3624381    M13    -255.9    4723    1.73    -1.56    9999    9999    9999    0.21    0.12    0.41    0.11    9999    1   0       16 41 19.83 +36 24 38.1      11.845 11.281 11.191
2M16412408+3625306    M13    -242.5    4366    1.08    -1.58    -0.48    1.03    0.60    0.38    0.20    0.44    0.09    0.21    1   1       16 41 24.08 +36 25 30.6      10.018 9.353 9.242     
2M16412464+3625449    M13    -232.9    4380    1.08    -1.39    -0.56    0.84    -0.02    0.04    1.12    0.33    0.17    0.21    2   1       16 41 24.64 +36 25 44.9      10.601 9.928 9.830 
2M16412709+3628002    M13    -239.3    4366    1.08    -1.60    -0.56    0.71    0.59    0.34    -0.25    0.37    0.13    0.13    1   1       16 41 27.09 +36 28 00.2      10.236 9.575 9.460 
2M16412837+3627038    M13    -252.5    4657    1.60    -1.43    9999    9999    9999    0.25    0.66    0.30    0.17    0.27    2   0       16 41 28.37 +36 27 03.8      11.510 10.922 10.835
2M16413053+3629434    M13    -246.8    4361    1.03    -1.50    -0.55    0.90    0.23    0.23    0.71    0.26    0.19    0.18    2   1       16 41 30.53 +36 29 43.4      10.505 9.827 9.727 
2M16413107+3625587    M13    -247.1    4413    1.13    -1.38    -0.50    0.68    -0.07    0.12    1.15    0.31    0.24    0.17    2   1       16 41 31.07 +36 25 58.7      10.650 9.988 9.891 
2M16413127+3625182    M13    -235.6    4691    1.65    -1.47    9999    9999    9999    0.15    0.79    0.41    0.51    0.26    2   0       16 41 31.27 +36 25 18.2      11.672 11.077 11.008
2M16413200+3628299    M13    -239.6    4054    0.50    -1.47    -0.66    0.87    0.00    0.05    1.16    0.27    0.15    0.18    2    1       16 41 32.00 +36 28 29.9      9.516 8.768 8.616 
2M16413253+3624424    M13    -247.8    4212    0.79    -1.48    -0.62    1.08    0.37    0.28    0.60    0.32    0.23    0.18    2   1       16 41 32.53 +36 24 42.4      9.779 9.057 8.944 
2M16413448+3626365    M13    -248.6    4235    0.82    -1.47    -0.63    0.85    -0.14    0.10    1.28    0.33    0.25    0.24    2   1       16 41 34.48 +36 26 36.5      10.037 9.356 9.211 
2M16413476+3627596    M13    -234.3    4157    0.71    -1.55    -0.59    1.04    0.25    0.09    1.06    0.39    0.27    0.25    2   1       16 41 34.76 +36 27 59.6      9.748 9.052 8.891     
2M16413665+3626355    M13    -243.9    4115    0.63    -1.47    -0.64    1.00    0.10    0.12    1.11    0.38    0.09    0.07    2   1       16 41 36.65 +36 26 35.5      9.339 8.631 8.465     
2M16413684+3629289    M13    -237.3    4809    1.90    -1.39    9999    9999    9999    0.22    -0.22    0.27    0.27    0.12    1   0       16 41 36.84 +36 29 28.9      12.134 11.593 11.507
2M16413707+3630378    M13    -236.8    4892    2.05    -1.39    9999    9999    9999    0.32    -0.08    0.32    0.19    0.33    1   0       16 41 37.07 +36 30 37.8     12.298 11.769 11.696 
2M16413869+3622400    M13    -248.9    4477    1.25    -1.45    -0.53    0.81    0.08    0.13    0.87    0.31    0.24    0.02    2   0       16 41 38.69 +36 22 40.0      11.169 10.548 10.433
2M16413870+3625380    M13    -240.3    4087    0.59    -1.48    -0.65    1.00    0.22    0.26    0.70    0.28    0.20    0.19    2   1       16 41 38.70 +36 25 38.0      9.622 8.883 8.736     
2M16413961+3627381    M13    -250.7    4337    1.03    -1.43    -0.38    0.70    0.58    0.26    -0.14    0.32    0.22    0.11    1   0       16 41 39.61 +36 27 38.1      10.370 9.712 9.583 
2M16414081+3634114    M13    -248.5    4732    1.73    -1.48    9999    9999    9999    0.27    -0.04    0.27    0.15    0.15    1   0       16 41 40.81 +36 34 11.4     12.308 11.781 11.657 
2M16414113+3628499    M13    -255.5    4729    1.73    -1.51    9999    9999    9999    0.20    0.19    0.41    0.25    -0.14   1   0       16 41 41.13 +36 28 49.9     11.864 11.334 11.212 
2M16414196+3626518    M13    -256.6    3959    0.40    -1.54    -0.58    1.22    0.53    0.28    0.07    0.34    0.22    0.21    1   0       16 41 41.96 +36 26 51.8      9.276 8.493 8.335     
2M16414398+3622338    M13    -250.9    4606    1.51    -1.53    9999    9999    9999    0.18    0.72    0.41    0.10    -0.25   2   0       16 41 43.98 +36 22 33.8      10.977 10.404 10.285
2M16414517+3628132    M13    -243.6    4435    1.17    -1.52    -0.33    0.71    0.54    0.36    -0.15    0.34    0.24    0.12    1   0       16 41 45.17 +36 28 13.2      10.809 10.174 10.058
2M16414744+3628284    M13    -248.7    4219    0.79    -1.48    -0.62    1.12    0.34    0.28    0.70    0.28    0.25    0.26    2   1       16 41 47.44 +36 28 28.4      9.759 9.072 8.927     
2M16414800+3629531    M13    -245.2    4603    1.51    -1.46    9999    9999    9999    0.29    0.68    0.38    0.11    0.36    2   0       16 41 48.00 +36 29 53.1      11.006 10.428 10.313
2M16414966+3627104    M13    -240.6    4512    1.32    -1.38    -0.30    0.54    0.60    0.30    -0.3    0.31    0.26    0.15    1   0       16 41 49.66 +36 27 10.4      10.611 9.964 9.887 
2M16415003+3625105    M13    -246.4    4698    1.65    -1.53    9999    9999    9999    0.27    0.26    0.41    0.16    0.27    1   0       16 41 50.03 +36 25 10.5      11.221 10.645 10.559
2M16420085+3623338    M13    -251.3    4594    1.45    -1.47    9999    9999    9999    0.23    0.16    0.38    0.09    0.11    1   0       16 42 00.85 +36 23 33.8      10.826 10.233 10.130
2M16421482+3627199    M13    -242.5    4455    1.21    -1.45    -0.45    0.92    0.51    0.31    0.16    0.31    0.17    0.11    1   0       16 42 14.82 +36 27 19.9      10.935 10.314 10.191
2M16412857+3621497    M13    -255.5    4981    2.24    -1.63    9999    9999    9999    -0.18    1.50    0.59    9999    9999    2   0       16 41 28.57 +36 21 49.7      13.472 12.957 12.896
2M16412975+3631563    M13    -243.6    5173    2.67    -1.71    9999    9999    9999    0.33    0.82    0.57    0.47    9999    2   0       16 41 29.75 +36 31 56.3      12.416 11.960 11.893
2M16413042+3623318    M13    -244.0    5092    2.50    -1.48    9999    9999    9999    -0.15    0.79    0.41    9999    9999    2   0       16 41 30.42 +36 23 31.8      13.567 13.058 13.022
2M16413806+3618143    M13    -244.4    5136    2.59    -1.65    9999    9999    9999    0.04    1.04    0.64    9999    9999    2   0       16 41 38.06 +36 18 14.3      13.736 13.276 13.203
2M16414819+3635413    M13    -246.5    5143    2.63    -1.52    9999    9999    9999    0.20    1.07    0.44    9999    9999    2    0       16 41 48.19 +36 35 41.3      13.725 13.275 13.194
2M16415239+3628395    M13    -259.9    4796    1.87    -1.47    9999    9999    9999    0.13    0.37    0.38    0.11    0.41    1    0       16 41 52.39 +36 28 39.5      12.237 11.708 11.606
2M16415543+3633266    M13    -244.7    5024    2.33    -1.57    9999    9999    9999    0.12    0.75    0.44    0.37    -0.06   2   0       16 41 55.43 +36 33 26.6      11.793 11.288 11.229
2M16415862+3627465    M13    -236.2    4885    2.03    -1.47    9999    9999    9999    0.17    -0.40    0.40    0.29    0.35    1   0       16 41 58.62 +36 27 46.5      12.829 12.287 12.225
2M16420936+3624470    M13    -250.1    4967    2.21    -1.46    9999    9999    9999    -0.19    0.58    0.36    0.56    9999    1   0       16 42 09.36 +36 24 47.0      13.436 12.945 12.856
2M16421716+3631331    M13    -246.4    5246    2.87    -1.38    9999    9999    9999    0.12    1.07    0.45    0.39    9999    2   0       16 42 17.16 +36 31 33.1      13.624 13.099 13.120
2M21330924-0049508    M2    -7.4    4764    1.76    -1.41    9999    9999    9999    0.22    0.94    0.35    0.35    0.41    2    0       21 33 09.24 -00 49 50.8        12.395 11.760 11.736     
2M21331674-0047039    M2    3.4        4790    1.79    -1.41    9999    9999    9999    0.19    0.68    0.27    0.29    9999    2    0       21 33 16.74 -00 47 03.9     13.072 12.500 12.421
2M21332216-0048247    M2    -3.5    4453    1.14    -1.55    -0.40    0.81    0.04    0.16    1.23    0.42    0.30    0.25    2    0       21 33 22.16 -00 48 24.7     11.873 11.200 11.111     
2M21332545-0047056    M2    -14.1    4710    1.63    -1.44    9999    9999    9999    0.28    -0.25    0.36    0.02    0.32    1    0       21 33 25.45 -00 47 05.6     12.397 11.830 11.721     
2M21333747-0047252    M2    -1.9    4890    1.98    -1.43    9999    9999    9999    0.37    0.24    0.38    0.26    0.39    1    0       21 33 37.47 -00 47 25.2     12.996 12.460 12.375
2M21334193-0048169    M2    -2.8    4672    1.58    -1.62    9999    9999    9999    0.34    1.02    0.45    0.45    0.51    2    0       21 33 41.93 -00 48 16.9     12.964 12.350 12.276
2M21331521-0049516    M2    -8.7    4554    1.35    -1.50    9999    9999    9999    0.28    0.37    0.35    0.06    0.18    2    0       21 33 15.21 -00 49 51.6     11.473 10.840 10.746     
2M21331723-0048171    M2    -5.6    4319    0.93    -1.47    -0.51    0.71    0.50    0.29    -0.12    0.30    0.30    0.22    1    1       21 33 17.23 -00 48 17.1     11.112 10.429 10.301     
2M21331854-0051563    M2    -3.5    4459    1.14    -1.44    -0.40    1.18    0.52    0.28    0.62    0.32    0.21    0.22    2    0       21 33 18.54 -00 51 56.3     11.779 11.140 11.019     
2M21332068-0050432    M2    -12.8    4395    1.04    -1.52    -0.47    1.01    0.25    0.24    0.83    0.35    0.22    0.26    2    1       21 33 20.68 -00 50 43.2      11.890 11.220 11.107 
2M21332527-0049386    M2    0.7        4098    0.53    -1.66    -0.68    0.73    -0.02    0.15    0.68    0.25    0.24    -0.02   2    1       21 33 25.27 -00 49 38.6         11.259 10.530 10.361
2M21332531-0052511    M2    -1.4    4531    1.31    -1.44    -0.37    0.77    0.65    0.28    -0.38    0.40    0.09    9999    1    0       21 33 25.31 -00 52 51.1     11.938 11.300 11.203     
2M21332616-0045172    M2    -3.6    4392    1.04    -1.61    -0.35    0.85    0.41    0.39    0.29    0.40    0.34    0.26    1    0       21 33 26.16 -00 45 17.2     11.926 11.280 11.142     
2M21332953-0050513    M2    -11.0    4332    0.93    -1.36    -0.57    1.17    0.39    0.21    0.98    0.35    0.17    0.28    2    1       21 33 29.53 -00 50 51.3      10.874 10.123 10.068 
2M21333131-0047414    M2    9.5        4487    1.23    -1.57    -0.39    1.14    0.41    0.31    0.90    0.43    0.41    0.33    2    0       21 33 31.31 -00 47 41.4         11.820 11.200 11.070
2M21333432-0051285    M2    6.2        4436    1.14    -1.42    -0.46    0.51    0.63    0.17    -0.34    0.27    0.11    0.14    1    1       21 33 34.32 -00 51 28.5         11.490 10.830 10.722
2M21333520-0046089    M2    -6.6    4297    0.87    -1.47    -0.55    1.06    0.52    0.28    0.44    0.31    0.26    0.27    2    0       21 33 35.20 -00 46 08.9     10.993 10.324 10.174     
2M21333827-0054569    M2    1.9        4167    0.63    -1.44    -0.58    0.89    0.61    0.31    -0.12    0.31    0.21    0.25    1    0       21 33 38.27 -00 54 56.9         10.542 9.827 9.672     
2M13411502+2824120    M3    -143.3    4769    1.87    -1.45    9999    9999    9999    0.13    0.61    0.32    0.24    0.20    2    0       13 41 15.02 +28 24 12.0        12.890 12.352 12.255
2M13412683+2823443    M3    -148.3    4678    1.66    -1.36    9999    9999    9999    0.13    0.74    0.28    0.07    0.06    2   0       13 41 26.83 +28 23 44.3     12.736 12.183 12.072
2M13414359+2829513    M3    -146.3    4914    2.13    -1.50    9999    9999    9999    0.12    -0.07    0.25    0.19    0.33    1   0       13 41 43.59 +28 29 51.3     13.010 12.468 12.419
2M13414871+2820024    M3    -150.3    5011    2.36    -1.46    9999    9999    9999    0.14    0.77    0.36    -0.01    0.22    2   0       13 41 48.71 +28 20 02.4     13.012 12.536 12.449
2M13415729+2823323    M3    -153.9    4709    1.75    -1.32    9999    9999    9999    0.02    0.78    0.28    0.10    0.11    2   0       13 41 57.29 +28 23 32.3     12.802 12.219 12.148
2M13415789+2821525    M3    -151.5    4860    2.03    -1.50    9999    9999    9999    0.17    -0.16    0.28    0.20    0.42    1   0       13 41 57.89 +28 21 52.5     13.118 12.607 12.511
2M13420282+2824132    M3    -146.0    4941    2.21    -1.31    9999    9999    9999    0.06    0.83    0.26    0.10    0.36    2   0       13 42 02.82 +28 24 13.2     13.279 12.835 12.696
2M13420386+2814395    M3    -143.6    4840    2.00    -1.31    9999    9999    9999    0.13    -0.17    0.26    0.16    0.00    1   0       13 42 03.86 +28 14 39.5     13.111 12.590 12.498
2M13420729+2817400    M3    -137.2    4969    2.26    -1.26    9999    9999    9999    0.13    0.00    0.30    0.05    9999    1   0       13 42 07.29 +28 17 40.0     13.337 12.834 12.762
2M13420853+2833029    M3    -143.4    4614    1.55    -1.50    9999    9999    9999    0.11    0.00    0.27    0.09    0.20    1   0       13 42 08.53 +28 33 02.9     13.208 12.672 12.523
2M13421373+2821154    M3    -138.3    5032    2.40    -1.30    9999    9999    9999    0.12    -0.19    0.36    0.05    0.01    1   0       13 42 13.73 +28 21 15.4     12.788 12.305 12.231
2M13421435+2821228    M3    -149.1    4632    1.61    -1.39    9999    9999    9999    0.15    0.84    0.33    0.10    -0.03   2   0       13 42 14.35 +28 21 22.8     12.745 12.150 12.066
2M13421801+2820197    M3    -141.7    4666    1.66    -1.40    9999    9999    9999    0.06    0.65    0.25    0.07    0.08    2   0       13 42 18.01 +28 20 19.7     12.818 12.266 12.150
2M13422257+2821460    M3    -140.5    4850    2.03    -1.29    9999    9999    9999    0.14    -0.03    0.37    0.14    -0.1    1   0       13 42 22.57 +28 21 46.0     13.499 13.019 12.889
2M13422387+2824418    M3    -142.1    4850    2.03    -1.42    9999    9999    9999    0.16    -0.15    0.29    0.16    0.08    1   0       13 42 23.87 +28 24 41.8     13.011 12.484 12.401
2M13422416+2826168    M3    -145.4    4782    1.87    -1.40    9999    9999    9999    0.10    0.94    0.35    0.04    0.29    2   0       13 42 24.16 +28 26 16.8     12.820 12.245 12.189
2M13422468+2823284    M3    -145.8    4860    2.03    -1.41    9999    9999    9999    0.07    1.02    0.40    -0.02    0.35    2   0       13 42 24.68 +28 23 28.4     13.139 12.634 12.532
2M13423209+2823022    M3    -142.1    4769    1.87    -1.56    9999    9999    9999    0.20    -0.16    0.33    0.16    0.00    1   0       13 42 32.09 +28 23 02.2     12.852 12.333 12.217
2M13423482+2826148    M3    -142.4    4904    2.13    -1.54    9999    9999    9999    0.14    -0.24    0.33    0.21    9999    1   0       13 42 34.82 +28 26 14.8     13.203 12.697 12.609
2M13424547+2824452    M3    -145.0    4753    1.83    -1.41    9999    9999    9999    0.04    0.85    0.34    0.08    0.14    2   0       13 42 45.47 +28 24 45.2     13.319 12.808 12.679
2M13425083+2827576    M3    -146.3    4880    2.08    -1.41    9999    9999    9999    0.19    -0.13    0.34    0.00    0.10    1    0       13 42 50.83 +28 27 57.6     12.762 12.259 12.161
2M13410315+2812391    M3    -145.3    4468    1.31    -1.29    -0.33    0.40    0.47    0.17    -0.10    0.30    0.23    0.06    1    0       13 41 03.15 +28 12 39.1     12.129 11.435 11.394
2M13410322+2826217    M3    -145.3    4235    0.87    -1.36    -0.48    0.71    0.50    0.22    -0.04    0.28    0.21    0.09    1    0       13 41 03.22 +28 26 21.7     10.985 10.270 10.163
2M13412358+2829403    M3    -148.2    4635    1.61    -1.45    9999    9999    9999    0.23    -0.06    0.27    0.22    -0.33   1   0       13 41 23.58 +28 29 40.3     12.347 11.746 11.669
2M13413024+2822163    M3    -150.4    4485    1.31    -1.36    -0.43    0.38    0.57    0.26    -0.15    0.30    0.22    0.22    1    1       13 41 30.24 +28 22 16.3     11.698 11.118 10.969
2M13413405+2817366    M3    -143.5    4534    1.42    -1.37    -0.39    0.80    0.12    0.15    0.87    0.28    0.13    -0.02   2    1       13 41 34.05 +28 17 36.6     12.295 11.716 11.583
2M13413631+2821243    M3    -148.4    4415    1.17    -1.42    -0.45    0.86    0.44    0.22    0.32    0.30    0.16    0.07    1    1       13 41 36.31 +28 21 24.3     11.541 10.898 10.787
2M13414576+2824597    M3    -151.7    4315    1.00    -1.48    -0.55    0.84    0.67    0.23    -0.15    0.31    0.12    0.19    1    1       13 41 45.76 +28 24 59.7     10.403 9.743 9.612 
2M13414721+2829488    M3    -147.6    4575    1.49    -1.45    9999    9999    9999    0.17    0.04    0.28    0.17    0.11    1   0       13 41 47.21 +28 29 48.8     12.152 11.558 11.454
2M13415152+2823224    M3    -148.9    4015    0.50    -1.40    -0.65    0.91    0.12    0.07    0.78    0.22    0.14    0.11    2    1       13 41 51.52 +28 23 22.4     10.140 9.371 9.227 
2M13415318+2819255    M3    -151.8    4497    1.35    -1.34    -0.41    0.62    0.24    0.10    0.49    0.28    0.02    0.09    2    0       13 41 53.18 +28 19 25.5     12.136 11.499 11.411
2M13415459+2820595    M3    -149.3    4446    1.27    -1.32    -0.30    0.80    0.59    0.26    0.04    0.32    0.16    0.14    1    0       13 41 54.59 +28 20 59.5     11.476 10.793 10.733
2M13415502+2819149    M3    -145.1    4143    0.70    -1.41    -0.59    0.93    0.02    0.05    0.83    0.23    0.18    0.07    2    1       13 41 55.02 +28 19 14.9     10.985 10.307 10.126
2M13415752+2808309    M3    -144.6    4517    1.39    -1.44    -0.43    0.82    0.59    0.25    -0.15    0.42    0.22    0.23    1    1       13 41 57.52 +28 08 30.9     11.704 11.109 10.986
2M13420068+2820588    M3    -146.6    4572    1.49    -1.43    9999    9999    9999    0.24    -0.14    0.25    0.18    9999    1   0       13 42 00.68 +28 20 58.8     12.266 11.710 11.567
2M13420876+2821125    M3    -145.3    4099    0.66    -1.39    -0.62    0.89    0.16    0.09    0.74    0.20    0.15    0.02    2    1       13 42 08.76 +28 21 12.5     10.579 9.816 9.702 
2M13420954+2819531    M3    -149.8    4292    0.97    -1.28    -0.37    0.68    0.57    0.22    0.04    0.29    0.20    0.10    1    0       13 42 09.54 +28 19 53.1     11.040 10.319 10.240
2M13420989+2824085    M3    -137.9    4650    1.61    -1.37    9999    9999    9999    0.11    -0.18    0.24    -0.02    0.09    1   0       13 42 09.89 +28 24 08.5     11.999 11.452 11.326
2M13421086+2823465    M3    -145.8    4047    0.56    -1.40    -0.60    1.00    0.23    0.13    0.78    0.24    0.14    0.07    2    1       13 42 10.86 +28 23 46.5     10.140 9.390 9.241 
2M13421236+2818373    M3    -144.0    4614    1.55    -1.48    9999    9999    9999    0.18    -0.23    0.27    0.15    -0.19   1   0       13 42 12.36 +28 18 37.3     11.897 11.304 11.212
2M13421712+2822137    M3    -157.3    4418    1.22    -1.25    -0.32    0.44    0.58    0.22    -0.08    0.31    0.11    0.18    1    0       13 42 17.12 +28 22 13.7     10.648 10.005 9.895 
2M13421881+2824441    M3    -144.6    4300    1.00    -1.30    -0.3    0.71    0.58    0.22    0.01    0.25    0.15    0.14    1    0       13 42 18.81 +28 24 44.1     11.081 10.428 10.284
2M13422197+2828408    M3    -148.9    4700    1.71    -1.50    9999    9999    9999    0.18    -0.12    0.35    -0.21    0.12    1   0       13 42 21.97 +28 28 40.8     12.352 11.805 11.695
2M13422214+2824057    M3    -143.9    4482    1.31    -1.32    -0.41    0.97    0.37    0.11    0.86    0.31    0.13    0.22    2    0       13 42 22.14 +28 24 05.7     11.430 10.806 10.700
2M13422815+2818523    M3    -146.3    4715    1.75    -1.47    9999    9999    9999    0.18    -0.17    0.29    0.08    -0.01   1   0       13 42 28.15 +28 18 52.3     12.382 11.808 11.730
2M13422879+2824167    M3    -149.4    4468    1.31    -1.36    -0.36    0.32    0.53    0.23    -0.07    0.30    0.09    0.09    1    1       13 42 28.79 +28 24 16.7     11.859 11.249 11.124
2M13423140+2822543    M3    -150.1    4315    1.00    -1.41    -0.52    0.31    0.33    0.25    0.04    0.31    0.19    -0.01   1    1       13 42 31.40 +28 22 54.3     11.870 11.222 11.079
2M13423196+2827025    M3    -149.4    4581    1.49    -1.41    9999    9999    9999    0.15    0.88    0.32    0.08    0.04    2    0       13 42 31.96 +28 27 02.5     12.120 11.544 11.424
2M13423433+2825005    M3    -146.9    4715    1.75    -1.42    9999    9999    9999    0.22    -0.07    0.29    0.12    0.17    1   0       13 42 34.33 +28 25 00.5     12.866 12.336 12.214
2M13423548+2819583    M3    -148.0    4443    1.27    -1.42    -0.47    0.20    0.49    0.20    -0.13    0.31    0.11    0.07    1    1       13 42 35.48 +28 19 58.3     11.610 10.981 10.866
2M13423753+2816374    M3    -148.6    4611    1.55    -1.30    9999    9999    9999    0.12    0.71    0.25    0.12    0.03    2   0       13 42 37.53 +28 16 37.4     12.184 11.575 11.498
2M13423883+2823306    M3    -141.4    4750    1.83    -1.30    9999    9999    9999    0.16    -0.17    0.23    0.11    0.30    1   0       13 42 38.83 +28 23 30.6     12.680 12.136 12.039
2M13423922+2827574    M3    -145.7    4217    0.83    -1.38    -0.47    0.76    0.55    0.20    -0.06    0.29    0.09    0.06    1    0       13 42 39.22 +28 27 57.4     10.756 10.068 9.927 
2M13424150+2819081    M3    -143.4    3936    0.30    -1.36    -0.46    0.67    0.49    0.14    -0.04    0.25    0.19    0.09    1    0       13 42 41.50 +28 19 08.1     10.071 9.291 9.123 
2M13424924+2823523    M3    -145.4    4734    1.79    -1.23    9999    9999    9999    0.15    0.02    0.30    0.25    0.19    1   0       13 42 49.24 +28 23 52.3     12.776 12.228 12.130
2M13425256+2818445    M3    -147.6    4740    1.79    -1.64    9999    9999    9999    0.17    -0.14    0.39    0.19    0.20    1   0       13 42 52.56 +28 18 44.5     12.888 12.394 12.244
2M13430354+2823003    M3    -147.4    4045    0.56    -1.44    -0.66    0.74    0.01    0.09    0.74    0.20    0.15    -0.04   2    1       13 43 03.54 +28 23 00.3     10.496 9.750 9.596 
2M13430874+2812335    M3    -145.5    4712    1.75    -1.40    9999    9999    9999    0.18    0.01    0.37    0.18    0.17    1   0       13 43 08.74 +28 12 33.5     12.912 12.327 12.259
2M13433625+2820593    M3    -149.2    4672    1.66    -1.50    9999    9999    9999    0.08    -0.02    0.31    -0.04    0.21    1   0       13 43 36.25 +28 20 59.3     12.499 11.947 11.833
2M15174676+0204305    M5    54.6    4663    1.80    -1.30    9999    9999    9999    0.31    -0.07    0.37    0.36    0.27    1    0       15 17 46.76 +02 04 30.5        12.598 12.078 11.919
2M15180456+0205441    M5    54.6    4990    2.45    -1.30    9999    9999    9999    0.24    1.05    0.41    0.41    0.57    2   0       15 18 04.56 +02 05 44.1     13.023 12.515 12.445
2M15180831+0158530    M5    50.1    4922    2.30    -1.36    9999    9999    9999    0.25    0.10    0.40    0.25    0.25    1   0       15 18 08.31 +01 58 53.0     12.592 12.092 11.994
2M15181037+0157308    M5    54.8    4752    1.94    -1.35    9999    9999    9999    0.19    0.90    0.34    0.24    0.17    2   0       15 18 10.37 +01 57 30.8     13.415 12.865 12.765
2M15181075+0212356    M5    51.1    4697    1.86    -1.26    9999    9999    9999    0.25    0.26    0.38    0.21    0.28    1   0       15 18 10.75 +02 12 35.6     12.678 12.126 12.010
2M15181232+0202560    M5    52.6    5018    2.52    -1.23    9999    9999    9999    0.30    0.39    0.41    0.13    0.47    2   0       15 18 12.32 +02 02 56.0     13.268 12.780 12.698
2M15181445+0203131    M5    51.5    4962    2.38    -1.28    9999    9999    9999    0.27    0.06    0.41    0.17    0.37    1   0       15 18 14.45 +02 03 13.1     12.217 11.729 11.631
2M15181644+0207177    M5    48.3    4703    1.86    -1.14    9999    9999    9999    0.16    0.06    0.24    0.13    0.28    1   0       15 18 16.44 +02 07 17.7     12.381 11.816 11.715
2M15181926+0202295    M5    54.0    4980    2.41    -1.20    9999    9999    9999    0.22    0.55    0.33    0.19    0.49    2   0       15 18 19.26 +02 02 29.5     13.252 12.783 12.671
2M15181952+0207106    M5    63.5    4768    1.99    -1.22    9999    9999    9999    0.17    0.78    0.30    0.25    0.31    2   0       15 18 19.52 +02 07 10.6     12.951 12.457 12.306
2M15182001+0157421    M5    49.9    4845    2.14    -1.22    9999    9999    9999    0.19    0.42    0.32    0.24    0.33    2   0       15 18 20.01 +01 57 42.1     13.238 12.738 12.617
2M15182126+0204081    M5    61.9    4715    1.89    -1.26    9999    9999    9999    0.28    0.31    0.30    0.37    0.34    1   0       15 18 21.26 +02 04 08.1     12.750 12.191 12.088
2M15182241+0158417    M5    47.2    4956    2.38    -1.18    9999    9999    9999    0.21    0.20    0.30    0.32    0.40    1   0       15 18 22.41 +01 58 41.7     13.268 12.776 12.680
2M15182262+0206397    M5    59.2    4499    1.47    -1.30    -0.46    0.67    -0.10    0.21    0.91    0.38    0.28    0.17    2   0       15 18 22.62 +02 06 39.7     12.198 11.510 11.463
2M15182373+0202043    M5    50.5    4990    2.45    -1.21    9999    9999    9999    0.21    0.16    0.34    0.12    0.41    1   0       15 18 23.73 +02 02 04.3     13.248 12.730 12.670
2M15182435+0201574    M5    45.8    4507    1.53    -1.32    -0.43    0.78    0.03    0.26    0.90    0.46    0.14    0.13    2   0       15 18 24.35 +02 01 57.4     10.781 10.157 10.049
2M15182603+0203404    M5    59.6    5007    2.48    -1.22    9999    9999    9999    0.26    0.31    0.39    0.00    0.22    1   0       15 18 26.03 +02 03 40.4     13.240 12.764 12.667
2M15182676+0204308    M5    45.8    4878    2.20    -1.14    9999    9999    9999    0.22    -0.02    0.31    0.23    0.26    1   0       15 18 26.76 +02 04 30.8     12.784 12.282 12.173
2M15182919+0202113    M5    38.5    4577    1.62    -1.18    9999    9999    9999    0.22    0.92    0.35    0.23    0.35    2   0       15 18 29.19 +02 02 11.3     11.433 10.811 10.725
2M15182984+0205377    M5    49.3    5021    2.52    -1.20    9999    9999    9999    0.16    0.33    0.26    0.17    0.25    2   0       15 18 29.84 +02 05 37.7     13.154 12.690 12.585
2M15183142+0207117    M5    55.3    4654    1.77    -1.35    9999    9999    9999    0.32    0.45    0.47    0.10    0.10    2   0       15 18 31.42 +02 07 11.7     11.566 10.989 10.884
2M15183415+0159215    M5    55.9    4939    2.34    -1.20    9999    9999    9999    0.25    0.29    0.29    0.11    0.41    1   0       15 18 34.15 +01 59 21.5     13.347 12.844 12.754
2M15183456+0202349    M5    40.4    5039    2.55    -1.19    9999    9999    9999    0.23    -0.02    0.25    0.33    0.42    1   0       15 18 34.56 +02 02 34.9     13.214 12.762 12.650
2M15183484+0206165    M5    51.0    4510    1.53    -1.20    -0.50    0.80    -0.11    0.18    0.98    0.32    0.27    0.25    2   0       15 18 34.84 +02 06 16.5     11.428 10.795 10.697
2M15183575+0204297    M5    44.5    6155    3.87    -1.35    9999    9999    9999    0.34    1.06    0.57    0.19    9999    2   0       15 18 35.75 +02 04 29.7     12.770 12.490 12.467
2M15183612+0204052    M5    68.4    5345    3.36    -1.00    9999    9999    9999    -0.11    0.63    0.22    -0.09    0.52    2   0       15 18 36.12 +02 04 05.2     13.124 12.703 12.642
2M15183638+0208507    M5    50.9    4842    2.12    -1.26    9999    9999    9999    0.16    0.84    0.44    -0.02    9999    2   0       15 18 36.38 +02 08 50.7     11.815 11.260 11.193
2M15183938+0158516    M5    50.7    4986    2.45    -1.11    9999    9999    9999    0.11    0.55    0.28    0.21    0.30    2   0       15 18 39.38 +01 58 51.6     13.257 12.723 12.678
2M15183957+0205018    M5    61.5    5071    2.63    -1.30    9999    9999    9999    0.13    0.50    0.40    -0.15    9999    2   0       15 18 39.57 +02 05 01.8     12.531 12.055 11.976
2M15183975+0212333    M5    51.2    5117    2.73    -1.16    9999    9999    9999    0.24    -0.15    0.28    0.39    0.43    1   0       15 18 39.75 +02 12 33.3     13.317 12.789 12.775
2M15184022+0213278    M5    56.8    4966    2.41    -1.10    9999    9999    9999    0.13    -0.26    0.39    0.11    0.30    1   0       15 18 40.22 +02 13 27.8     12.353 11.848 11.768
2M15184035+0158187    M5    54.8    4749    1.94    -1.17    9999    9999    9999    0.10    1.04    0.36    0.10    0.39    2   0       15 18 40.35 +01 58 18.7     12.593 12.065 11.942
2M15184048+0210446    M5    52.2    5499    3.58    -1.11    9999    9999    9999    0.07    -0.28    0.32    0.31    0.33    1   0       15 18 40.48 +02 10 44.6     13.096 12.712 12.652
2M15184103+0202242    M5    53.2    4600    1.66    -1.23    9999    9999    9999    0.21    0.59    0.33    0.14    0.33    2   0       15 18 41.03 +02 02 24.2     12.034 11.448 11.334
2M15184187+0205537    M5    60.5    4678    1.80    -1.25    9999    9999    9999    0.29    0.81    0.43    0.18    0.40    2   0       15 18 41.87 +02 05 53.7     11.976 11.412 11.302
2M15184346+0156311    M5    53.9    4962    2.38    -1.32    9999    9999    9999    0.30    -0.01    0.42    0.33    0.25    1   0       15 18 43.46 +01 56 31.1     13.271 12.761 12.685
2M15184558+0205495    M5    61.3    4731    1.92    -1.28    9999    9999    9999    0.25    0.27    0.33    -0.08    0.25    1   0       15 18 45.58 +02 05 49.5     12.948 12.419 12.291
2M15184785+0206199    M5    55.4    5103    2.68    -1.04    9999    9999    9999    0.23    0.17    0.35    -0.08    0.21    1   0       15 18 47.85 +02 06 19.9     13.120 12.637 12.574
2M15185239+0203551    M5    58.1    4878    2.20    -1.16    9999    9999    9999    0.14    0.85    0.34    -0.07    0.46    2   0       15 18 52.39 +02 03 55.1     12.519 11.971 11.908
2M15185321+0155473    M5    52.9    4855    2.16    -1.27    9999    9999    9999    0.17    0.62    0.30    0.05    0.37    2   0       15 18 53.21 +01 55 47.3     13.165 12.624 12.547
2M15185420+0202375    M5    57.2    4912    2.28    -1.31    9999    9999    9999    0.31    0.91    0.42    0.43    0.50    2   0       15 18 54.20 +02 02 37.5     13.237 12.694 12.636
2M15185953+0202076    M5    57.3    4765    1.97    -1.35    9999    9999    9999    0.27    -0.05    0.37    0.28    0.26    1   0       15 18 59.53 +02 02 07.6     12.818 12.261 12.172
2M15190176+0206351    M5    54.8    4762    1.97    -1.28    9999    9999    9999    0.20    0.88    0.38    0.25    0.27    2   0       15 19 01.76 +02 06 35.1     12.762 12.258 12.115
2M15190244+0213503    M5    52.9    4690    1.83    -1.07    9999    9999    9999    0.05    0.59    0.25    0.08    0.21    2   0       15 19 02.44 +02 13 50.3     12.054 11.489 11.384
2M15190992+0208218    M5    56.7    4706    1.86    -1.16    9999    9999    9999    0.16    0.64    0.36    0.21    0.21    2   0       15 19 09.92 +02 08 21.8     12.382 11.857 11.717
2M15191033+0207072    M5    56.9    4633    1.73    -1.17    9999    9999    9999    0.17    0.51    0.29    0.13    -0.02   2   0       15 19 10.33 +02 07 07.2     12.317 11.750 11.628
2M15191396+0207141    M5    55.3    4932    2.30    -1.14    9999    9999    9999    0.19    0.43    0.28    0.09    0.29    2   0       15 19 13.96 +02 07 14.1     13.282 12.767 12.687
2M15174702+0204519    M5    47.6    4391    1.30    -1.33    -0.51    0.59    0.44    0.29    -0.10    0.39    0.15    0.04    1   1       15 17 47.02 +02 04 51.9     11.097 10.472 10.323
2M15180013+0209292    M5    53.9    3893    0.41    -1.28    -0.67    0.64    -0.24    0.07    0.65    0.27    0.25    -0.08   2   1       15 18 00.13 +02 09 29.2     9.768 8.941 8.787 
2M15180078+0211530    M5    49.4    4562    1.62    -1.33    9999    9999    9999    0.34    0.55    0.52    0.40    0.46    2   0       15 18 00.78 +02 11 53.0     11.860 11.278 11.147
2M15180407+0205557    M5    54.7    4303    1.15    -1.26    -0.59    0.87    0.08    0.23    0.66    0.33    0.22    0.12    2   1       15 18 04.07 +02 05 55.7     11.032 10.358 10.225
2M15180449+0201030    M5    55.5    4322    1.19    -1.36    -0.33    0.54    0.50    0.30    0.10    0.45    0.33    0.25    1   0       15 18 04.49 +02 01 03.0     10.944 10.257 10.144
2M15180537+0202015    M5    51.7    4267    1.06    -1.19    -0.41    1.07    0.48    0.28    0.48    0.34    0.24    0.26    2   0       15 18 05.37 +02 02 01.5     10.396 9.703 9.575 
2M15180892+0206285    M5    57.6    4335    1.19    -1.28    -0.32    0.51    0.58    0.34    0.09    0.40    0.30    0.30    1   0       15 18 08.92 +02 06 28.5     10.766 10.068 9.971 
2M15180987+0210088    M5    56.1    4810    2.06    -1.26    9999    9999    9999    0.24    -0.05    0.45    -0.04    0.26    1   0       15 18 09.87 +02 10 08.8     11.732 11.166 11.100
2M15181041+0203321    M5    55.3    4288    1.10    -1.22    -0.30    0.52    0.58    0.32    0.07    0.39    0.27    0.27    1   0       15 18 10.41 +02 03 32.1     10.626 9.915 9.813 
2M15181629+0202099    M5    50.9    3998    0.60    -1.28    9999    9999    9999    9999    9999    9999    9999    9999    4   0       15 18 16.29 +02 02 09.9     10.538 9.731 9.605 
2M15181765+0210375    M5    57.6    4267    1.06    -1.32    -0.48    0.86    0.26    0.25    0.47    0.37    0.25    0.23    2   0       15 18 17.65 +02 10 37.5     10.830 10.159 10.009
2M15181841+0203547    M5    52.1    4703    1.86    -1.14    9999    9999    9999    0.23    0.09    0.29    0.14    0.12    1   0       15 18 18.41 +02 03 54.7     12.331 11.788 11.665
2M15181867+0204327    M5    53.4    4032    0.67    -1.29    -0.43    0.57    0.47    0.21    -0.01    0.37    0.25    0.09    1    0       15 18 18.67 +02 04 32.7     9.906 9.168 8.988 
2M15182014+0203321    M5    50.8    4533    1.53    -1.29    -0.40    0.63    0.32    0.23    0.09    0.40    0.11    0.07    1   0       15 18 20.14 +02 03 32.1     11.317 10.729 10.594
2M15182072+0206414    M5    50.2    4651    1.77    -1.10    9999    9999    9999    0.19    0.17    0.25    0.19    0.27    1   0       15 18 20.72 +02 06 41.4     11.890 11.353 11.207
2M15182262+0200305    M5    53.9    3927    0.46    -1.30    -0.65    0.59    0.19    0.14    -0.02    0.31    0.24    -0.07   1   1       15 18 22.62 +02 00 30.5     10.114 9.330 9.149 
2M15182283+0203097    M5    53.1    4180    0.90    -1.33    -0.43    1.01    0.30    0.32    0.47    0.39    0.30    0.24    2   0       15 18 22.83 +02 03 09.7     10.511 9.819 9.655 
2M15182324+0159163    M5    56.0    4296    1.10    -1.30    -0.33    0.99    0.39    0.35    0.65    0.41    0.31    0.32    2   0       15 18 23.24 +01 59 16.3     10.724 10.029 9.914 
2M15182345+0159572    M5    45.2    4114    0.78    -1.31    -0.67    0.70    -0.21    0.21    0.66    0.30    0.28    0.07    2   1       15 18 23.45 +01 59 57.2     10.606 9.873 9.723 
2M15182428+0201090    M5    48.7    4672    1.80    -1.23    9999    9999    9999    0.25    0.00    0.31    0.18    0.30    1   0       15 18 24.28 +02 01 09.0     12.129 11.602 11.453
2M15182499+0203098    M5    44.2    3962    0.55    -1.26    -0.66    0.88    0.06    0.17    0.56    0.26    0.26    0.14    2   1       15 18 24.99 +02 03 09.8     9.669 8.845 8.720 
2M15182581+0204552    M5    43.6    4426    1.36    -1.41    -0.41    -0.16    0.15    0.32    -0.04    0.31    0.37    0.13    1   1       15 18 25.81 +02 04 55.2     12.347 11.690 11.586
2M15182591+0205076    M5    61.9    4114    0.78    -1.27    -0.56    1.03    0.25    0.23    0.64    0.34    0.20    0.23    2   1       15 18 25.91 +02 05 07.6     10.174 9.437 9.291 
2M15182717+0159524    M5    56.1    4163    0.90    -1.24    -0.67    0.69    -0.13    0.05    0.66    0.26    0.20    0.01    2   1       15 18 27.17 +01 59 52.4     10.559 9.825 9.696 
2M15182808+0202119    M5    57.8    4624    1.70    -1.19    9999    9999    9999    0.22    0.41    0.30    0.07    0.19    2   0       15 18 28.08 +02 02 11.9     12.227 11.606 11.535
2M15182846+0159283    M5    54.6    4928    2.30    -1.19    9999    9999    9999    0.23    0.01    0.29    0.20    9999    1   0       15 18 28.46 +01 59 28.3     13.168 12.645 12.572
2M15182924+0202063    M5    46.2    4612    1.70    -1.20    9999    9999    9999    0.26    0.59    0.34    0.22    0.19    2   0       15 18 29.24 +02 02 06.3     11.669 11.096 10.973
2M15182930+0206378    M5    53.6    4781    2.02    -1.10    9999    9999    9999    0.14    -0.08    0.25    0.09    0.16    1   0       15 18 29.30 +02 06 37.8     12.402 11.844 11.761
2M15183049+0207005    M5    56.2    4386    1.26    -1.23    -0.53    0.72    0.01    0.19    0.73    0.29    0.24    0.21    2   1       15 18 30.49 +02 07 00.5     11.205 10.560 10.429
2M15183057+0205395    M5    45.2    4367    1.26    -1.22    -0.38    0.45    0.46    0.29    -0.04    0.35    0.23    0.21    1   0       15 18 30.57 +02 05 39.5     11.017 10.368 10.234
2M15183086+0212167    M5    55.6    4594    1.66    -1.22    9999    9999    9999    0.22    0.15    0.33    0.23    0.17    1   0       15 18 30.86 +02 12 16.7     11.854 11.251 11.152
2M15183182+0203277    M5    47.7    4669    1.80    -1.20    9999    9999    9999    0.22    -0.05    0.31    0.23    0.20    1   0       15 18 31.82 +02 03 27.7     12.424 11.800 11.747
2M15183223+0201341    M5    50.1    3910    0.46    -1.36    -0.67    0.34    0.13    0.18    -0.06    0.33    0.26    -0.10   1   1       15 18 32.23 +02 01 34.1     10.260 9.465 9.287 
2M15183401+0207158    M5    61.2    4633    1.73    -1.23    9999    9999    9999    0.29    0.51    0.39    0.23    0.41    2   0       15 18 34.01 +02 07 15.8     11.802 11.235 11.113
2M15183531+0207400    M5    61.5    4399    1.30    -1.29    -0.42    0.33    0.46    0.28    -0.02    0.38    0.25    0.20    1   1       15 18 35.31 +02 07 40.0     11.320 10.675 10.549
2M15183589+0202423    M5    52.6    4743    1.94    -1.28    9999    9999    9999    0.26    0.46    0.37    0.17    0.42    2   0       15 18 35.89 +02 02 42.3     12.513 11.996 11.860
2M15183738+0206079    M5    52.3    4207    0.96    -1.36    -0.61    0.98    0.29    0.27    0.50    0.45    0.13    0.13    2   1       15 18 37.38 +02 06 07.9     10.147 9.442 9.302 
2M15183873+0208200    M5    57.4    4781    2.02    -1.18    9999    9999    9999    0.24    0.01    0.29    0.03    0.09    1   0       15 18 38.73 +02 08 20.0     12.903 12.371 12.262
2M15183948+0210458    M5    56.8    4367    1.26    -1.30    -0.12    0.75    0.59    0.52    0.37    0.50    0.42    0.42    2   0       15 18 39.48 +02 10 45.8     11.265 10.618 10.482
2M15183954+0207237    M5    47.6    4429    1.36    -1.27    -0.36    0.81    0.23    0.31    0.68    0.37    0.32    0.31    2   0       15 18 39.54 +02 07 23.7     11.100 10.494 10.340
2M15183955+0202520    M5    54.8    4479    1.47    -1.21    -0.50    0.97    0.21    0.26    0.52    0.30    0.25    0.30    2   1       15 18 39.55 +02 02 52.0     11.413 10.776 10.671
2M15184001+0211023    M5    52.9    4255    1.06    -1.36    -0.49    0.84    0.30    0.30    0.25    0.41    0.30    0.19    1   1       15 18 40.01 +02 11 02.3     11.008 10.316 10.182
2M15184015+0154369    M5    48.5    4624    1.70    -1.20    9999    9999    9999    0.22    0.17    0.34    0.17    0.29    1   0       15 18 40.15 +01 54 36.9     11.938 11.348 11.246
2M15184061+0206241    M5    61.4    4413    1.33    -1.19    -0.40    1.00    0.46    0.29    0.53    0.35    0.27    0.34    2   0       15 18 40.61 +02 06 24.1     10.744 10.114 9.978 
2M15184132+0205014    M5    58.5    4524    1.53    -1.19    -0.48    1.01    0.36    0.24    0.34    0.31    0.18    0.19    2   1       15 18 41.32 +02 05 01.4     11.555 10.983 10.829
2M15184139+0206004    M5    53.7    4306    1.15    -1.23    -0.13    1.23    0.51    0.30    0.27    0.40    0.09    0.24    1   0       15 18 41.39 +02 06 00.4     10.185 9.468 9.379 
2M15184164+0203533    M5    58.9    4069    0.71    -1.29    -0.61    1.04    0.30    0.22    0.47    0.34    0.25    0.20    2   1       15 18 41.64 +02 03 53.3     9.907 9.134 9.005 
2M15184209+0204094    M5    54.0    4353    1.23    -1.18    -0.61    0.78    -0.06    0.10    1.01    0.28    0.19    0.18    2   1       15 18 42.09 +02 04 09.4     10.964 10.336 10.176
2M15184346+0203074    M5    57.7    4609    1.70    -1.28    9999    9999    9999    0.32    1.02    0.46    0.30    0.43    2   0       15 18 43.46 +02 03 07.4     11.428 10.850 10.731
2M15184449+0202053    M5    48.9    4399    1.30    -1.25    -0.26    0.50    0.57    0.26    0.00    0.36    0.23    0.20    1   0       15 18 44.49 +02 02 05.3     11.075 10.473 10.304
2M15184495+0202034    M5    59.1    3954    0.51    -1.29    -0.55    1.07    0.40    0.28    0.31    0.36    0.26    0.25    1   1       15 18 44.95 +02 02 03.4     9.583 8.751 8.630 
2M15184540+0204302    M5    60.7    4283    1.10    -1.28    -0.22    1.12    0.41    0.27    0.15    0.40    0.07    0.14    1   0       15 18 45.40 +02 04 30.2     10.435 9.782 9.620 
2M15185515+0214337    M5    52.9    4639    1.73    -1.23    9999    9999    9999    0.18    -0.15    0.33    0.07    0.21    1   0       15 18 55.15 +02 14 33.7     11.454 10.905 10.767
2M15190237+0204586    M5    54.1    4724    1.89    -1.18    9999    9999    9999    0.38    0.34    0.44    0.27    0.34    2   0       15 19 02.37 +02 04 58.6     12.723 12.118 12.064
2M15190324+0208032    M5    61.0    3908    0.41    -1.29    -0.52    0.81    0.42    0.30    0.00    0.30    0.24    0.20    1   0       15 19 03.24 +02 08 03.2     9.469 8.628 8.495 
2M15191912+0202334    M5    54.8    4410    1.33    -1.20    -0.49    1.03    0.28    0.19    0.46    0.31    0.26    0.17    2   1       15 19 19.12 +02 02 33.4     11.031 10.417 10.264
2M15175206+0159462    M5    51.1    4895    2.24    -1.28    9999    9999    9999    0.28    -0.06    0.32    0.25    0.22    1   0       15 17 52.06 +01 59 46.2        13.633 13.155 13.027
2M15175224+0208026    M5    48.7    5078    2.63    -1.35    9999    9999    9999    0.31    0.24    0.49    0.40    0.22    1   0       15 17 52.24 +02 08 02.6     12.570 12.111 12.017
2M15175526+0207249    M5    58.2    5028    2.55    -1.03    9999    9999    9999    -0.07    0.92    0.28    0.18    0.44    2   0       15 17 55.26 +02 07 24.9     12.704 12.181 12.137
2M15181140+0204111    M5    45.9    4678    1.80    -1.33    9999    9999    9999    0.19    0.71    0.29    0.32    0.27    2   0       15 18 11.40 +02 04 11.1     13.270 12.753 12.596
2M15181274+0159300    M5    47.3    4865    2.18    -1.23    9999    9999    9999    0.23    0.11    0.20    0.08    0.14    1   0       15 18 12.74 +01 59 30.0     13.703 13.185 13.088
2M15181619+0205358    M5    56.4    4807    2.06    -1.32    9999    9999    9999    0.33    0.06    0.26    0.15    0.29    1   0       15 18 16.19 +02 05 35.8     13.369 12.924 12.736
2M15182438+0200073    M5    52.9    4771    1.99    -1.13    9999    9999    9999    0.16    0.82    0.33    0.21    0.16    2   0       15 18 24.38 +02 00 07.3     12.556 12.030 11.912
2M15182852+0208170    M5    59.1    4983    2.45    -1.22    9999    9999    9999    0.27    0.36    0.31    0.26    9999    2   0       15 18 28.52 +02 08 17.0     13.334 12.816 12.754
2M15183134+0157118    M5    52.6    5092    2.68    -1.18    9999    9999    9999    0.19    0.24    0.28    0.30    0.45    1   0       15 18 31.34 +01 57 11.8     13.588 13.059 13.039
2M15183481+0202226    M5    56.0    4759    1.97    -1.07    9999    9999    9999    0.16    -0.10    0.39    0.03    0.16    1   0       15 18 34.81 +02 02 22.6     12.129 11.600 11.481
2M15183678+0206370    M5    54.4    5014    2.52    -1.19    9999    9999    9999    0.25    0.63    0.35    0.22    0.40    2   0       15 18 36.78 +02 06 37.0     13.160 12.632 12.589
2M15183765+0201212    M5    48.6    5035    2.55    -1.25    9999    9999    9999    0.29    -0.03    0.38    0.35    0.46    1   0       15 18 37.65 +02 01 21.2     13.427 12.894 12.862
2M15184330+0159322    M5    49.3    4784    2.02    -1.18    9999    9999    9999    0.13    0.25    0.23    0.07    -0.05   1   0       15 18 43.30 +01 59 32.2     13.297 12.753 12.657
2M15184374+0208171    M5    59.9    5071    2.63    -1.16    9999    9999    9999    0.16    0.65    0.33    0.11    0.54    2   0       15 18 43.74 +02 08 17.1     13.406 12.929 12.851
2M15184836+0203156    M5    54.3    5214    2.99    -1.23    9999    9999    9999    0.26    -0.01    0.41    0.33    0.37    1   0       15 18 48.36 +02 03 15.6     13.728 13.236 13.212
2M15184910+0207439    M5    60.7    4952    2.38    -1.13    9999    9999    9999    0.23    -0.11    0.27    0.12    0.41    1    0       15 18 49.10 +02 07 43.9     13.344 12.852 12.755
2M15185397+0205393    M5    58.5    4983    2.45    -1.38    9999    9999    9999    -0.12    -0.09    -0.08    0.29    9999    1   0       15 18 53.97 +02 05 39.3     13.744 13.252 13.164
2M15185731+0203077    M5    57.1    5067    2.63    -1.32    9999    9999    9999    0.25    0.26    0.45    0.08    0.37    1   0       15 18 57.31 +02 03 07.7     12.481 12.023 11.925
2M15190597+0211317    M5    59.2    4949    2.38    -1.23    9999    9999    9999    0.33    0.23    0.34    0.28    0.38    1   0       15 19 05.97 +02 11 31.7     13.358 12.841 12.768
2M16315197-1303389    M107    -36.3    4637    1.98    -1.10    9999    9999    9999    0.30    0.62    0.53    0.20    0.190    4    0   16 31 51.97 -13 03 38.9        13.531 12.893 12.704
2M16320891-1300161    M107    -31.3    4672    2.07    -1.00    9999    9999    9999    0.36    0.46    0.48    0.12    0.280    4   0   16 32 08.91 -13 00 16.1    12.256 11.635 11.441
2M16321971-1301196    M107    -38.2    4792    2.29    -1.03    9999    9999    9999    0.24    0.37    0.60    -0.11    0.17    4   0   16 32 19.71 -13 01 19.6     12.107 11.484 11.331
2M16322800-1304158    M107    -31.5    4985    2.70    -0.92    9999    9999    9999    0.28    0.31    0.45    0.23    9999    4   0   16 32 28.00 -13 04 15.8     13.534 12.939 12.817
2M16323534-1301256    M107    -28.6    4712    2.14    -1.07    9999    9999    9999    0.38    0.64    0.56    0.19    0.48    4   0   16 32 35.34 -13 01 25.6     13.227 12.593 12.425
2M16323665-1306083    M107    -29.9    4521    1.79    -1.08    -0.22    0.66    0.26    0.28    0.38    0.57    0.03    -0.03   1   1   16 32 36.65 -13 06 08.3     11.963 11.301 11.096
2M16324321-1301465    M107    -29.3    4640    1.98    -1.07    9999    9999    9999    0.11    0.47    0.52    0.27    0.08    4   0   16 32 43.21 -13 01 46.5     12.485 11.846 11.659
2M16330145-1300334    M107    -33.8    4555    1.84    -1.06    9999    9999    9999    0.38    0.58    0.52    -0.04    0.30    4   0   16 33 01.45 -13 00 33.4     12.888 12.206 12.033
2M16321394-1301086    M107    -31.0    4158    1.11    -1.09    -0.23    0.41    0.34    0.37    0.50    0.49    0.25    0.13    1   0   16 32 13.94 -13 01 08.6     10.909 10.121 9.902 
2M16322112-1302516    M107    -39.5    4008    0.84    -1.04    -0.13    0.55    0.48    0.35    0.51    0.51    0.15    0.18    1   0   16 32 21.12 -13 02 51.6     9.995 9.118 8.923 
2M16322403-1302105    M107    -30.5    3806    0.48    -1.11    -0.26    0.31    0.23    0.29    0.43    0.35    0.24    -0.07   1   0   16 32 24.03 -13 02 10.5     9.605 8.703 8.438 
2M16322415-1301106    M107    -30.5    4051    0.94    -1.04    -0.36    0.84    0.14    0.31    0.45    0.39    0.22    0.08    2   1   16 32 24.15 -13 01 10.6     10.589 9.742 9.536
2M16322932-1259317    M107    -33.1    4320    1.41    -0.99    -0.32    0.83    0.12    0.27    0.55    0.40    0.17    0.15    2   1   16 32 29.32 -12 59 31.7     11.598 10.821 10.656
2M16323061-1306301    M107    -34.0    4302    1.41    -0.98    -0.10    0.53    0.52    0.42    0.57    0.52    0.25    0.23    1   0   16 32 30.61 -13 06 30.1     11.020 10.252 10.071
2M16323361-1259410    M107    -33.1    4516    1.79    -0.98    -0.13    0.98    0.31    0.32    0.61    0.44    0.21    0.21    2   0   16 32 33.61 -12 59 41.0     12.336 11.613 11.467
2M16323529-1307079    M107    -34.9    4297    1.36    -0.95    -0.29    0.91    0.18    0.37    0.51    0.40    0.22    0.20    2   1   16 32 35.29 -13 07 07.9     11.424 10.653 10.473
2M16324155-1302038    M107    -38.2    4216    1.25    -0.96    -0.04    0.33    0.45    0.44    0.69    0.53    0.32    0.30    1   0   16 32 41.55 -13 02 03.8     11.317 10.554 10.334
2M16315358-1302179    M107    -35.0    4640    1.98    -1.18    9999    9999    9999    0.40    0.55    0.57    0.15    -0.17   4   0   16 31 53.58 -13 02 17.9        14.110 13.493 13.284
2M16320382-1308186    M107    -33.7    4724    2.17    -1.04    9999    9999    9999    0.07    0.37    0.49    0.47    0.25    4   0   16 32 03.82 -13 08 18.6     13.969 13.353 13.171
2M16320904-1302270    M107    -35.5    4736    2.20    -0.93    9999    9999    9999    0.28    0.59    0.39    -0.10    0.30    4   0   16 32 09.04 -13 02 27.0     13.201 12.582 12.407
2M16322059-1302322    M107    -34.3    5124    3.08    -0.95    9999    9999    9999    0.05    0.30    0.50    -0.18    0.37    4   0   16 32 20.59 -13 02 32.2     12.948 12.395 12.271
2M16322307-1258311    M107    -30.8    4452    1.66    -0.94    -0.18    0.81    0.56    0.44    0.67    0.56    0.16    0.17    2   0   16 32 23.07 -12 58 31.1     11.989 11.261 11.097
2M16322432-1301348    M107    -37.2    4404    1.55    -1.07    -0.23    1.14    0.41    0.51    0.39    0.52    0.35    0.16    2   1   16 32 24.32 -13 01 34.8     12.187 11.458 11.277
2M16322476-1301516    M107    -37.0    5096    2.98    -0.99    9999    9999    9999    -0.06    0.43    0.46    -0.06    0.02    4   0   16 32 24.76 -13 01 51.6     12.720 12.139 12.035
2M16322531-1303076    M107    -33.3    5287    3.51    -1.02    9999    9999    9999    0.00    0.33    0.46    9999    0.34    4   0   16 32 25.31 -13 03 07.6     13.246 12.742 12.613
2M16322615-1300273    M107    -37.7    5075    2.95    -0.99    9999    9999    9999    0.06    0.24    0.44    -0.29    0.34    4   0   16 32 26.15 -13 00 27.3     13.311 12.739 12.620
2M16323024-1257541    M107    -36.5    5057    2.91    -1.04    9999    9999    9999    0.14    0.18    0.51    -0.39    9999    4   0   16 32 30.24 -12 57 54.1     13.376 12.844 12.680
2M16323084-1254593    M107    -34.7    4843    2.42    -0.94    9999    9999    9999    0.30    0.25    0.43    0.03    0.28    4   0   16 32 30.84 -12 54 59.3     14.016 13.370 13.256
2M16323197-1306248    M107    -36.4    4607    1.94    -0.90    9999    9999    9999    0.35    0.64    0.48    0.36    9999    4   0   16 32 31.97 -13 06 24.8     12.736 12.087 11.899
2M16323328-1308325    M107    -37.4    5029    2.81    -0.92    9999    9999    9999    0.06    0.50    0.52    0.37    0.39    4   0   16 32 33.28 -13 08 32.5     13.845 13.235 13.141
2M16323599-1301301    M107    -27.4    4767    2.26    -1.02    9999    9999    9999    0.20    0.41    0.42    0.09    0.25    4   0   16 32 35.99 -13 01 30.1     13.244 12.633 12.460
2M16323769-1306326    M107    -37.8    4660    2.03    -0.93    9999    9999    9999    0.34    0.57    0.43    0.18    0.28    4   0   16 32 37.69 -13 06 32.6     13.254 12.651 12.435
2M16323915-1309444    M107    -32.7    5009    2.76    -1.01    9999    9999    9999    0.10    0.67    0.55    0.60    9999    4   0   16 32 39.15 -13 09 44.4     13.858 13.290 13.148
2M16324056-1303160    M107    -34.2    5403    3.65    -1.10    9999    9999    9999    -0.04    0.16    0.51    0.43    0.38    4   0   16 32 40.56 -13 03 16.0     13.381 12.906 12.778
2M16324274-1304383    M107    -31.5    4901    2.54    -0.96    9999    9999    9999    0.23    0.38    0.48    0.39    -0.01   4   0   16 32 42.74 -13 04 38.3     13.701 13.114 12.959
2M16324438-1302217    M107    -35.0    5193    3.29    -1.02    9999    9999    9999    0.09    0.31    0.43    9999    0.40    4   0   16 32 44.38 -13 02 21.7     13.264 12.750 12.606
2M16324492-1300124    M107    -33.8    5182    3.25    -1.07    9999    9999    9999    0.08    0.20    0.45    -0.16    0.08    4   0   16 32 44.92 -13 00 12.4     13.350 12.863 12.689
2M16324529-1258059    M107    -36.9    4730    2.17    -1.07    9999    9999    9999    0.31    0.58    0.49    0.11    0.32    4   0   16 32 45.29 -12 58 05.9     13.588 12.958 12.792
2M16324667-1303279    M107    -36.5    4669    2.07    -1.04    9999    9999    9999    0.19    0.55    0.53    0.34    -0.09   4   0   16 32 46.67 -13 03 27.9     13.683 12.998 12.867
2M16324671-1309076    M107    -32.4    5399    3.65    -1.05    9999    9999    9999    -0.18    0.07    0.44    0.43    0.51    4   0   16 32 46.71 -13 09 07.6     13.445 12.945 12.841
2M16330145-1300334    M107    -34.2    4555    1.84    -1.06    9999    9999    9999    0.38    0.58    0.52    -0.04    0.30    4   0   16 33 01.45 -13 00 33.4     12.888 12.206 12.033
2M16331316-1306030    M107    -34.0    4898    2.54    -0.94    9999    9999    9999    0.18    0.49    0.46    0.08    0.27    4    0   16 33 13.16 -13 06 03.0     13.493 12.829 12.750
2M19533757+1847286    M71    -26.8    3915    0.71    -0.78    -0.03    0.44    0.45    0.47    0.41    0.38    0.36    0.40    1    0       19 53 37.57 +18 47 28.6        9.503 8.678 8.421 
2M19534463+1851392    M71    -21.6    4723    2.17    -0.61    9999    9999    9999    0.25    0.52    0.33    0.06    0.34    4   0       19 53 44.63 +18 51 39.2     11.765 11.160 11.003
2M19534750+1846169    M71    -21.4    4433    1.64    -0.61    0.05    0.57    0.59    0.42    0.47    0.46    0.05    0.31    1   0       19 53 47.50 +18 46 16.9     10.452 9.698 9.588 
2M19534827+1848021    M71    -20.2    3913    0.71    -0.75    -0.33    1.17    0.34    0.46    0.36    0.27    0.25    0.48    2   1       19 53 48.27 +18 48 02.1     9.177 8.270 8.094 
2M19535064+1849075    M71    -25.6    4228    1.27    -0.69    -0.23    1.19    0.45    0.46    0.57    0.35    0.29    0.43    2   0       19 53 50.64 +18 49 07.5     10.215 9.446 9.271 
2M19535325+1846471    M71    -26.8    3984    0.82    -0.78    -0.01    0.70    0.56    0.48    0.45    0.39    0.30    0.44    1   0       19 53 53.25 +18 46 47.1     9.090 8.197 8.040 
2M19535764+1847570    M71    -26.4    4433    1.64    -0.64    -0.09    1.18    0.57    0.42    0.57    0.44    0.14    0.44    2   0       19 53 57.64 +18 47 57.0     10.906 10.192 10.042
2M19533986+1843530    M71    -22.7    4349    1.48    -0.68    -0.03    1.09    0.58    0.42    0.60    0.45    0.15    0.45    2   0       19 53 39.86 +18 43 53.0        10.113 9.3240 9.2170
2M19534227+1846563    M71    -22.1    4924    2.57    -0.61    9999    9999    9999    0.29    0.55    0.37    0.36    0.52    4   0       19 53 42.27 +18 46 56.3     12.569 11.948 11.871
2M19534274+1845004    M71    -16.4    4927    2.63    -0.72    9999    9999    9999    0.26    0.62    0.40    0.21    0.57    4   0       19 53 42.74 +18 45 00.4     12.619 12.018 11.922
2M19534582+1843435    M71    -24.8    4645    2.03    -0.69    9999    9999    9999    0.41    0.57    0.43    0.15    0.23    4   0       19 53 45.82 +18 43 43.5     12.659 11.948 11.871
2M19535276+1843591    M71    -22.4    4793    2.32    -0.60    9999    9999    9999    0.24    0.47    0.40    0.17    0.45    4   0       19 53 52.76 +18 43 59.1     12.735 12.078 11.996
