Title: A Spectroscopic Analysis of the California-Kepler Survey Sample: I. 
       Stellar Parameters, Planetary Radii and a Slope in the Radius Gap 
Authors: Martinez C.F., Cunha K., Ghezzi L., Smith V.V. 
Table: Stellar Parameters and Radii
================================================================================
Byte-by-byte Description of file: apjab0d93t1_mrt.txt
--------------------------------------------------------------------------------
   Bytes Format Units     Label   Explanations
--------------------------------------------------------------------------------
   1-  4 I4     ---       Num     Internal index number
   6- 16 A11    ---       KOI     Kepler Object Identifer
  18- 21 I4     K         Teff    Effective temperature
  23- 25 I3     K       e_Teff    Uncertainty in Teff
  27- 30 F4.2   [cm/s2]   log(g)  log surface gravity
  32- 35 F4.2   [cm/s2] e_log(g)  Uncertainty in log(g)
  37- 40 F4.2   km/s      Vturb   Microturbulent velocity
  42- 45 F4.2   km/s    e_Vturb   Uncertainty in Vtrub
  47- 51 F5.2   solRad    R*      ? Stellar radius
  53- 58 F6.3   solRad  e_R*      ? Uncertainty in R*
--------------------------------------------------------------------------------
   1 K00245      5410  11 4.55 0.02 0.83 0.04  0.78  0.01  
   2 K01925      5418  18 4.48 0.06 0.82 0.04  0.90  0.02  
   3 K01612      6167  35 4.32 0.09 1.43 0.06  1.24  0.03  
   4 K00069      5646  21 4.50 0.04 0.91 0.03  0.94  0.02  
   5 K03167      5467  29 4.48 0.07 1.03 0.06  0.88  0.02  
   6 K00082      4849  49 4.51 0.08 0.62 0.12  0.73  0.01  
   7 K00975      6227  42 4.00 0.03 1.50 0.06  1.95  0.08  
   8 K02687      5800  22 4.55 0.06 1.02 0.03  0.94  0.02  
   9 K01924      5973  28 3.86 0.06 1.53 0.03  2.57  0.14  
  10 K00261      5777  11 4.54 0.04 0.96 0.03  0.94  0.02  
  11 KIC8435766  5032  25 4.56 0.04 0.75 0.07  0.75  0.01  
  12 K01964      5548  22 4.48 0.04 0.89 0.05  1.02  0.02  
  13 K00246      5866  11 4.37 0.07 1.14 0.03  1.25  0.03  
  14 K03246      4822  53 4.60 0.08 0.97 0.13  0.70  0.01  
  15 K01781      4800  46 4.54 0.06 0.88 0.12  0.76  0.01  
  16 K00365      5540  15 4.54 0.01 0.83 0.03  0.86  0.01  
  17 K00364      5875  22 4.31 0.08 1.13 0.03  1.40  0.04  
  18 K00958      4925  39 4.37 0.14 0.98 0.09  0.71  0.01  
  19 K00719      4774  46 4.37 0.12 0.87 0.10  0.68  0.01  
  20 K02678      5377  51 4.53 0.14 1.78 0.09  0.80  0.02  
  21 K00072      5698  18 4.37 0.08 0.92 0.03  1.08  0.02  
  22 K00367      5761  31 4.46 0.10 1.07 0.05  1.00  0.02  
  23 K02173      4885  39 4.50 0.06 1.06 0.09  0.70  0.01  
  24 K00104      4777  78 4.40 0.17 0.78 0.18  0.74  0.02  
  25 K03871      5203  39 4.51 0.04 1.12 0.06  0.86  0.02  
  26 K00063      5594  22 4.53 0.06 1.23 0.04  0.90  0.02  
  27 K00315      4990  46 4.50 0.07 0.96 0.09  0.68  0.01  
  28 K03835      5046  36 4.57 0.06 1.37 0.07  0.70  0.01  
  29 K00305      4844  49 4.32 0.20 0.78 0.10  0.75  0.02  
  30 K04399      5509  29 4.56 0.04 0.85 0.07  0.84  0.01  
  31 K00974      6399  90 4.14 0.17 2.18 0.25  1.93  0.12  
  32 K00280      6150  63 4.59 0.07 1.46 0.16  1.05  0.03  
  33 K03224      5327  29 4.56 0.05 0.77 0.07  0.82  0.01  
  34 K02720      6035  21 4.11 0.01 1.35 0.05  1.53  0.04  
  35 K00001      5856  33 4.44 0.09 1.15 0.06  1.05  0.02  
  36 K01797      4923  56 4.49 0.08 1.06 0.10  0.73  0.02  
  37 K01726      5065  43 4.33 0.14 1.26 0.08  0.73  0.01  
  38 K00084      5563  18 4.52 0.03 0.89 0.04  0.89  0.01  
  39 K04287      6134  98 4.01 0.10 1.78 0.17  0.96  0.04  
  40 K00387      4919  43 4.46 0.16 1.25 0.09  0.69  0.01  
  41 K03864      5050  49 4.48 0.08 1.14 0.08  0.72  0.01  
  42 K07587      5836  26 4.63 0.03 0.93 0.05  1.02  0.02  
  43 K02672      5655  26 4.63 0.07 1.22 0.05  0.90  0.02  
  44 K03168      5834  25 4.02 0.07 1.27 0.04  1.61  0.05  
  45 K04582      5738  36 4.52 0.06 0.88 0.07  0.94  0.02  
  46 K03880      6362 176 4.96 0.04 3.58 1.25  1.21  0.08  
  47 K03225      5382  25 4.47 0.06 0.85 0.05  0.86  0.01  
  48 K00257      6228  65 4.38 0.14 1.51 0.10  1.19  0.04  
  49 K00283      5765  11 4.51 0.01 0.94 0.03  1.01  0.02  
  50 K03215      5821 123 4.73 0.28 1.89 0.25  0.86  0.03  
  51 K00273      5723  25 4.45 0.08 1.00 0.03  1.08  0.02  
  52 K00260      6252  63 4.15 0.06 1.49 0.11  1.41  0.05  
  53 K03201      5754  40 4.37 0.11 1.03 0.10  0.95  0.02  
  54 K02612      5578  47 4.45 0.07 0.96 0.08  1.03  0.03  
  55 K01803      4944  39 4.58 0.08 0.78 0.11  0.73  0.01  
  56 K00244      6297  50 4.21 0.09 1.63 0.09  1.37  0.04  
  57 K00306      5349  33 4.57 0.07 1.11 0.06  0.83  0.01  
  58 K04725      4977  56 4.54 0.11 0.78 0.12  0.73  0.02  
  59 K02169      5325  21 4.45 0.07 0.92 0.04  0.88  0.01  
  60 K00262      6242  56 4.16 0.06 1.60 0.09  1.59  0.06  
  61 K02029      5278  50 4.67 0.12 1.17 0.09  0.73  0.01  
  62 K00345      4896  46 4.48 0.11 0.70 0.10  0.74  0.01  
  63 K00323      5442  32 4.65 0.08 1.14 0.06  0.82  0.01  
  64 K02295      5477  29 4.50 0.09 0.95 0.06  1.42  0.04  
  65 K00268      6461 134 4.51 0.13 2.62 0.37  1.34  0.08  
  66 K01877      4926  39 4.49 0.08 0.89 0.09  0.72  0.01  
  67 K02801      6127  42 4.21 0.11 1.27 0.07  1.48  0.05  
  68 K00153      4805  67 4.35 0.16 0.56 0.14  0.75  0.02  
  69 K02001      5067  32 4.50 0.05 0.93 0.07  0.78  0.01  
  70 K03239      5659  42 4.41 0.14 1.43 0.07  0.89  0.02  
  71 K02352      6448 106 4.29 0.16 2.33 0.36  1.45  0.08  
  72 K01800      5570  38 4.58 0.10 1.36 0.06  0.86  0.02  
  73 K01692      5380  50 4.45 0.13 1.01 0.07  0.89  0.02  
  74 K00263      5892  11 4.10 0.06 1.31 0.03  1.94  0.07  
  75 K00092      5959  42 4.52 0.09 1.14 0.06  1.07  0.03  
  76 K02686      4896  53 4.51 0.08 1.14 0.11  0.68  0.01  
  77 K03936      4996  47 4.66 0.08 1.27 0.10  0.76  0.01  
  78 K03087      5268  39 4.47 0.08 0.94 0.06  0.87  0.02  
  79 K02792      5995  42 4.25 0.07 1.32 0.05  1.38  0.04  
  80 K00284      5877  58 4.23 0.18 1.18 0.11  1.04  0.03  
  81 K00987      5485  29 4.52 0.05 0.93 0.06  0.93  0.02  
  82 K00161      4887  64 4.37 0.20 0.74 0.14  0.80  0.02  
  83 K03197      6312  71 4.71 0.14 1.98 0.21  1.10  0.03  
  84 K02087      6001  42 4.38 0.11 1.11 0.06  1.01  0.02  
  85 K00070      5475  18 4.47 0.06 0.77 0.04  0.89  0.01  
  86 K01904      5103  53 4.46 0.13 1.04 0.08  0.74  0.01  
  87 K01815      5017  54 4.34 0.17 1.50 0.09  0.67  0.01  
  88 K00657      4988  39 4.39 0.17 1.14 0.08  0.67  0.01  
  89 K02803      5651  22 4.59 0.04 0.92 0.05  0.98  0.02  
  90 K03184      5924  25 4.36 0.09 1.32 0.05  1.43  0.04  
  91 K03165      6253  63 3.99 0.04 1.52 0.11  1.83  0.09  
  92 K00303      5640  29 4.48 0.08 0.90 0.06  1.01  0.02  
  93 K01615      5976  45 4.44 0.11 1.51 0.07  1.31  0.04  
  94 K03130      5005  32 4.56 0.07 0.68 0.09  0.66  0.01  
  95 K02755      5797  33 4.41 0.11 1.08 0.06  0.97  0.02  
  96 K00269      6493 219 4.70 0.23 3.09 1.49  1.42  0.14  
  97 K03232      5726  36 4.46 0.08 1.15 0.06  0.94  0.02  
  98 K02706      6446  60 4.25 0.16 2.05 0.11  1.93  0.10  
  99 K01478      5582  39 4.46 0.09 0.88 0.06  0.94  0.02  
 100 K02636      5899  31 4.49 0.03 1.11 0.06  0.99  0.02  
 101 K02675      5741  42 4.51 0.08 1.50 0.08  0.90  0.02  
 102 K01019      4961  29 3.44 0.10 1.00 0.03  3.49  0.26  
 103 K00701      5001  32 4.53 0.05 0.67 0.09  0.70  0.01  
 104 K00338      5008  56 4.43 0.13 0.86 0.10  0.79  0.02  
 105 K04637      6194  70 3.94 0.15 1.79 0.16  1.91  0.10  
 106 K00348      4821  49 4.52 0.08 0.67 0.15  0.71  0.01  
 107 K00313      5257  39 4.52 0.04 0.73 0.07  0.86  0.02  
 108 K00085      6264  41 4.25 0.11 1.64 0.06  1.45  0.05  
 109 K00041      5915  15 4.21 0.04 1.27 0.03  1.53  0.04  
 110 K00103      5598  18 4.54 0.03 0.84 0.04  0.88  0.01  
 111 K01985      5011  57 4.55 0.10 1.03 0.10  0.74  0.02  
 112 K00144      4953  67 4.47 0.12 0.87 0.12  0.79  0.02  
 113 K00148      5184  35 4.40 0.14 0.72 0.06  0.86  0.02  
 114 K01988      4921  56 4.40 0.16 1.19 0.09  0.69  0.01  
 115 K00372      5798  25 4.54 0.04 1.04 0.04  0.93  0.02  
 116 K03853      4939  36 3.66 0.09 0.81 0.05  3.08  0.22  
 117 K00678      5146  32 4.50 0.06 1.14 0.07  0.78  0.01  
 118 K02771      6258  60 4.53 0.10 1.47 0.13  1.09  0.03  
 119 K01616      6177  38 4.53 0.06 1.20 0.06  1.20  0.03  
 120 K02522      4888  71 4.44 0.15 0.72 0.14  0.78  0.02  
 121 K03436      5076  49 4.54 0.07 1.08 0.08  0.78  0.02  
 122 K02120      5093  46 4.55 0.08 1.06 0.08  0.72  0.01  
 123 K00346      5049  49 4.54 0.08 0.74 0.10  0.76  0.02  
 124 K00174      4902  42 4.40 0.16 0.51 0.13  0.78  0.01  
 125 K04407      6436 176 4.19 0.19 2.30 0.37  1.53  0.13  
 126 K00446      4952  60 4.40 0.20 1.27 0.10  0.62  0.01  
 127 K03497      4829  50 4.51 0.08 1.20 0.10  1.21  0.05  
 128 K00282      5929  36 4.37 0.09 1.10 0.08  1.15  0.03  
 129 K00988      5100  46 4.61 0.09 1.01 0.08  0.76  0.01  
 130 K03237      5819  35 4.55 0.04 1.18 0.06  1.00  0.02  
 131 K03465      5341  36 4.59 0.04 1.03 0.07  0.81  0.01  
 132 K01531      5784  36 4.37 0.10 1.19 0.06  0.73  0.01  
 133 K03991      5580  38 4.48 0.09 1.49 0.08  0.79  0.01  
 134 K03233      5740  26 4.49 0.04 0.99 0.06  0.99  0.02  
 135 K00266      6161  60 4.19 0.08 1.27 0.11  1.22  0.04  
 136 K03196      6194  36 4.31 0.11 1.25 0.06  1.26  0.03  
 137 K04146      4970  42 4.55 0.08 0.91 0.11  0.76  0.01  
 138 K03876      5903  61 4.97 0.03 2.35 0.16  0.89  0.02  
 139 K04004      5753  42 4.87 0.10 1.25 0.09  0.91  0.02  
 140 K01841      5205  32 4.58 0.09 0.81 0.07  0.87  0.02  
 141 K03218      6030  42 4.47 0.10 1.25 0.07  1.06  0.03  
 142 K00623      6034  58 4.28 0.17 1.32 0.16  1.16  0.04  
 143 K04129      5099  42 4.50 0.07 0.77 0.08  0.79  0.01  
 144 K00687      5896  40 4.37 0.09 1.41 0.07  0.57  0.01  
 145 K00276      6011  42 4.39 0.12 1.04 0.07  1.19  0.03  
 146 K00295      6055  44 4.64 0.11 1.06 0.10  0.96  0.02  
 147 K00008      5906  29 4.53 0.09 1.08 0.05  0.95  0.02  
 148 K00650      5146  35 4.62 0.07 0.86 0.08  0.80  0.01  
 149 K00304      5845  36 4.49 0.08 1.00 0.08  0.93  0.02  
 150 K01442      5535  32 4.39 0.06 0.89 0.06  1.03  0.02  
 151 K01839      5451  38 4.59 0.09 1.57 0.08  0.84  0.02  
 152 K01300      5098  60 4.55 0.11 1.02 0.11  0.71  0.02  
 153 K02583      5626  32 4.45 0.07 0.92 0.05  0.97  0.02  
 154 K00002      6384  77 3.90 0.13 1.98 0.10  2.01  0.12  
 155 K00490      4958  42 4.61 0.08 0.82 0.12  0.74  0.01  
 156 K03473      5163  46 4.60 0.08 1.39 0.08  0.75  0.01  
 157 K03663      5733  29 4.56 0.04 0.93 0.07  0.95  0.02  
 158 K01905      5006  39 4.55 0.06 0.81 0.10  0.69  0.01  
 159 K02035      5479  33 4.44 0.09 1.33 0.06  0.89  0.02  
 160 K00166      5269  42 4.67 0.06 0.67 0.09  0.76  0.01  
 161 K01274      5327  36 4.57 0.06 0.73 0.09  0.82  0.01  
 162 K03678      5529  36 4.53 0.07 0.89 0.06  0.90  0.02  
 163 K00299      5509  18 4.52 0.02 0.86 0.04  0.93  0.02  
 164 K02158      5404  29 4.43 0.09 0.65 0.07  0.93  0.02  
 165 K00271      6244  50 4.40 0.11 1.59 0.07  1.38  0.05  
 166 K03254      5602  38 4.44 0.12 0.82 0.06  1.09  0.03  
 167 K01738      5317  46 4.53 0.07 0.82 0.08  0.85  0.02  
 168 K03075      5416  36 4.38 0.09 0.83 0.09  0.86  0.02  
 169 K01283      5781  42 4.07 0.07 1.14 0.08  1.58  0.06  
 170 K02079      5459  36 4.39 0.11 0.88 0.07  0.98  0.02  
 171 K00321      5675  18 4.43 0.08 0.99 0.03  1.08  0.02  
 172 K03248      5755  25 4.34 0.02 1.05 0.05  1.11  0.02  
 173 K01546      6164  99 4.57 0.18 1.30 0.18  0.44  0.01  
 174 K04657      5386  29 4.54 0.04 0.68 0.07  0.91  0.02  
 175 K03227      5992  31 4.46 0.05 0.98 0.06  1.17  0.03  
 176 K00500      4800  60 4.43 0.16 1.23 0.11  0.68  0.01  
 177 K00197      5080  71 4.43 0.17 1.19 0.11  0.74  0.02  
 178 K02754      5884  35 4.40 0.11 1.24 0.08  1.26  0.03  
 179 K00632      5375  39 4.50 0.07 0.90 0.06  0.83  0.02  
 180 K00448      5006  67 4.57 0.13 1.72 0.13  0.64  0.01  
 181 K02503      4939  53 4.40 0.18 0.84 0.10  0.78  0.02  
 182 K00373      5788  36 4.46 0.06 1.03 0.10  0.95  0.02  
 183 K00142      5429  25 4.46 0.07 0.83 0.05  0.91  0.02  
 184 K02281      5014  35 4.49 0.07 0.54 0.10  0.79  0.01  
 185 K00180      5648  22 4.59 0.04 0.94 0.04  0.90  0.02  
 186 K03892      5611  33 4.35 0.07 0.89 0.06  1.02  0.02  
 187 K00112      5919  38 4.37 0.11 1.17 0.07  0.92  0.02  
 188 K01809      5808  40 4.60 0.10 1.09 0.06  0.99  0.02  
 189 K00518      4988  63 4.48 0.30 0.71 0.15  0.71  0.02  
 190 K00369      6188  76 4.37 0.17 1.91 0.23  1.18  0.04  
 191 K00720      5275  46 4.55 0.07 1.31 0.07  0.78  0.01  
 192 K00281      5606  51 3.93 0.16 0.80 0.09  1.52  0.06  
 193 K02832      5058  32 4.50 0.06 0.75 0.08  0.77  0.01  
 194 K02017      5729  29 4.67 0.03 1.22 0.05  0.87  0.02  
 195 K01837      5195  36 4.47 0.07 0.94 0.07  0.79  0.01  
 196 K00374      5860  38 4.18 0.10 1.11 0.07  1.22  0.03  
 197 K00704      5373  36 4.64 0.08 0.99 0.07  0.75  0.01  
 198 K00316      5619  29 4.44 0.09 1.00 0.06  1.05  0.02  
 199 K01822      6139  52 4.44 0.13 1.33 0.11  1.07  0.03  
 200 K00265      6113  20 4.43 0.05 1.23 0.03  1.28  0.03  
 201 K00102      5835  40 4.51 0.06 1.17 0.06  1.12  0.03  
 202 K02208      5909  25 4.36 0.08 1.11 0.05  1.14  0.03  
 203 K00714      5383  32 4.59 0.06 0.83 0.07  0.84  0.01  
 204 K00105      5674  29 4.42 0.09 0.89 0.07  1.09  0.02  
 205 K00274      6094  28 4.00 0.03 1.51 0.05  1.68  0.06  
 206 K03117      5554  33 4.56 0.05 0.79 0.07  0.92  0.02  
 207 K02752      6186  45 4.56 0.04 1.68 0.10  1.62  0.09  
 208 K03681      6203  85 4.40 0.15 1.94 0.17  1.28  0.05  
 209 K01796      6032  41 4.39 0.11 1.05 0.08  1.08  0.03  
 210 K01128      5413  29 4.56 0.06 0.78 0.06  0.84  0.01  
 211 K01050      5050  50 4.54 0.06 0.75 0.11  0.84  0.02  
 212 K04032      5631  26 4.32 0.06 0.96 0.05  1.18  0.03  
 213 K01618      6285 127 4.26 0.14 2.29 0.20  1.52  0.10  
 214 K01820      5351  29 4.50 0.05 0.90 0.06  0.82  0.01  
 215 K00111      5881  29 4.30 0.07 1.18 0.08  1.05  0.02  
 216 K00292      5852  20 4.41 0.07 0.99 0.04  0.98  0.02  
 217 K07179      5831  26 4.48 0.07 1.06 0.06  1.08  0.02  
 218 K04469      5006  53 4.54 0.07 0.82 0.11  0.73  0.01  
 219 K02925      5472  32 4.61 0.07 0.92 0.06  0.87  0.02  
 220 K04292      5585  29 4.41 0.09 0.78 0.06  1.04  0.02  
 221 K01151      5517  29 4.41 0.07 0.86 0.07  0.85  0.01  
 222 K01961      5368  32 4.55 0.06 0.94 0.06  1.16  0.03  
 223 K00505      5054  39 4.53 0.06 1.02 0.09  0.74  0.01  
 224 K02690      5521  32 4.64 0.07 1.24 0.05  0.85  0.02  
 225 K03190      6043  47 4.19 0.06 1.05 0.09  1.19  0.03  
 226 K00275      5900  25 4.14 0.07 1.28 0.04  1.64  0.05  
 227 K04098      5117  46 4.54 0.08 1.01 0.09  0.88  0.02  
 228 K00288      6214  70 4.16 0.15 1.97 0.12  2.08  0.12  
 229 K02219      4905  57 4.49 0.08 0.52 0.15  0.76  0.02  
 230 K01913      5483  29 4.52 0.05 1.01 0.06  0.90  0.02  
 231 K01819      5443  39 4.54 0.09 1.10 0.06  0.81  0.01  
 232 K02712      6304 162 4.13 0.19 4.16 0.83  1.86  0.19  
 233 K00341      5536  33 4.59 0.07 1.11 0.05  0.89  0.02  
 234 K00561      5098  46 4.52 0.08 0.44 0.14  0.77  0.01  
 235 K02300      5199  36 4.56 0.08 0.88 0.08  0.74  0.01  
 236 K02399      5147  32 4.54 0.06 0.76 0.08  0.75  0.01  
 237 K01938      5323  43 4.57 0.08 1.08 0.09  0.74  0.01  
 238 K04024      5282  39 4.55 0.04 0.97 0.07  0.83  0.02  
 239 K02137      5360  43 4.40 0.12 0.96 0.07  0.83  0.02  
 240 K00241      5046  39 4.49 0.07 0.43 0.14  0.75  0.01  
 241 K02071      5243  42 4.48 0.07 0.77 0.08  0.84  0.02  
 242 K01535      5809  47 4.50 0.10 0.89 0.10  0.93  0.02  
 243 K00312      6194  90 4.25 0.17 1.95 0.21  1.47  0.07  
 244 K02593      6176  45 4.37 0.08 1.79 0.09  1.48  0.05  
 245 K04296      5663  40 4.38 0.14 1.17 0.11  0.96  0.02  
 246 K00075      5951  25 3.71 0.04 1.46 0.04  2.55  0.13  
 247 K01909      5910  36 4.42 0.08 1.13 0.07  1.01  0.02  
 248 K03017      5573  38 4.47 0.08 0.97 0.07  0.90  0.02  
 249 K04053      6044  41 4.51 0.08 1.31 0.08  1.01  0.02  
 250 K04774      5243  32 4.59 0.04 0.64 0.09  0.82  0.01  
 251 K02119      5073  43 4.53 0.07 1.03 0.08  0.79  0.02  
 252 K02864      5866  31 4.36 0.11 1.07 0.06  1.01  0.02  
 253 K01947      6012  38 4.08 0.07 1.48 0.05  1.24  0.03  
 254 K01428      5084  50 4.48 0.11 1.24 0.10  0.67  0.01  
 255 K02261      5125  43 4.58 0.07 0.82 0.09  0.78  0.01  
 256 K00137      5410  25 4.40 0.07 0.81 0.05  0.94  0.02  
 257 K00579      5155  46 4.54 0.07 0.91 0.08  0.76  0.01  
 258 K06971      5059  60 4.59 0.13 0.91 0.13  0.67  0.01  
 259 K00457      5068  46 4.45 0.13 0.89 0.08  0.76  0.01  
 260 K01557      4988  67 4.53 0.08 1.43 0.12  0.65  0.01  
 261 K02498      5230  43 4.59 0.08 0.69 0.10  0.82  0.02  
 262 K00385      5478  32 4.48 0.07 0.82 0.06  0.92  0.02  
 263 K02290      5186  50 4.47 0.14 1.19 0.10  0.67  0.01  
 264 K00870      5117  79 4.11 0.22 2.03 0.13  0.62  0.01  
 265 K01808      6248  50 4.51 0.10 1.38 0.09  1.08  0.03  
 266 K02581      5523  43 4.59 0.09 0.86 0.07  0.89  0.02  
 267 K00361      5716  26 4.55 0.03 0.94 0.06  0.96  0.02  
 268 K01871      4892  60 4.34 0.18 1.19 0.12  0.69  0.01  
 269 K00416      5166  56 4.58 0.09 0.71 0.12  0.75  0.02  
 270 K01221      4907  33 3.49 0.07 1.05 0.04  2.88  0.18  
 271 K02848      5760  29 4.30 0.10 1.14 0.04  1.33  0.04  
 272 K00440      5034  56 4.44 0.13 0.77 0.09  0.81  0.02  
 273 K00116      5920  22 4.38 0.08 1.03 0.04  1.05  0.02  
 274 K01623      5790  35 4.17 0.05 1.24 0.05  1.62  0.06  
 275 K03310      5459  32 4.53 0.08 0.93 0.05  0.90  0.02  
 276 K00122      5693  15 4.23 0.06 1.07 0.03  1.42  0.04  
 277 K01162      5744  31 4.44 0.06 0.95 0.08  1.12  0.03  
 278 K03111      6004 155 4.73 0.25 2.35 0.53  1.10  0.07  
 279 K04409      6002  30 4.43 0.07 1.27 0.05  1.24  0.03  
 280 K01813      5389  29 4.52 0.04 1.10 0.06  0.83  0.01  
 281 K00991      5596  33 4.59 0.07 1.13 0.06  0.86  0.02  
 282 K02462      6078  42 4.12 0.06 1.54 0.07  1.72  0.07  
 283 K00612      5226  54 4.53 0.09 0.87 0.10  0.78  0.02  
 284 K00689      5460  46 4.48 0.11 0.69 0.09  0.83  0.02  
 285 K04109      5001  63 4.52 0.08 0.81 0.13  0.77  0.02  
 286 K02926      5183  67 3.41 0.19 1.42 0.13  0.48  0.01  
 287 K01825      5476  58 4.49 0.13 1.43 0.09  0.81  0.02  
 288 K00163      5165  29 4.48 0.07 0.68 0.08  1.01  0.02  
 289 K01824      6066  47 4.38 0.14 1.12 0.09  1.09  0.03  
 290 K00297      6280  61 4.48 0.08 1.64 0.10  1.33  0.05  
 291 K00279      6340 162 4.34 0.24 2.36 0.32  1.63  0.14  
 292 K00344      5644  26 4.48 0.07 0.85 0.06  0.89  0.02  
 293 K00328      5781  20 4.33 0.04 1.16 0.05  1.20  0.03  
 294 K01856      5220  36 4.48 0.06 0.59 0.09  0.78  0.01  
 295 K00115      5949  41 4.40 0.14 1.33 0.09  1.04  0.02  
 296 K00431      5334  57 4.63 0.12 0.94 0.11  0.73  0.01  
 297 K04070      5029  53 4.56 0.08 0.97 0.10  0.75  0.02  
 298 K01854      5618  33 4.43 0.11 0.97 0.06  0.93  0.02  
 299 K04246      5628  38 4.58 0.09 1.32 0.06  0.94  0.02  
 300 K00356      5486  25 4.47 0.08 0.86 0.06  0.93  0.02  
 301 K02741      5932  31 4.55 0.06 0.97 0.06  1.02  0.02  
 302 K02717      6128  41 4.32 0.09 1.38 0.08  1.23  0.03  
 303 K01706      5225  42 4.49 0.04 0.88 0.07  0.84  0.02  
 304 K03194      6361  76 4.07 0.12 1.83 0.10  1.72  0.09  
 305 K00118      5867  31 4.34 0.09 1.10 0.05  1.41  0.04  
 306 K03103      5952  36 4.44 0.09 1.17 0.06  1.22  0.09  
 307 K04199      5276  60 4.55 0.10 1.05 0.10  0.74  0.02  
 308 K00569      5208  53 4.84 0.11 1.08 0.13  0.71  0.01  
 309 K02916      5026  56 4.53 0.07 0.48 0.15  0.77  0.02  
 310 K00294      6039  40 4.28 0.08 1.17 0.08  1.15  0.03  
 311 K01883      6220  50 4.30 0.14 1.44 0.08  1.55  0.06  
 312 K03251      5930  42 4.28 0.10 1.12 0.06  1.27  0.04  
 313 K00296      5853  36 4.39 0.11 1.08 0.07  1.08  0.03  
 314 K04188      6070  50 4.63 0.07 1.44 0.10  1.05  0.03  
 315 K03249      6069  50 4.32 0.11 1.29 0.08  1.25  0.04  
 316 K01431      5535  25 4.53 0.02 0.84 0.05  0.96  0.02  
 317 K03202      5302  33 3.89 0.08 1.10 0.05  2.34  0.12  
 318 K02833      6206  55 4.22 0.07 1.42 0.13  1.30  0.04  
 319 K00123      5971  21 4.21 0.04 1.23 0.03  1.35  0.03  
 320 K00006      6311 106 4.26 0.11 2.26 0.20  1.33  0.07  
 321 K02762      4865  77 4.48 0.14 1.15 0.15  0.72  0.02  
 322 K00094      6267  36 4.29 0.08 1.53 0.06  1.39  0.04  
 323 K03083      5858  33 4.42 0.11 1.06 0.05  1.13  0.03  
 324 K00285      5996  42 4.13 0.06 1.51 0.05  1.78  0.07  
 325 K02260      6282  90 4.45 0.16 2.24 0.24  1.34  0.06  
 326 K01979      5735  26 4.34 0.08 1.07 0.05  1.15  0.05  
 327 K02694      4773  86 4.51 0.11 0.69 0.21  0.72  0.02  
 328 K02149      6250  84 4.32 0.11 1.88 0.11  1.47  0.07  
 329 K01989      5782  36 4.57 0.07 0.95 0.07  0.98  0.02  
 330 K01199      4922  56 4.51 0.08 0.90 0.11  0.71  0.01  
 331 K00700      5764  42 4.46 0.09 0.99 0.12  0.90  0.02  
 332 K01751      5191  53 4.58 0.10 0.94 0.10  0.75  0.02  
 333 K02915      5645  36 4.46 0.11 0.97 0.06  0.92  0.02  
 334 K03097      5934  42 4.03 0.07 1.53 0.07  1.63  0.06  
 335 K02339      4954  67 4.67 0.14 1.23 0.13  0.67  0.01  
 336 K01835      5099  43 4.63 0.07 1.03 0.09  1.11  0.03  
 337 K00007      5852  20 4.19 0.06 1.20 0.03  1.52  0.04  
 338 K01779      5777  49 4.51 0.09 1.50 0.07  1.00  0.02  
 339 K01980      5481  39 4.51 0.07 0.91 0.06  0.87  0.02  
 340 K03925      5373  29 4.60 0.07 0.99 0.06  0.81  0.01  
 341 K02007      5881  36 4.48 0.07 1.18 0.07  1.01  0.02  
 342 K04011      6041  38 4.44 0.10 1.07 0.05  1.29  0.04  
 343 K01218      5707  22 4.54 0.03 0.90 0.05  1.04  0.02  
 344 K04716      6094  42 4.32 0.10 1.26 0.07  1.39  0.04  
 345 K04613      5483  29 4.50 0.05 0.80 0.06  0.82  0.01  
 346 K02961      6115  47 4.36 0.15 1.29 0.07  1.21  0.03  
 347 K04288      6022  42 4.32 0.14 1.31 0.06  1.40  0.04  
 348 K00108      5962  15 4.21 0.04 1.25 0.03  1.50  0.04  
 349 K03456      5666  40 4.64 0.07 1.04 0.10  1.21  0.03  
 350 K02202      5255  40 4.46 0.10 1.01 0.07  0.82  0.02  
 351 K00624      5706  36 4.65 0.10 1.09 0.06  0.90  0.02  
 352 K02931      5237  50 4.58 0.13 1.22 0.11  0.70  0.01  
 353 K03422      5817  36 4.57 0.04 1.26 0.06  1.07  0.02  
 354 K02393      4868  49 4.51 0.06 0.66 0.14  0.73  0.01  
 355 K01715      5827  41 4.18 0.11 0.95 0.08  1.17  0.03  
 356 K01831      5283  32 4.47 0.09 0.93 0.06  0.84  0.02  
 357 K04160      5815  26 4.55 0.05 1.21 0.05  0.97  0.02  
 358 K01169      5677  25 4.44 0.07 0.96 0.03  1.05  0.02  
 359 K01805      5512  29 4.54 0.07 1.11 0.06  0.86  0.02  
 360 K02875      5076  53 4.53 0.07 0.87 0.10  0.69  0.01  
 361 K01528      5365  40 4.61 0.04 0.66 0.10  0.86  0.02  
 362 K02366      6142  63 4.16 0.08 1.56 0.09  1.27  0.04  
 363 K03245      6116  57 4.27 0.14 1.09 0.10  1.35  0.05  
 364 K03908      5911  38 4.23 0.11 1.19 0.06  1.92  0.08  
 365 K06927      4973  67 4.59 0.11 0.93 0.14  0.73  0.02  
 366 K00709      5438  36 4.55 0.09 0.83 0.06  0.85  0.02  
 367 K03358      5349  36 4.49 0.07 0.97 0.08  0.86  0.02  
 368 K02469      5241  90 4.55 0.14 1.68 0.14  0.72  0.02  
 369 K00150      5557  46 4.41 0.11 0.79 0.09  0.92  0.02  
 370 K00695      5752  33 4.38 0.09 0.91 0.10  0.93  0.02  
 371 K02484      5725  41 4.10 0.06 1.01 0.10  1.49  0.05  
 372 K02737      5644  22 4.17 0.06 1.13 0.04  1.60  0.05  
 373 K02859      5269  39 4.53 0.07 0.58 0.08  0.97  0.02  
 374 K02409      5098  46 4.44 0.14 0.95 0.11  0.71  0.01  
 375 K01165      5369  36 4.49 0.06 0.80 0.08  0.86  0.02  
 376 K01537      6198  70 3.98 0.10 2.10 0.16  1.81  0.09  
 377 K04251      5614  29 4.60 0.05 1.02 0.06  0.90  0.02  
 378 K02486      6072  70 4.23 0.11 1.46 0.08  1.06  0.13  
 379 K00577      5171  46 4.61 0.08 0.80 0.11  0.83  0.02  
 380 K05236      6113  57 4.47 0.14 1.20 0.12  1.06  0.03  
 381 K03378      5636  47 4.23 0.11 0.82 0.09  0.92  0.02  
 382 K00638      5729  26 4.49 0.04 0.91 0.06  0.92  0.02  
 383 K04659      5618  43 4.50 0.04 0.90 0.07  0.93  0.02  
 384 K05949      5883  51 4.54 0.10 1.09 0.10  1.03  0.03  
 385 K04482      6338  84 4.50 0.12 1.86 0.15  1.25  0.05  
 386 K00308      6207 111 4.32 0.22 2.80 0.52  1.44  0.08  
 387 K02273      6046  41 4.41 0.11 1.32 0.07  1.22  0.03  
 388 K03195      6094  77 3.85 0.10 1.55 0.15  2.16  0.14  
 389 K00686      5702  43 4.51 0.10 0.88 0.07  1.06  0.03  
 390 K00117      5971  20 4.27 0.06 1.21 0.04  1.45  0.04  
 391 K00520      5112  63 4.55 0.09 0.76 0.11  0.80  0.02  
 392 K00350      5839  40 4.60 0.07 1.11 0.06  0.99  0.02  
 393 K00277      6068  26 4.07 0.05 1.60 0.07  1.64  0.05  
 394 K02743      5605  31 4.52 0.03 1.02 0.06  0.93  0.02  
 395 K01606      5377  42 4.47 0.06 0.65 0.07  0.89  0.02  
 396 K02970      6200  65 4.36 0.16 1.35 0.12  1.14  0.04  
 397 K02110      6326 275 4.07 0.28 3.32 1.07  1.49  0.20  
 398 K03180      6179  70 3.81 0.14 1.63 0.07  2.83  0.23  
 399 K03052      5413  36 4.60 0.09 0.79 0.08  1.14  0.03  
 400 K03008      6022  40 4.06 0.07 1.15 0.08  1.75  0.07  
 401 K01655      5620  36 4.55 0.07 0.91 0.06  0.91  0.02  
 402 K02538      5188  46 4.77 0.11 0.99 0.12  0.98  0.03  
 403 K02555      6215  57 4.50 0.09 1.43 0.11  1.11  0.03  
 404 K01316      5917  25 4.17 0.08 1.38 0.04  1.87  0.07  
 405 K03683      6201 106 4.19 0.21 3.72 0.97  1.60  0.10  
 406 K02159      5747  44 4.57 0.09 1.00 0.07  0.99  0.02  
 407 K02426      5395  32 4.42 0.13 0.86 0.06  0.94  0.02  
 408 K04441      5041  39 4.54 0.06 0.95 0.09  0.73  0.01  
 409 K00360      6028  41 4.38 0.09 1.02 0.08  1.18  0.03  
 410 K04556      5508  22 3.89 0.05 1.08 0.04  2.18  0.09  
 411 K01411      5694  33 4.44 0.11 0.95 0.05  1.19  0.03  
 412 K03382      5469  44 4.56 0.08 0.89 0.08  0.98  0.02  
 413 K02026      6063  45 4.45 0.10 1.07 0.09  1.00  0.02  
 414 K02632      6285 120 3.99 0.07 2.46 0.28  2.23  0.21  
 415 K03288      5425  32 4.61 0.07 0.88 0.07  0.83  0.01  
 416 K01596      4964  70 4.60 0.11 0.95 0.15  0.74  0.02  
 417 K01802      5979  47 4.55 0.07 1.12 0.08  0.99  0.02  
 418 K01886      6182  80 4.22 0.14 3.13 0.48  1.65  0.08  
 419 K04446      5198  32 3.95 0.11 0.94 0.05  2.04  0.09  
 420 K03236      6046 176 4.32 0.21 3.25 0.76  1.54  0.14  
 421 K01116      5802  38 4.46 0.10 0.93 0.06  1.05  0.02  
 422 K01862      5612  22 4.36 0.06 0.90 0.05  0.97  0.02  
 423 K00343      5849  30 4.43 0.10 1.20 0.05  1.11  0.02  
 424 K02749      6209  91 4.04 0.12 2.21 0.23  2.42  0.20  
 425 K07016      5817  44 4.49 0.08 1.14 0.06  1.08  0.03  
 426 K01923      5413  50 4.49 0.09 0.92 0.08  0.89  0.02  
 427 K04651      5801  58 4.65 0.17 1.35 0.10  0.97  0.02  
 428 K02002      5989  42 4.45 0.10 1.21 0.07  1.12  0.03  
 429 K04301      6261  80 4.47 0.14 1.17 0.16  1.15  0.04  
 430 K01930      5984  42 4.11 0.10 1.55 0.08  1.77  0.07  
 431 K05782      5122  36 3.72 0.09 1.05 0.05  3.62  0.30  
 432 K00110      6128  60 4.20 0.15 1.72 0.16  1.26  0.04  
 433 K01621      6187  45 4.16 0.11 1.65 0.09  1.97  0.09  
 434 K00568      5430  36 4.57 0.06 1.04 0.07  0.87  0.02  
 435 K02556      5548  43 4.47 0.11 0.97 0.08  0.87  0.02  
 436 K00666      5676  36 4.56 0.04 1.06 0.05  0.99  0.02  
 437 K00635      6220  55 4.58 0.07 1.35 0.10  1.10  0.03  
 438 K04157      6116 134 4.10 0.17 2.19 0.28  1.28  0.08  
 439 K02403      6194  50 4.40 0.12 1.55 0.08  1.19  0.03  
 440 K00475      5382  94 4.51 0.15 1.63 0.19  0.73  0.02  
 441 K00370      6145  50 4.13 0.12 1.89 0.10  1.90  0.09  
 442 K03371      5486  33 4.49 0.06 1.08 0.07  1.07  0.02  
 443 K01898      5814  42 4.48 0.07 1.14 0.06  1.17  0.03  
 444 K02143      5428  39 4.52 0.07 0.87 0.06  0.86  0.02  
 445 K02968      6232  81 3.93 0.14 2.20 0.23  2.19  0.15  
 446 K02668      5511  32 4.57 0.08 0.91 0.05  0.88  0.02  
 447 K00401      5388  32 4.45 0.06 0.83 0.06  1.01  0.02  
 448 K03283      4980  67 4.55 0.12 1.30 0.13  0.67  0.01  
 449 K01818      5615  33 4.69 0.08 1.21 0.06  0.85  0.02  
 450 K03046      5735  31 4.42 0.13 1.06 0.05  1.17  0.03  
 451 K02342      5974  52 4.26 0.14 1.43 0.16  1.26  0.04  
 452 K01367      5025  53 4.46 0.09 0.73 0.11  0.72  0.01  
 453 K01576      5536  40 4.41 0.14 0.96 0.06  0.94  0.02  
 454 K00672      5547  26 4.49 0.07 0.86 0.05  0.91  0.02  
 455 K04686      5749  38 4.00 0.06 1.28 0.04  1.97  0.09  
 456 K00981      5106  11 3.36 0.06 1.15 0.02  5.17  0.48  
 457 K02781      5805  47 4.11 0.10 1.03 0.12  1.64  0.06  
 458 K04374      5468  43 4.47 0.10 0.94 0.07  0.89  0.02  
 459 K01826      5870  36 4.25 0.06 1.14 0.07  1.12  0.03  
 460 K02763      4971  54 4.54 0.11 1.21 0.10  0.70  0.01  
 461 K00327      6003  46 4.23 0.08 1.39 0.09  1.20  0.03  
 462 K04054      5304  43 4.52 0.07 1.02 0.08  0.79  0.02  
 463 K00517      5577  47 4.58 0.10 1.20 0.07  0.90  0.02  
 464 K04699      6185  63 4.38 0.11 1.11 0.08  1.23  0.04  
 465 K03823      5707  33 4.60 0.06 1.03 0.06  0.93  0.02  
 466 K00124      6016  47 4.28 0.09 1.33 0.09  1.25  0.04  
 467 K00017      5699  22 4.34 0.07 1.02 0.04  1.28  0.03  
 468 K04421      6118  45 4.22 0.11 1.30 0.07  1.37  0.04  
 469 K02529      5022  65 4.30 0.16 1.92 0.12  0.65  0.01  
 470 K04318      6345 210 4.14 0.30 3.29 1.71  1.32  0.12  
 471 K00574      5109  63 4.61 0.10 0.30 0.24  0.76  0.02  
 472 K02367      6204  50 4.35 0.12 1.45 0.08  1.44  0.05  
 473 K04037      6188  60 4.30 0.15 2.03 0.17  1.25  0.04  
 474 K04961      4893  84 4.65 0.13 0.98 0.18  0.78  0.02  
 475 K01379      5812  38 4.50 0.09 1.02 0.08  1.01  0.02  
 476 K03234      6155 155 4.48 0.22 2.16 0.42  1.65  0.15  
 477 K02733      4960  43 4.46 0.09 1.38 0.08  1.34  0.14  
 478 K00664      5779  32 4.47 0.10 1.10 0.05  1.09  0.02  
 479 K00582      5194  42 4.59 0.07 1.07 0.07  0.77  0.01  
 480 K02037      4983  53 4.56 0.06 1.11 0.10  0.74  0.02  
 481 K00717      5633  29 4.38 0.06 0.99 0.05  1.20  0.03  
 482 K02590      6363 127 4.24 0.17 2.27 0.25  2.16  0.20  
 483 K01536      5986  30 4.35 0.06 1.29 0.05  1.45  0.04  
 484 K00853      4986  60 4.49 0.10 1.12 0.11  0.68  0.01  
 485 K01598      5519  47 4.35 0.10 1.03 0.08  0.85  0.02  
 486 K00481      5217  39 4.53 0.07 0.65 0.10  0.78  0.01  
 487 K00534      5302  47 4.47 0.12 0.88 0.08  0.84  0.02  
 488 K03787      5733  36 4.54 0.06 1.08 0.06  0.94  0.02  
 489 K03220      6386 190 4.51 0.17 2.95 0.68  1.69  0.18  
 490 K00543      5168  43 4.37 0.13 0.85 0.08  0.79  0.02  
 491 K00567      5509  40 4.40 0.11 0.81 0.09  0.84  0.02  
 492 K00993      5611  49 4.42 0.12 1.15 0.11  0.83  0.02  
 493 K02545      6046  55 3.78 0.15 1.75 0.08  2.23  0.13  
 494 K04159      5263  63 4.60 0.10 0.58 0.14  0.88  0.02  
 495 K02828      4933  67 4.60 0.19 1.38 0.14  0.64  0.01  
 496 K02960      6030  30 4.39 0.07 1.37 0.05  1.18  0.03  
 497 K03384      6124  40 4.47 0.10 1.34 0.07  1.26  0.03  
 498 K04746      4930  63 4.53 0.13 1.04 0.12  1.09  0.06  
 499 K01931      5413  39 4.54 0.07 0.88 0.08  0.78  0.01  
 500 K01463      6567  98 4.06 0.08 2.52 0.24  1.69  0.10  
 501 K01944      5700  30 4.54 0.06 1.12 0.06  0.90  0.02  
 502 K02396      5321  50 4.46 0.11 0.96 0.08  0.80  0.02  
 503 K04383      5736  33 4.50 0.06 0.87 0.07  0.93  0.02  
 504 K03943      6139  60 4.09 0.11 1.48 0.12  1.50  0.06  
 505 K00464      5444  57 4.52 0.10 1.03 0.10  0.90  0.02  
 506 K00301      6260  55 4.39 0.11 1.63 0.11  1.41  0.05  
 507 K00159      6060  42 4.33 0.11 1.21 0.08  1.15  0.03  
 508 K02408      5514  29 4.53 0.04 0.75 0.07  0.93  0.02  
 509 K02722      6176  50 4.47 0.09 1.26 0.10  1.10  0.03  
 510 K00874      5159  61 4.52 0.08 1.27 0.11  0.77  0.02  
 511 K01311      5889  40 4.22 0.11 1.09 0.09  1.08  0.03  
 512 K02829      6000  40 4.21 0.07 1.17 0.06  1.45  0.05  
 513 K00986      5496  29 4.55 0.04 0.98 0.06  0.94  0.02  
 514 K01530      6000  57 4.25 0.11 1.24 0.17  1.27  0.04  
 515 K00377      5794  29 4.51 0.03 0.95 0.04  0.99  0.02  
 516 K01315      6177  45 4.50 0.07 1.26 0.08  1.19  0.03  
 517 K04411      6082  58 4.20 0.14 1.17 0.10  1.10  0.03  
 518 K00201      5652  55 4.61 0.11 1.32 0.09  0.99  0.03  
 519 K03315      5602  47 4.24 0.16 0.59 0.11  0.98  0.02  
 520 K01754      6149  55 4.25 0.11 1.63 0.12  1.20  0.04  
 521 K02422      5271  53 4.60 0.08 0.89 0.10  0.79  0.02  
 522 K00692      5707  29 4.35 0.07 1.02 0.06  1.10  0.02  
 523 K00892      5217  99 4.86 0.18 1.19 0.18  0.73  0.02  
 524 K00427      5331  53 4.58 0.06 0.72 0.11  0.83  0.02  
 525 K00628      5756  49 4.43 0.13 0.80 0.11  0.98  0.02  
 526 K02162      5694  47 4.31 0.14 0.84 0.10  0.92  0.02  
 527 K00694      5691  36 4.44 0.13 1.00 0.05  0.95  0.02  
 528 K00655      6176  45 4.30 0.13 1.46 0.09  1.27  0.04  
 529 K02951      5661  29 4.34 0.09 0.85 0.06  1.30  0.06  
 530 K04356      4819  93 4.61 0.18 1.34 0.19  0.68  0.02  
 531 K00479      5549  31 4.36 0.07 0.95 0.06  0.95  0.02  
 532 K01282      6208  77 4.23 0.14 1.54 0.15  1.64  0.08  
 533 K00318      6383 190 4.64 0.21 2.73 0.54  1.70  0.18  
 534 K00127      5574  29 4.44 0.09 1.06 0.05  1.00  0.02  
 535 K01275      5978  36 4.50 0.08 1.24 0.07  1.20  0.03  
 536 K02956      6462 155 4.24 0.13 2.67 0.33  2.02  0.21  
 537 K01270      5252  60 4.52 0.06 0.90 0.09  0.82  0.02  
 538 K04400      5830  26 4.41 0.04 0.96 0.06  1.07  0.02  
 539 K04329      6271  80 4.45 0.13 2.02 0.18  1.95  0.12  
 540 K00157      5800  25 4.34 0.04 1.07 0.04  1.11  0.02  
 541 K00835      5031  63 4.48 0.11 0.96 0.10  0.77  0.02  
 542 K04850      5603  26 4.36 0.05 0.98 0.05  0.95  0.02  
 543 K00682      5622  29 4.43 0.11 0.95 0.05  1.07  0.02  
 544 K01279      5763  26 4.38 0.08 1.08 0.06  1.06  0.02  
 545 K01928      5914  31 4.54 0.04 0.99 0.05  1.09  0.02  
 546 K01532      6284  50 4.52 0.11 1.67 0.10  1.40  0.05  
 547 K00584      5527  43 4.39 0.14 0.98 0.06  1.00  0.02  
 548 K00289      5905  30 4.05 0.06 1.20 0.07  1.73  0.06  
 549 K00598      5244  50 4.57 0.08 0.84 0.08  0.81  0.02  
 550 K03346      5948  35 4.32 0.08 1.31 0.07  1.17  0.03  
 551 K00291      5801  26 4.23 0.06 1.25 0.05  1.63  0.05  
 552 K00711      5590  29 4.52 0.02 0.84 0.06  1.06  0.02  
 553 K01901      6056  42 4.41 0.14 1.19 0.07  1.17  0.03  
 554 K03021      5925  33 4.53 0.08 1.04 0.06  1.03  0.02  
 555 K00139      5937  29 4.42 0.09 1.05 0.05  1.13  0.03  
 556 K00825      5167  75 4.51 0.12 1.17 0.11  0.75  0.02  
 557 K04674      5733  20 4.34 0.07 0.97 0.04  1.20  0.03  
 558 K00319      5944  40 3.99 0.04 1.44 0.06  2.11  0.10  
 559 K00550      5742  36 4.57 0.06 0.93 0.06  0.95  0.02  
 560 K00884      5010  83 4.64 0.07 0.33 0.32  0.81  0.02  
 561 K02009      5676  26 4.27 0.08 1.03 0.07  1.11  0.02  
 562 K00654      5832  40 4.50 0.08 0.96 0.07  0.99  0.02  
 563 K00332      5840  40 4.33 0.11 1.16 0.05  1.54  0.05  
 564 K03928      6218  65 4.46 0.13 1.48 0.13  1.31  0.05  
 565 K00107      5990  42 4.33 0.15 1.33 0.06  1.61  0.06  
 566 K02815      5930  42 4.26 0.16 1.19 0.06  1.20  0.03  
 567 K02039      5482  46 4.43 0.13 1.13 0.07  0.92  0.02  
 568 K03023      6273 100 4.48 0.14 2.89 0.50  1.26  0.06  
 569 K02805      5899  41 4.20 0.07 0.96 0.08  1.26  0.04  
 570 K00444      5711  31 4.42 0.14 1.01 0.06  0.92  0.02  
 571 K04072      5913  33 4.40 0.11 1.27 0.05  1.22  0.03  
 572 K02979      5977  49 4.05 0.08 1.18 0.08  1.29  0.04  
 573 K04222      5601  33 4.46 0.07 1.02 0.07  1.28  0.03  
 574 K00683      5911  31 4.51 0.07 0.92 0.05  1.10  0.02  
 575 K01929      5708  22 4.14 0.04 1.15 0.04  1.81  0.06  
 576 K02729      5695  44 4.27 0.14 0.77 0.09  1.06  0.03  
 577 K01858      5401  50 4.50 0.10 1.14 0.08  0.81  0.02  
 578 K02863      5761  29 4.35 0.06 0.90 0.07  1.14  0.03  
 579 K00555      5351  39 4.49 0.09 0.86 0.06  0.85  0.02  
 580 K01878      6243  76 4.46 0.12 1.78 0.12  1.38  0.06  
 581 K02585      5905  53 4.13 0.19 1.09 0.13  1.17  0.03  
 582 K04581      5924  42 4.46 0.10 1.35 0.06  1.19  0.03  
 583 K03012      5497  36 4.06 0.10 0.99 0.09  1.84  0.07  
 584 K02758      5159  40 3.50 0.07 1.25 0.05  3.70  0.32  
 585 K00355      6145  41 4.35 0.13 1.64 0.08  1.30  0.04  
 586 K02332      5305  29 4.03 0.07 0.94 0.05  1.93  0.08  
 587 K00661      5985  29 4.56 0.04 1.09 0.05  0.98  0.02  
 588 K00679      5945  30 4.22 0.04 1.23 0.06  1.46  0.04  
 589 K02073      4968  68 4.56 0.10 0.69 0.14  0.72  0.02  
 590 K02913      5803  47 4.44 0.14 1.04 0.06  1.67  0.07  
 591 K05790      5132  67 4.51 0.12 1.28 0.11  0.73  0.02  
 592 K01917      6027  35 4.36 0.04 1.25 0.08  1.09  0.03  
 593 K00439      5432  36 4.46 0.11 0.97 0.06  0.98  0.02  
 594 K03608      5910  42 4.44 0.13 1.14 0.07  1.22  0.03  
 595 K01860      5761  44 4.45 0.13 1.14 0.06  1.01  0.02  
 596 K00644      5889  74 4.54 0.13 1.29 0.13  1.36  0.06  
 597 K02246      5681  33 4.47 0.06 0.83 0.08  0.94  0.02  
 598 K05689      4879  63 4.42 0.18 0.98 0.13  0.72  0.02  
 599 K01426      5710  31 4.51 0.03 1.09 0.07  0.89  0.02  
 600 K00049      5858  41 4.40 0.12 1.33 0.09  1.30  0.04  
 601 K02105      5926  42 4.45 0.09 1.18 0.07  1.02  0.02  
 602 K00857      5127  49 4.54 0.06 0.68 0.11  0.83  0.02  
 603 K01945      5372  36 4.45 0.11 0.91 0.07  0.93  0.02  
 604 K01360      5268  67 4.59 0.11 1.47 0.13  0.69  0.01  
 605 K03009      5093  67 4.54 0.11 1.09 0.12  0.77  0.02  
 606 K02046      5648  22 4.27 0.07 1.06 0.04  1.59  0.05  
 607 K00214      5479  43 4.51 0.04 0.89 0.08  1.06  0.03  
 608 K02370      6105 219 4.70 0.33 4.45 0.54  1.40  0.15  
 609 K00658      5968  49 4.50 0.10 1.17 0.08  1.05  0.03  
 610 K03125      6290 105 4.20 0.19 2.53 0.38  1.41  0.07  
 611 K01353      6071  35 4.66 0.06 1.33 0.08  1.01  0.02  
 612 K04663      5594  36 4.05 0.06 1.15 0.04  1.98  0.09  
 613 K02053      6204  50 4.32 0.09 1.58 0.10  1.44  0.05  
 614 K02470      5909  25 4.42 0.06 1.13 0.05  1.24  0.03  
 615 K00165      5215  32 4.45 0.08 0.84 0.08  1.38  0.18  
 616 K03889      5887  33 4.43 0.09 1.10 0.05  1.22  0.03  
 617 K01533      5808  41 4.27 0.03 0.94 0.09  1.00  0.02  
 618 K04002      5203  60 4.62 0.12 0.97 0.11  0.82  0.02  
 619 K01163      5332  54 4.56 0.08 0.97 0.12  0.79  0.02  
 620 K03338      6277  52 4.46 0.10 1.31 0.11  1.19  0.03  
 621 K00528      5365  43 4.47 0.09 0.91 0.09  0.90  0.02  
 622 K00386      6031  35 4.54 0.04 1.34 0.07  1.04  0.02  
 623 K01891      5089  67 4.45 0.14 0.90 0.11  0.79  0.02  
 624 K02492      5787  40 4.32 0.12 1.06 0.08  1.10  0.03  
 625 K04014      6041  41 4.44 0.11 1.26 0.08  1.08  0.03  
 626 K01436      5670  44 4.46 0.11 1.12 0.07  0.96  0.02  
 627 K00203      5635  33 4.34 0.08 1.39 0.06  1.03  0.02  
 628 K02874      5374  50 4.52 0.07 0.77 0.09  0.80  0.02  
 629 K00022      5964  25 4.39 0.11 1.15 0.04  1.27  0.03  
 630 K04431      6301  95 4.25 0.14 1.90 0.24  1.80  0.11  
 631 K04775      5126  43 3.71 0.13 1.13 0.06  2.18  0.12  
 632 K02319      6139  45 4.45 0.10 1.36 0.09  1.23  0.03  
 633 K04580      5948  42 4.15 0.09 1.31 0.09  1.72  0.07  
 634 K02250      5075  67 4.55 0.09 1.10 0.12  0.76  0.02  
 635 K01863      5972  35 4.46 0.08 1.28 0.06  1.12  0.03  
 636 K00433      5341  61 4.48 0.10 1.00 0.10  0.86  0.02  
 637 K03363      5797  26 4.37 0.08 1.12 0.06  1.18  0.03  
 638 K04480      5618  29 4.47 0.08 1.02 0.05  1.14  0.03  
 639 K02559      5852  36 4.52 0.06 1.07 0.07  1.13  0.03  
 640 K01590      5012  82 4.44 0.21 1.30 0.14  0.75  0.03  
 641 K00172      5784  36 4.37 0.11 1.08 0.07  1.22  0.03  
 642 K02289      6127  40 4.40 0.09 1.32 0.07  1.29  0.04  
 643 K00371      5171  40 3.68 0.10 1.09 0.05  3.44  0.28  
 644 K04226      5939  45 4.01 0.10 1.50 0.06  1.96  0.09  
 645 K04018      5516  40 4.55 0.04 0.96 0.08  0.84  0.02  
 646 K02949      5934  33 4.25 0.04 1.27 0.06  1.39  0.04  
 647 K04693      5781  36 4.26 0.07 1.15 0.07  1.44  0.04  
 648 K01984      6051  41 4.49 0.09 1.18 0.06  1.17  0.03  
 649 K01861      6041  50 4.62 0.06 1.54 0.12  1.06  0.03  
 650 K02904      6208  45 4.05 0.09 1.88 0.08  1.75  0.07  
 651 K05039      4956  67 4.48 0.11 0.70 0.15  0.65  0.01  
 652 K00508      5584  51 4.59 0.06 1.13 0.09  1.01  0.03  
 653 K00896      5255  82 4.66 0.16 1.37 0.14  0.76  0.02  
 654 K00128      5686  26 4.34 0.01 1.04 0.05  1.23  0.03  
 655 K02072      5920  49 4.22 0.15 1.22 0.08  1.36  0.04  
 656 K00759      5315  43 4.56 0.08 0.63 0.11  0.78  0.01  
 657 K00307      6090  47 4.52 0.07 1.32 0.10  1.67  0.09  
 658 K04546      6038  40 4.39 0.11 1.19 0.07  1.32  0.04  
 659 K00399      6175  57 4.44 0.14 1.52 0.10  1.64  0.07  
 660 K04841      4930  84 4.60 0.12 0.76 0.22  0.71  0.02  
 661 K02040      5684  26 4.33 0.10 0.95 0.06  1.02  0.02  
 662 K00837      4879  86 4.54 0.09 0.79 0.21  0.77  0.02  
 663 K02603      6182  98 4.02 0.11 3.38 0.62  1.79  0.12  
 664 K00626      6093  68 4.18 0.10 1.26 0.13  1.22  0.04  
 665 K03438      6125  57 4.39 0.11 1.29 0.12  1.13  0.03  
 666 K00333      6145  60 4.24 0.08 1.62 0.11  1.25  0.04  
 667 K00722      6176  60 4.35 0.16 1.47 0.13  1.22  0.04  
 668 K02753      5894  26 4.41 0.08 1.20 0.05  1.30  0.03  
 669 K01629      5915  38 4.41 0.08 1.26 0.05  1.27  0.04  
 670 K00999      5263  72 4.50 0.13 1.23 0.13  0.72  0.02  
 671 K00340      5700  36 4.12 0.07 1.56 0.05  1.81  0.07  
 672 K03240      6097  41 3.84 0.10 1.57 0.06  2.65  0.16  
 673 K03015      5827  30 4.14 0.04 1.27 0.05  1.52  0.05  
 674 K04005      5569  54 4.60 0.10 1.04 0.09  0.92  0.02  
 675 K01609      6057  72 4.34 0.15 1.29 0.18  1.03  0.03  
 676 K00918      5474  36 4.64 0.09 0.92 0.08  0.81  0.01  
 677 K00723      5334  43 4.62 0.08 1.29 0.08  0.82  0.02  
 678 K00906      5097  74 4.51 0.13 0.83 0.13  0.75  0.02  
 679 K00627      6138  36 4.35 0.09 1.40 0.07  1.42  0.04  
 680 K00639      6187  65 4.30 0.15 1.68 0.13  1.26  0.04  
 681 K02148      5654  26 4.08 0.04 1.24 0.04  1.61  0.05  
 682 K05798      5247  71 4.77 0.15 1.36 0.13  0.69  0.02  
 683 K02038      5485  58 4.48 0.10 1.13 0.09  0.88  0.02  
 684 K04103      5450  76 4.59 0.17 1.72 0.15  0.98  0.03  
 685 K03278      5424  42 4.49 0.09 1.01 0.07  0.93  0.02  
 686 K02175      5465  36 4.03 0.08 1.07 0.05  2.13  0.10  
 687 K04335      5778  40 4.25 0.12 0.91 0.08  1.03  0.02  
 688 K00486      5731  49 4.55 0.07 1.06 0.11  1.06  0.03  
 689 K02971      6676 212 4.95 0.06 2.66 0.67  1.71  0.19  
 690 K00442      5885  26 4.43 0.08 0.98 0.05  1.08  0.02  
 691 K00671      6181  45 4.40 0.12 1.34 0.08  1.25  0.04  
 692 K03122      6518 113 4.51 0.13 2.15 0.14  2.27  0.20  
 693 K01567      5091  60 4.66 0.11 0.71 0.16  0.77  0.02  
 694 K02635      6000  66 3.91 0.17 1.99 0.19  1.89  0.10  
 695 K00872      5126  60 4.57 0.09 0.71 0.13  0.82  0.02  
 696 K01608      5862  33 4.26 0.09 1.18 0.06  1.17  0.03  
 697 K01344      6041  68 4.07 0.12 1.15 0.15  1.41  0.06  
 698 K00941      5323  89 4.80 0.19 1.53 0.13  0.80  0.02  
 699 K01240      5623  50 4.54 0.09 1.00 0.08  0.98  0.02  
 700 K01955      6354 113 4.59 0.14 2.04 0.21  1.38  0.08  
 701 K00733      5231  71 4.59 0.11 1.38 0.12  0.69  0.02  
 702 K03060      6237  70 4.10 0.13 1.30 0.11  1.69  0.08  
 703 K00620      5664  49 4.44 0.13 1.47 0.09  0.84  0.02  
 704 K00337      5810  44 4.41 0.14 1.22 0.06  1.19  0.03  
 705 K02479      5361  29 3.97 0.08 1.08 0.04  2.24  0.10  
 706 K01222      5071  36 3.63 0.09 0.99 0.05  3.54  0.29  
 707 K00659      6628 117 4.98 0.01 2.39 0.35  1.23  0.06  
 708 K02831      5794  41 3.96 0.07 1.33 0.07  2.23  0.11  
 709 K00718      5997  30 4.45 0.07 1.12 0.05  1.17  0.03  
 710 K04834      4987  53 3.60 0.09 1.13 0.06  2.54  0.18  
 711 K03065      5843  53 4.57 0.11 1.42 0.10  0.93  0.02  
 712 K01069      5201  63 4.53 0.08 0.74 0.13  0.87  0.02  
 713 K05900      6396 183 4.52 0.18 2.65 0.67  1.41  0.12  
 714 K04765      6295  84 4.55 0.10 1.76 0.13  1.32  0.06  
 715 K01628      6368 127 4.60 0.14 2.06 0.21  1.70  0.13  
 716 K02698      5977  25 4.44 0.06 1.12 0.05  1.21  0.03  
 717 K02443      5878  53 4.29 0.14 1.12 0.11  1.14  0.03  
 718 K01852      6459 120 4.25 0.14 1.54 0.20  1.45  0.09  
 719 K02517      5650  43 4.63 0.07 0.87 0.09  0.98  0.02  
 720 K02331      5883  33 4.19 0.08 1.27 0.05  1.41  0.04  
 721 K01875      5612  40 4.58 0.08 0.80 0.09  0.98  0.02  
 722 K04745      4993 102 4.60 0.20 0.97 0.18  0.69  0.02  
 723 K01951      6103  47 4.23 0.11 1.47 0.11  1.29  0.04  
 724 K00237      5797  53 4.50 0.08 1.11 0.08  1.14  0.03  
 725 K02372      6023  45 4.16 0.07 1.47 0.08  1.46  0.05  
 726 K04198      6023  75 3.60 0.09 1.42 0.19  1.95  0.12  
 727 K00352      5884  25 4.28 0.08 1.19 0.06  1.34  0.03  
 728 K04839      6216  70 4.25 0.12 1.72 0.13  1.47  0.06  
 729 K02768      5396  47 4.61 0.10 0.99 0.09  0.78  0.02  
 730 K02194      5785  44 4.24 0.09 1.05 0.08  1.28  0.04  
 731 K02730      5682  26 4.35 0.08 0.95 0.05  1.31  0.03  
 732 K02333      6114  50 4.41 0.12 1.33 0.13  1.26  0.04  
 733 K00173      5744  38 4.31 0.14 1.06 0.06  1.25  0.03  
 734 K02984      6304  55 4.35 0.13 1.65 0.08  1.73  0.07  
 735 K04792      6000  31 4.63 0.06 1.12 0.07  0.99  0.02  
 736 K02473      5198  46 4.67 0.13 0.97 0.11  0.67  0.01  
 737 K01897      5925  40 4.32 0.08 1.14 0.08  1.17  0.03  
 738 K01220      5319  29 3.96 0.08 0.98 0.05  2.45  0.12  
 739 K02004      5724  33 4.44 0.10 1.02 0.06  1.64  0.06  
 740 K03093      5921  42 4.50 0.06 1.06 0.06  1.41  0.06  
 741 K00409      5859  26 4.45 0.09 1.10 0.05  1.07  0.02  
 742 K01439      6058  31 4.11 0.06 1.40 0.04  1.82  0.07  
 743 K01832      5637  69 4.75 0.17 1.52 0.14  0.82  0.02  
 744 K02279      6037  42 4.40 0.09 1.29 0.07  1.19  0.03  
 745 K01305      5255  49 4.57 0.04 0.59 0.11  0.87  0.02  
 746 K02607      5813  44 4.55 0.05 1.03 0.08  0.95  0.02  
 747 K04907      6032  42 4.36 0.14 1.41 0.06  1.24  0.03  
 748 K00757      5097  67 4.75 0.15 1.06 0.14  0.71  0.02  
 749 K01806      6286  76 4.39 0.20 1.83 0.16  1.26  0.05  
 750 K05269      5479  98 4.75 0.24 1.56 0.21  0.75  0.02  
 751 K00510      5691  54 4.57 0.10 1.11 0.08  1.06  0.03  
 752 K02010      6636 148 4.72 0.18 3.27 0.56  1.41  0.10  
 753 K01812      6034  42 4.33 0.14 1.18 0.07  1.27  0.04  
 754 K02582      5937  30 4.39 0.09 1.36 0.05  1.33  0.04  
 755 K01145      5992  53 4.51 0.08 1.16 0.08  1.10  0.03  
 756 K02534      6183  50 4.45 0.11 1.39 0.09  1.17  0.03  
 757 K00738      5559  61 4.25 0.16 1.08 0.12  0.74  0.02  
 758 K00511      6060  62 4.64 0.10 1.27 0.10  1.09  0.03  
 759 K01378      5638  31 3.93 0.08 1.09 0.07  1.82  0.07  
 760 K00889      5427  57 4.54 0.09 1.07 0.09  0.96  0.03  
 761 K00375      5805  35 4.11 0.10 1.36 0.05  1.68  0.06  
 762 K00168      5942  20 4.17 0.04 1.39 0.05  1.51  0.04  
 763 K01307      5606  47 4.55 0.10 1.00 0.08  0.92  0.02  
 764 K00921      5111  71 4.56 0.09 0.57 0.16  0.81  0.02  
 765 K00633      5823  33 4.20 0.08 1.17 0.06  1.37  0.04  
 766 K01480      5028  93 4.69 0.18 1.44 0.20  0.71  0.02  
 767 K02838      5744  26 4.10 0.03 1.18 0.05  1.65  0.05  
 768 K02732      6121  46 4.09 0.11 1.83 0.09  1.84  0.08  
 769 K02389      5957  33 4.15 0.04 1.27 0.06  1.41  0.04  
 770 K00155      5703  25 4.02 0.03 1.12 0.05  1.64  0.05  
 771 K04144      6025  55 4.54 0.03 1.20 0.11  0.98  0.02  
 772 K00195      5480  65 4.54 0.08 0.62 0.16  0.91  0.02  
 773 K00167      6157  55 3.99 0.11 1.54 0.09  1.45  0.05  
 774 K01299      5011  32 3.41 0.09 1.06 0.04  4.01  0.35  
 775 K00351      6077  25 4.41 0.08 1.29 0.05  1.20  0.03  
 776 K01695      5933  35 4.30 0.10 1.39 0.07  1.40  0.04  
 777 K01126      5486  75 4.69 0.11 0.97 0.15  0.87  0.03  
 778 K01632      6114  50 4.19 0.08 1.70 0.11  1.49  0.05  
 779 K02521      5191  65 4.26 0.17 1.25 0.11  0.71  0.02  
 780 K00662      5942  36 4.10 0.06 1.24 0.06  1.62  0.06  
 781 K04505      6085  91 4.14 0.13 1.65 0.15  1.29  0.06  
 782 K01113      6176  45 4.41 0.11 1.39 0.09  1.26  0.04  
 783 K03451      6034  42 4.41 0.07 1.32 0.07  1.09  0.03  
 784 K02977      6015  41 4.30 0.08 1.13 0.08  1.30  0.04  
 785 K02547      6011  50 4.37 0.09 1.11 0.10  1.19  0.03  
 786 K02785      5870  49 4.42 0.10 1.35 0.08  1.15  0.03  
 787 K00459      5947  58 4.47 0.11 1.09 0.09  1.16  0.04  
 788 K01276      5546  43 4.55 0.07 0.89 0.07  0.98  0.02  
 789 K05888      5280  58 4.53 0.06 0.94 0.11  0.75  0.02  
 790 K04457      6025  75 4.10 0.08 2.07 0.25  1.25  0.05  
 791 K02094      5473  72 4.79 0.19 1.16 0.12  1.00  0.03  
 792 K01338      5801  47 4.53 0.04 1.07 0.10  0.98  0.02  
 793 K00869      5116  77 4.85 0.17 1.08 0.17  0.80  0.02  
 794 K02440      5702  36 4.31 0.14 1.01 0.05  1.34  0.04  
 795 K03811      5786  49 4.36 0.13 1.18 0.09  1.49  0.05  
 796 K00509      5685  71 4.56 0.09 1.28 0.12  0.93  0.03  
 797 K03096      5625  40 4.21 0.12 1.10 0.06  1.68  0.06  
 798 K02043      5902  42 4.37 0.12 1.23 0.08  1.17  0.03  
 799 K04665      5680  31 4.13 0.06 1.08 0.05  1.50  0.05  
 800 K02631      5827  53 4.06 0.12 1.32 0.13  1.56  0.06  
 801 K03867      5580  50 4.55 0.11 0.97 0.08  0.94  0.02  
 802 K01783      6039  42 4.53 0.06 1.25 0.06  1.15  0.03  
 803 K02674      5780  33 4.10 0.04 1.21 0.05  1.72  0.06  
 804 K01563      5225  67 4.68 0.13 0.93 0.12  0.78  0.02  
 805 K03114      6220  85 4.24 0.17 2.06 0.15  2.48  0.20  
 806 K02541      5072  29 3.61 0.07 1.02 0.04  2.76  0.16  
 807 K04430      5140  46 4.51 0.06 1.15 0.08  0.80  0.02  
 808 K04833      5791  20 4.15 0.03 1.23 0.04  1.52  0.04  
 809 K04066      6197 140 4.31 0.31 4.34 0.65  1.40  0.10  
 810 K01864      5661  26 4.10 0.04 1.20 0.05  1.83  0.07  
 811 K00191      5442  47 4.44 0.14 0.84 0.08  0.94  0.02  
 812 K00881      5189  72 4.51 0.12 1.34 0.13  0.73  0.02  
 813 K02516      5439  40 4.02 0.08 1.12 0.06  2.03  0.09  
 814 K00665      6026  38 4.20 0.09 1.47 0.05  1.71  0.06  
 815 K02111      5607  40 4.60 0.09 1.15 0.07  0.92  0.02  
 816 K01466      5181  85 4.66 0.16 1.24 0.14  0.69  0.02  
 817 K02571      5403  71 4.72 0.16 1.36 0.13  1.32  0.06  
 818 K02390      6054  47 4.09 0.11 1.87 0.09  2.73  0.18  
 819 K00020      6089  28 4.26 0.04 1.26 0.04  1.52  0.05  
 820 K02595      6232 160 4.36 0.30 2.40 0.62  1.56  0.13  
 821 K02442      5196  67 4.58 0.13 1.32 0.11  0.82  0.02  
 822 K01120      4948  54 3.42 0.19 1.67 0.05  4.69  0.62  
 823 K01534      6287  84 4.36 0.15 1.93 0.13  1.40  0.06  
 824 K03503      6180  57 4.40 0.13 1.25 0.19  1.26  0.04  
 825 K00647      6103  72 4.14 0.14 1.33 0.19  1.48  0.06  
 826 K05953      5202  99 4.73 0.19 1.05 0.17  0.85  0.03  
 827 K02561      6128  30 4.25 0.09 1.38 0.06  1.39  0.04  
 828 K01161      5518  33 4.49 0.06 0.95 0.06  1.24  0.03  
 829 K03287      5894  47 4.14 0.14 1.44 0.09  1.26  0.04  
 830 K00732      5272  54 4.50 0.10 0.95 0.08  0.85  0.02  
 831 K00474      5967  46 4.47 0.09 1.10 0.09  1.04  0.03  
 832 K00408      5592  49 4.66 0.09 0.90 0.10  0.88  0.02  
 833 K02488      6137  42 4.38 0.13 1.57 0.09  1.43  0.05  
 834 K02153      6218  57 4.33 0.12 1.44 0.10  1.31  0.04  
 835 K02414      5707  43 4.19 0.09 1.09 0.08  1.62  0.06  
 836 K04617      5959  46 4.19 0.11 1.02 0.09  1.39  0.05  
 837 K00018      6368  63 4.09 0.08 1.71 0.10  1.80  0.09  
 838 K00601      5822  57 4.47 0.12 1.43 0.09  0.91  0.02  
 839 K00064      5344  22 3.92 0.06 0.96 0.03  2.54  0.12  
 840 K04298      6187  76 4.11 0.15 1.59 0.22  1.50  0.07  
 841 K00880      5529  71 4.70 0.14 1.02 0.11  0.85  0.02  
 842 K04067      5994  35 4.32 0.06 1.23 0.07  1.12  0.03  
 843 K00388      5885  40 4.17 0.11 1.45 0.06  1.83  0.07  
 844 K03403      5846  36 4.12 0.10 1.34 0.06  1.94  0.08  
 845 K00149      5708  40 3.99 0.09 1.22 0.05  1.91  0.08  
 846 K01242      6255  63 4.41 0.11 1.45 0.09  1.29  0.04  
 847 K01241      4855  47 3.14 0.10 1.26 0.05  4.20  0.47  
 848 K04452      5910  42 4.23 0.09 1.11 0.09  1.49  0.05  
 849 K00806      5461  51 4.53 0.10 1.10 0.10  0.84  0.02  
 850 K04744      5817  36 4.31 0.07 1.13 0.06  1.47  0.05  
 851 K00435      5842  40 4.37 0.11 1.02 0.07  1.05  0.02  
 852 K04204      5917  35 4.30 0.05 1.13 0.06  1.24  0.03  
 853 K02365      6125  42 4.45 0.09 1.20 0.05  1.35  0.04  
 854 K01117      6356 205 3.78 0.26 2.67 0.59  1.91  0.24  
 855 K04215      5465  38 3.98 0.09 1.09 0.07  1.82  0.07  
 856 K01118      6085  42 4.16 0.10 1.20 0.07  1.35  0.04  
 857 K04653      6204  65 4.25 0.13 1.61 0.13  1.45  0.06  
 858 K03680      5755  82 4.47 0.13 1.37 0.13  1.02  0.04  
 859 K00097      6170  36 4.10 0.05 1.48 0.05  2.01  0.09  
 860 K02278      5915  47 4.12 0.07 1.04 0.08  1.45  0.05  
 861 K04312      5638  31 3.91 0.11 0.99 0.06  1.44  0.04  
 862 K00907      5816  62 4.92 0.10 1.07 0.12  0.81  0.02  
 863 K04366      5401  54 4.51 0.09 0.94 0.10  0.80  0.02  
 864 K01960      5847  36 4.24 0.10 1.19 0.06  1.23  0.03  
 865 K00046      5635  26 4.08 0.06 1.13 0.04  1.70  0.06  
 866 K01889      5478  40 4.65 0.06 0.95 0.09  0.81  0.02  
 867 K03425      6184  40 4.08 0.07 1.84 0.10  2.14  0.10  
 868 K04060      5892  40 4.33 0.08 1.25 0.06  1.47  0.05  
 869 K02135      6180  91 4.23 0.13 2.05 0.15  1.51  0.08  
 870 K01216      5978  47 4.07 0.04 1.19 0.07  1.68  0.07  
 871 K06883      5651  65 4.49 0.11 1.36 0.12  0.93  0.03  
 872 K05929      5596  47 4.56 0.11 0.91 0.09  1.05  0.03  
 873 K00645      5870  35 4.12 0.08 1.10 0.07  1.75  0.06  
 874 K02374      5812  47 4.52 0.08 0.84 0.08  1.18  0.03  
 875 K04978      5589  76 4.61 0.16 1.13 0.13  0.88  0.03  
 876 K00415      5734  38 4.23 0.04 0.84 0.08  1.28  0.04  
 877 K00456      5656  33 4.47 0.07 0.92 0.07  1.06  0.02  
 878 K02840      5732  36 4.21 0.08 1.28 0.06  1.57  0.05  
 879 K02047      6172  57 4.42 0.13 1.42 0.11  1.21  0.04  
 880 K04822      5849  42 4.13 0.11 1.10 0.06  1.67  0.06  
 881 K02022      5882  49 4.66 0.13 1.63 0.08  0.99  0.02  
 882 K01893      5743  44 4.14 0.11 1.04 0.09  1.32  0.04  
 883 K01001      6201  75 3.90 0.19 2.13 0.16  2.03  0.12  
 884 K02012      5729  53 4.61 0.09 1.22 0.10  0.96  0.02  
 885 K01412      6021  42 4.33 0.12 1.36 0.06  1.50  0.05  
 886 K04212      6213  63 4.48 0.07 1.48 0.10  1.28  0.04  
 887 K04230      5843  58 3.95 0.11 1.00 0.11  1.46  0.06  
 888 K04121      5419 109 4.61 0.24 1.63 0.35  0.78  0.03  
 889 K01148      6142  52 4.30 0.15 1.56 0.08  1.25  0.04  
 890 K00171      6137  77 4.18 0.11 2.00 0.14  1.43  0.06  
 891 K04614      6071  45 4.22 0.11 1.38 0.07  1.36  0.04  
 892 K01850      5944  36 4.30 0.13 1.28 0.07  1.29  0.04  
 893 K00393      6173  75 4.23 0.14 2.39 0.29  1.52  0.07  
 894 K02714      6059  46 4.08 0.07 1.48 0.08  1.74  0.07  
 895 K04601      6225  76 4.28 0.16 1.99 0.14  1.40  0.06  
 896 K03946      6278  90 3.93 0.11 1.89 0.24  1.79  0.11  
 897 K00573      5673  44 4.40 0.13 1.07 0.07  1.05  0.03  
 898 K01336      5778  60 4.42 0.13 1.16 0.09  1.00  0.03  
 899 K00670      5682  29 4.26 0.06 1.06 0.04  1.64  0.05  
 900 K00721      5842  33 4.09 0.03 1.30 0.05  1.66  0.06  
 901 K03419      6488 140 4.19 0.16 0.94 0.27  1.92  0.17  
 902 K01366      5557  43 4.61 0.06 0.87 0.07  0.84  0.02  
 903 K01215      6166  47 4.12 0.12 1.44 0.07  1.77  0.07  
 904 K04302      6126  60 4.02 0.13 1.64 0.13  1.50  0.06  
 905 K01375      6375  91 4.53 0.15 2.17 0.30  1.53  0.08  
 906 K02312      6533 132 4.12 0.15 2.38 0.48  2.33  0.24  
 907 K00749      5400  53 4.53 0.09 0.90 0.09  0.88  0.02  
 908 K04881      6367  86 4.64 0.17 2.64 0.37  1.43  0.07  
 909 K01209      5930  55 4.54 0.09 1.16 0.09  0.95  0.03  
 910 K02756      5934  47 4.57 0.04 1.01 0.08  1.02  0.03  
 911 K02049      5982  35 4.22 0.08 1.31 0.06  1.36  0.04  
 912 K03100      6029  40 4.19 0.11 1.36 0.05  1.72  0.07  
 913 K01978      5616  40 4.63 0.07 1.10 0.08  0.88  0.02  
 914 K00629      6059  66 4.14 0.10 1.45 0.15  1.36  0.05  
 915 K01308      5727  31 4.25 0.07 1.21 0.06  1.47  0.04  
 916 K01010      6275  66 4.36 0.13 1.90 0.16  1.58  0.07  
 917 K02641      5870  44 4.24 0.15 1.25 0.06  1.58  0.06  
 918 K03689      6085  42 4.29 0.07 1.46 0.07  1.32  0.04  
 919 K03132      6260 127 4.43 0.14 2.83 0.26  2.48  0.27  
 920 K00660      5396  26 3.95 0.09 1.19 0.04  2.20  0.10  
 921 K03039      5681  38 3.91 0.12 1.14 0.08  1.59  0.06  
 922 K00331      5552  22 4.02 0.06 1.11 0.04  2.04  0.08  
 923 K03277      6139  61 4.12 0.11 1.76 0.12  2.11  0.12  
 924 K03891      5183  29 3.86 0.10 1.05 0.04  2.31  0.11  
 925 K04557      5987  40 4.23 0.04 1.40 0.08  1.56  0.05  
 926 K01665      6152  38 4.43 0.11 1.25 0.05  1.30  0.04  
 927 K04276      6253  91 3.81 0.08 1.83 0.11  2.50  0.21  
 928 K00954      5589  47 4.53 0.13 0.97 0.08  0.91  0.02  
 929 K01089      5879  58 4.36 0.17 1.23 0.09  1.10  0.03  
 930 K01970      5601  50 4.65 0.09 0.98 0.09  0.87  0.02  
 931 K01239      5904  55 4.59 0.11 1.18 0.10  0.91  0.02  
 932 K02857      6247  56 4.27 0.09 1.51 0.07  1.50  0.06  
 933 K04156      5947  41 4.19 0.13 1.35 0.07  1.61  0.06  
 934 K04603      6277  96 4.43 0.18 2.07 0.18  1.50  0.08  
 935 K00135      6034  42 4.35 0.11 1.46 0.05  1.38  0.04  
 936 K04887      6001  49 4.01 0.06 1.42 0.07  2.24  0.12  
 937 K02083      6021  57 4.40 0.12 1.35 0.09  1.81  0.16  
 938 K00590      5934  52 4.51 0.08 1.14 0.11  1.04  0.03  
 939 K07223      5610  65 4.60 0.17 1.09 0.16  1.36  0.06  
 940 K01474      6461  85 4.29 0.20 2.28 0.16  1.86  0.11  
 941 K03086      5437  93 4.63 0.17 0.80 0.19  0.80  0.02  
 942 KIC11187332 5633  44 4.45 0.11 0.79 0.09  0.95  0.02  
 943 K01002      5449  33 4.51 0.07 0.85 0.07  2.13  1.76  
 944 K04423      6302  80 4.12 0.11 2.18 0.24  1.91  0.11  
 945 K00152      6234 197 4.23 0.19 3.41 1.01  1.38  0.13  
 946 K00238      6163  76 4.34 0.19 2.04 0.20  1.38  0.06  
 947 K00010      6118 120 4.09 0.14 1.89 0.20  1.59  0.11  
 948 K00548      6107  47 4.39 0.12 1.43 0.09  1.31  0.04  
 949 K02086      5913  35 4.13 0.08 1.20 0.06  1.46  0.05  
 950 K00939      5595  54 4.45 0.14 1.01 0.08  0.99  0.03  
 951 K04304      5974  31 4.33 0.07 1.23 0.06  1.38  0.04  
 952 K05018      5559  78 4.59 0.14 1.08 0.11  0.94  0.03  
 953 K02906      6199  87 4.12 0.13 1.74 0.23  1.62  0.09  
 954 K00232      5843  81 3.92 0.17 1.67 0.16  1.29  0.05  
 955 K02623      6230  65 4.17 0.11 1.82 0.11  1.74  0.08  
 956 K04829      6076  42 4.28 0.12 1.41 0.08  1.27  0.04  
 957 K02677      6055  70 3.95 0.10 1.72 0.09  1.73  0.09  
 958 K04385      5167  77 4.49 0.12 0.72 0.15  0.84  0.02  
 959 K02398      6082  75 3.96 0.13 2.12 0.43  1.64  0.08  
 960 K04269      4988  33 3.59 0.06 0.96 0.04  3.09  0.21  
 961 K01301      5404  57 4.61 0.10 1.05 0.11  0.76  0.02  
 962 K05198      5428  57 4.76 0.10 0.84 0.12  0.83  0.02  
 963 K00864      5629  38 4.58 0.07 1.12 0.08  0.87  0.02  
 964 K01477      5487  68 4.82 0.21 1.49 0.12  0.78  0.02  
 965 K02943      5856  36 4.21 0.08 1.13 0.05  1.59  0.05  
 966 K00392      6036  40 4.31 0.09 1.48 0.07  1.55  0.05  
 967 K02048      5201  54 4.54 0.08 1.26 0.10  0.90  0.02  
 968 K04323      6195 140 4.30 0.27 2.94 0.90  1.81  0.16  
 969 K03032      5140  60 4.49 0.09 0.82 0.12  0.83  0.02  
 970 K04633      6093  60 4.34 0.12 1.78 0.11  1.63  0.07  
 971 K04368      6022  47 3.91 0.13 1.44 0.07  2.36  0.13  
 972 K00611      6357 197 4.20 0.25 3.62 1.07  1.34  0.12  
 973 K00841      5246  98 4.49 0.17 1.82 0.18  0.77  0.02  
 974 K01952      5827  58 4.38 0.17 1.39 0.10  1.20  0.04  
 975 K02807      6390 155 4.56 0.17 4.01 0.98  1.44  0.11  
 976 K01857      5737  38 4.30 0.10 0.97 0.07  1.80  0.24  
 977 K00551      5726  26 4.48 0.06 0.98 0.06  1.06  0.02  
 978 K06734      5330  75 4.62 0.09 1.00 0.13  0.96  0.03  
 979 K01432      5675  53 4.49 0.11 1.17 0.10  1.00  0.03  
 980 K01669      6196  70 4.25 0.13 1.57 0.15  1.32  0.05  
 981 K01647      5810  31 4.38 0.10 1.11 0.05  1.52  0.06  
 982 K04022      5999  52 3.93 0.10 1.63 0.11  2.00  0.10  
 983 K01364      5407  54 4.57 0.08 1.10 0.10  0.82  0.02  
 984 K02358      6311 169 4.74 0.22 2.82 0.48  1.67  0.16  
 985 K02841      5497 105 4.61 0.22 1.88 0.24  0.81  0.03  
 986 K00330      5959  49 4.26 0.11 1.26 0.07  1.61  0.06  
 987 K02597      5781  63 4.24 0.15 0.84 0.14  1.03  0.03  
 988 K00384      6200  70 4.03 0.08 1.82 0.11  2.16  0.13  
 989 K01848      5996  52 4.25 0.12 1.35 0.10  1.89  0.33  
 990 K00403      6380 134 4.59 0.17 2.91 0.50  1.44  0.09  
 991 K00674      4912  43 3.68 0.08 0.93 0.06  2.61  0.17  
 992 K03057      5520  47 4.57 0.09 0.64 0.11  0.78  0.02  
 993 K05124      5407  82 4.61 0.12 1.02 0.15  0.82  0.02  
 994 K01271      6220 101 4.06 0.13 2.34 0.48  1.63  0.10  
 995 K05622      5286  81 4.59 0.15 0.83 0.14  0.86  0.03  
 996 K02659      4970  40 3.58 0.07 1.04 0.05  3.53  0.30  
 997 K02082      6100  47 4.44 0.11 1.05 0.06  1.39  0.05  
 998 K05850      5715  89 4.78 0.22 1.34 0.16  1.09  0.04  
 999 K00771      5697  85 4.51 0.16 1.88 0.18  1.11  0.04  
1000 K02410      5766  74 4.65 0.13 1.66 0.17  0.96  0.03  
1001 K02098      6234 155 4.24 0.26 3.98 1.02  1.52  0.12  
1002 K01032      5092  79 3.89 0.22 1.12 0.09  2.63  0.25  
1003 K05877      5627  57 4.68 0.15 1.09 0.10  0.81  0.02  
1004 K05855      5798  69 4.77 0.15 1.33 0.12  0.97  0.03  
1005 K00752      5666  38 4.54 0.06 0.92 0.08  0.94  0.02  
1006 K05379      5148  40 3.54 0.09 1.11 0.05  4.27  0.43  
1007 K00691      5960  61 4.04 0.12 1.24 0.12  1.49  0.06  
1008 K02218      5562  62 4.63 0.09 0.90 0.13  1.37  0.05  
1009 K02016      5978  44 4.40 0.13 1.25 0.06  1.42  0.05  
1010 K02147      5718  42 4.44 0.11 1.04 0.10  1.40  0.05  
1011 K03500      6156  46 4.15 0.11 1.78 0.08  2.13  0.11  
1012 K01359      5892  44 4.52 0.07 1.11 0.09  0.98  0.02  
1013 K04864      5810  38 3.89 0.14 1.37 0.07  2.36  0.12  
1014 K02533      5008  33 3.55 0.06 0.99 0.04  3.09  0.21  
1015 K04062      6098  61 4.26 0.15 1.69 0.12  1.38  0.05  
1016 K02796      5874  49 4.57 0.07 1.28 0.08  1.05  0.03  
1017 K02530      5923  36 4.08 0.04 1.37 0.06  1.79  0.07  
1018 K00597      5778  36 4.44 0.06 1.17 0.06  1.00  0.02  
1019 K00684      5305  29 3.92 0.11 1.07 0.04  2.11  0.09  
1020 K05021      5886  55 4.73 0.14 1.19 0.10  0.98  0.03  
1021 K02885      5575  40 3.86 0.10 1.18 0.07  2.03  0.09  
1022 K06425      5732  40 4.08 0.06 1.17 0.06  1.53  0.05  
1023 K04771      6390 141 4.56 0.16 2.78 0.49  1.38  0.09  
1024 K04588      6172  60 3.91 0.13 2.19 0.22  2.06  0.11  
1025 K05284      5677  38 4.22 0.11 1.06 0.06  1.34  0.04  
1026 K03146      5713  26 4.18 0.06 1.07 0.05  1.58  0.05  
1027 K02228      6315 197 3.90 0.18 3.16 1.23  2.21  0.32  
1028 K05613      5846 132 4.83 0.23 1.74 0.24  0.90  0.04  
1029 K02407      5957  46 4.13 0.09 1.49 0.07  1.50  0.05  
1030 K02748      5506  26 4.00 0.06 1.02 0.04  1.80  0.07  
1031 K01115      5705  22 4.17 0.06 1.13 0.04  1.82  0.06  
1032 K02115      5200  79 4.56 0.15 1.24 0.14  0.83  0.03  
1033 K03128      6133  57 3.76 0.13 1.78 0.12  2.12  0.11  
1034 K05216      5662  55 4.46 0.14 1.43 0.11  0.93  0.02  
1035 K04585      6160  90 3.91 0.17 2.46 0.38  1.82  0.11  
1036 K04575      6252  91 4.05 0.09 1.77 0.11  2.18  0.16  
1037 K00186      5800  61 4.30 0.15 1.49 0.10  1.08  0.03  
1038 K00649      6207  91 4.11 0.14 2.37 0.15  2.11  0.15  
1039 K00572      6088  41 4.24 0.10 1.26 0.07  1.63  0.06  
1040 K00703      6416 106 4.15 0.15 2.18 0.15  2.09  0.16  
1041 K01203      5672  67 4.36 0.17 0.59 0.15  0.92  0.03  
1042 K03308      5942  33 4.19 0.11 1.26 0.06  1.66  0.06  
1043 K04257      5605  36 4.02 0.07 1.00 0.05  2.56  0.14  
1044 K01894      4990  32 3.41 0.11 1.09 0.04  3.64  0.30  
1045 K04443      6257  90 4.04 0.14 2.50 0.36  1.57  0.08  
1046 K05057      5085  40 3.49 0.09 1.14 0.05  4.94  0.58  
1047 K00465      6109  42 4.25 0.11 1.38 0.08  1.43  0.05  
1048 K01102      5963 247 4.08 0.29 4.79 0.21  1.13  0.11  
1049 K02769      5807  25 3.94 0.08 1.18 0.05  1.96  0.08  
1050 K02891      6092  55 3.73 0.15 1.62 0.08  2.22  0.72  
1051 K00134      6332 115 4.31 0.21 2.34 0.26  1.76  0.12  
1052 K01707      5779  63 4.54 0.10 0.96 0.16  1.05  0.03  
1053 K04367      6318  80 4.31 0.15 2.48 0.27  1.52  0.07  
1054 K01529      6088  60 4.27 0.14 1.47 0.14  1.35  0.05  
1055 K02183      5649  47 4.31 0.15 1.03 0.07  1.06  0.03  
1056 K01962      5975  42 4.13 0.11 1.34 0.07  6.88  7.30  
1057 K07136      5597  65 4.56 0.12 1.03 0.10  0.91  0.02  
1058 K00688      6289 127 4.26 0.15 2.02 0.23  1.57  0.11  
1059 KIC2718885  5667  33 4.53 0.06 1.01 0.07  1.43  0.04  
1060 K07235      5468  44 4.39 0.20 0.96 0.07  1.39  0.25  
1061 K05380      5722  62 4.54 0.13 1.36 0.13  0.91  0.02  
1062 K03541      6048  91 3.81 0.18 2.30 0.33  1.84  0.12  
1063 K05702      5799  47 4.64 0.09 1.18 0.10  0.89  0.02  
1064 K04811      5641  31 4.02 0.06 1.17 0.05  2.05  0.09  
1065 K02167      5758  41 4.56 0.06 1.32 0.07  0.95  0.02  
1066 K02188      5746 121 4.17 0.22 2.23 0.65  0.99  0.04  
1067 K00708      6148  57 4.28 0.14 1.73 0.13  1.60  0.07  
1068 K01483      5793  31 4.15 0.08 1.25 0.05  1.49  0.05  
1069 K00141      5383  61 4.54 0.11 1.20 0.09  2.27  0.15  
1070 K02335      5554  36 4.37 0.11 0.91 0.06  1.84  0.16  
1071 K04343      5814  68 3.77 0.15 0.99 0.14  2.00  0.18  
1072 K02969      6105  36 4.16 0.11 1.46 0.06  3.19  3.18  
1073 K04567      6282 115 4.16 0.15 2.39 0.42  1.84  0.14  
1074 K01332      5753  47 4.30 0.04 0.94 0.09  1.07  0.03  
1075 K07345      5721  78 4.46 0.15 1.46 0.14  1.09  0.04  
1076 K04426      6302  84 4.12 0.08 2.04 0.13  1.89  0.11  
1077 K04647      5125  46 3.76 0.14 1.09 0.05  2.61  0.17  
1078 K02964      6345 105 4.29 0.22 1.99 0.39  1.76  0.12  
1079 K04773      6047  70 3.58 0.13 1.32 0.15  2.20  0.14  
1080 K02740      6111  61 4.29 0.11 1.38 0.14  2.02  0.11  
1081 K01958      5929  61 4.63 0.10 1.35 0.12  1.03  0.03  
1082 K01792      5461  51 4.13 0.08 0.29 0.15  4.97  4.07  
1083 K00379      6150  63 4.05 0.06 1.84 0.09  2.69  0.20  
1084 K00693      6076  47 4.26 0.12 1.72 0.10  1.63  0.06  
1085 K00707      5991  35 4.25 0.07 1.36 0.06  1.65  0.06  
1086 K04435      6319  81 4.15 0.17 1.88 0.12  1.90  0.11  
1087 K03980      5781  40 4.49 0.06 0.97 0.07  1.34  0.04  
1088 K04717      5778  77 4.29 0.16 1.48 0.17  0.94  0.03  
1089 K02201      6097  47 4.17 0.08 1.73 0.08  1.80  0.08  
1090 K03641      6160  57 4.14 0.14 1.14 0.08  1.77  0.09  
1091 K05645      5719  93 4.71 0.17 1.57 0.19  0.81  0.03  
1092 K04382      6200 120 4.02 0.14 2.22 0.29  1.41  0.08  
1093 K00600      5912  50 4.51 0.09 1.62 0.12  1.19  0.04  
1094 K05159      6270 101 4.69 0.21 2.07 0.23  1.19  0.05  
1095 K01421      5655  55 4.41 0.14 1.20 0.10  1.04  0.03  
1096 K05290      5680  65 4.86 0.15 0.94 0.14  0.87  0.02  
1097 K01306      5694  76 4.69 0.18 1.03 0.16  0.85  0.03  
1098 K04640      6367 155 4.20 0.19 2.60 0.43  1.74  0.16  
1099 K05612      5420  69 4.39 0.21 1.19 0.11  0.95  0.03  
1100 K02236      5596  47 4.46 0.13 0.87 0.08  0.88  0.02  
1101 K04136      5761  31 4.03 0.04 1.24 0.04  1.89  0.08  
1102 K05135      5333  54 4.51 0.08 1.18 0.10  1.16  0.04  
1103 K00119      5730  31 3.93 0.11 1.23 0.04  3.73  0.46  
1104 K01314      5027  33 3.48 0.06 1.06 0.04  3.64  0.29  
1105 K04605      6168  57 4.10 0.13 1.61 0.09  2.13  0.12  
1106 K05278      5846 210 4.85 0.20 3.24 0.73  0.94  0.07  
1107 K02081      5079  43 3.66 0.04 1.11 0.05  3.41  0.28  
1108 K05546      6243 131 4.53 0.16 1.79 0.30  1.13  0.06  
1109 K02220      5864  41 4.41 0.08 1.06 0.07  1.36  0.04  
1110 K03791      6166  50 4.26 0.10 1.52 0.09  1.91  0.09  
1111 K01915      6139  47 4.31 0.18 1.72 0.08  1.81  0.08  
1112 K01052      5834  52 4.22 0.12 1.41 0.10  0.98  0.02  
1113 K03301      5776  33 4.03 0.07 1.30 0.05  1.88  0.08  
1114 K04473      5978  56 3.91 0.08 1.58 0.07  2.16  0.12  
1115 K01015      6070  65 4.22 0.13 1.58 0.13  1.39  0.05  
1116 K04245      6177  50 4.27 0.15 1.64 0.07  2.13  0.11  
1117 K04763      5743  26 4.12 0.07 1.24 0.05  1.88  0.07  
1118 K01992      5832  44 4.27 0.11 1.30 0.08  1.46  0.05  
1119 K05085      5932  98 4.92 0.10 1.41 0.18  0.88  0.03  
1120 K01175      5738  40 4.03 0.07 1.52 0.06  2.86  0.18  
1121 K03340      6245  84 4.57 0.09 1.57 0.15  1.93  0.14  
1122 K05423      5787  53 4.44 0.10 1.13 0.08  1.25  0.04  
1123 K01688      6116  63 4.34 0.19 1.67 0.10  1.62  0.07  
1124 K00519      5871  42 4.46 0.10 1.20 0.08  1.19  0.03  
1125 K00760      5816  71 4.54 0.12 1.53 0.12  1.04  0.03  
1126 K03421      6536  80 4.49 0.10 2.34 0.19  1.67  0.08  
1127 K01230      5160  36 3.37 0.18 1.35 0.04  6.70  1.05  
1128 K07599      5948  82 4.75 0.18 1.53 0.15  0.99  0.03  
1129 K02109      6054  60 4.04 0.07 1.65 0.12  1.69  0.08  
1130 K01196      5708  42 4.34 0.12 0.94 0.09  1.27  0.04  
1131 K05837      5855 103 4.46 0.22 1.58 0.17  1.09  0.05  
1132 K01278      5837  67 4.46 0.14 0.94 0.12  1.14  0.04  
1133 K02707      5667  42 4.45 0.08 0.90 0.08  1.86  0.15  
1134 K00193      5926 162 4.16 0.23 2.98 0.46  1.23  0.09  
1135 K02786      6305 113 4.12 0.09 2.41 0.32  1.84  0.13  
1136 K02765      6323  50 4.09 0.06 1.40 0.07  1.92  0.09  
1137 K02676      6382 113 3.91 0.17 1.98 0.20  2.50  0.25  
1138 K01396      5650  61 4.63 0.14 1.22 0.11  0.92  0.02  
1139 K02076      5890  49 4.41 0.14 1.01 0.07  1.03  0.03  
1140 K00829      5807  52 4.38 0.12 1.33 0.10  1.09  0.03  
1141 K01601      5706  36 4.24 0.06 1.08 0.07  1.61  0.06  
1142 K03913      6082  58 4.59 0.14 1.32 0.09  1.24  0.04  
1143 K01438      5789  36 4.15 0.09 1.28 0.05  2.06  0.09  
1144 K07566      5809  57 4.24 0.13 1.48 0.10  1.38  0.05  
1145 K04123      6289  77 3.88 0.08 1.55 0.09  2.36  0.17  
1146 K01335      6325 125 4.20 0.21 2.25 0.37  1.94  0.16  
1147 K00934      5653  38 4.57 0.04 0.92 0.08  0.91  0.02  
1148 K01486      5818  49 4.54 0.04 0.95 0.09  1.07  0.03  
1149 K01922      5806  47 4.49 0.09 0.98 0.09  1.17  0.03  
1150 K04021      5961 197 4.08 0.26 3.33 1.66  3.24  2.18  
1151 K00680      6271  75 3.97 0.12 1.72 0.11  2.19  0.14  
1152 K02051      5841  41 4.49 0.04 1.20 0.09  1.20  0.03  
1153 K02433      5933  65 4.32 0.16 1.41 0.12  1.11  0.04  
1154 K00523      5807  42 4.29 0.12 1.08 0.08  1.36  0.04  
1155 K02092      5675  65 4.44 0.15 1.09 0.14  0.86  0.02  
1156 K00209      6138  45 4.25 0.08 1.68 0.10  1.62  0.06  
1157 K06786      5977  90 4.97 0.03 1.69 0.23  0.99  0.04  
1158 K05924      5145  89 4.47 0.13 1.51 0.14  1.40  0.23  
1159 K04715      6144  98 3.94 0.10 2.44 0.27  2.06  0.16  
1160 K02044      5788  65 4.47 0.10 1.46 0.11  1.01  0.03  
1161 K06384      5853  72 4.63 0.16 1.29 0.11  0.98  0.03  
1162 K02252      6235  55 4.17 0.09 2.13 0.13  2.32  0.14  
1163 K02564      6158 120 4.12 0.19 2.31 0.37  2.01  0.17  
1164 K01150      5807  36 4.37 0.10 1.28 0.06  2.94  1.33  
1165 K01288      6204  66 4.55 0.07 1.34 0.10  1.20  0.04  
1166 K02195      6104  71 4.27 0.16 2.06 0.25  1.30  0.05  
1167 K02563      6170  61 4.07 0.10 1.86 0.11  1.98  0.11  
1168 K03244      5003  29 3.13 0.09 1.17 0.03  6.98  1.07  
1169 K01639      6255  84 4.06 0.10 1.94 0.11  2.36  0.18  
1170 K04561      6141  70 4.29 0.11 1.59 0.09  1.97  0.12  
1171 K02093      6105  65 4.70 0.10 1.48 0.15  1.07  0.03  
1172 K05048      4970  44 3.38 0.18 1.01 0.05  4.45  0.50  
1173 K05592      6264  81 4.40 0.14 1.64 0.13  1.36  0.06  
1174 K00466      6025 106 4.30 0.26 2.69 0.44  1.58  0.10  
1175 K00564      5974  55 4.29 0.13 1.56 0.08  1.58  0.07  
1176 K05155      5875  65 4.33 0.19 1.37 0.11  1.22  0.05  
1177 K00546      5997  83 4.36 0.18 1.68 0.14  1.38  0.06  
1178 K07605      5877  90 4.33 0.19 1.43 0.19              
1179 K01206      5811  40 3.83 0.07 1.51 0.06  2.86  0.19  
1180 K05119      5082  33 3.35 0.11 1.28 0.04  7.05  1.21  
1181 K03801      5773  93 4.29 0.23 1.98 0.16  1.07  0.04  
1182 K00179      6151  65 3.97 0.12 1.87 0.12  2.26  0.14  
1183 K01739      5824  81 4.33 0.20 1.81 0.18  1.48  0.07  
1184 K04190      5724  31 4.21 0.05 1.24 0.05  2.94  1.16  
1185 K02681      5666  71 4.43 0.17 1.66 0.14  2.50  0.37  
1186 K05247      6071  47 4.25 0.14 1.40 0.08  1.58  0.06  
1187 K01444      6113 106 4.06 0.11 2.19 0.18  2.24  0.20  
1188 K03780      6396 155 4.14 0.21 2.68 0.57  1.98  0.20  
1189 K05626      6012 115 4.65 0.23 2.02 0.28  1.20  0.06  
1190 K02357      5727  47 4.51 0.11 1.03 0.08  1.24  0.04  
1191 K00756      5714  65 4.51 0.08 1.35 0.12  1.14  0.04  
1192 K06759      5571  40 4.02 0.09 1.11 0.06  1.81  0.08  
1193 K07040      6210 115 3.99 0.16 1.58 0.31  2.65  0.29  
1194 K00935      6043 247 4.34 0.31 2.70 0.70  1.27  0.14  
1195 KIC6359893  5745  98 4.52 0.16 1.42 0.26  1.91  0.15  
1196 K00734      5974  35 4.42 0.13 1.40 0.07  1.35  0.04  
1197 K00339      6009  47 4.32 0.11 1.13 0.09  2.51  0.90  
1198 K05393      4880  47 3.38 0.14 1.11 0.05  5.39  0.77  
1199 K01413      5411  33 4.04 0.08 1.08 0.05  2.32  0.12  
1200 K02866      6303 120 4.09 0.20 1.31 0.11  2.08  0.19  
1201 K01168      6203  45 4.22 0.11 1.48 0.09  2.30  0.12  
1202 K01963      5985  42 4.41 0.11 1.42 0.07  2.29  0.20  
1203 K01054      5338  44 2.51 0.06 2.08 0.18  8.18  1.67  
1204 K00800      5869  41 4.34 0.12 1.27 0.07  1.22  0.04  
1205 K05324      5075  36 3.35 0.11 1.25 0.05  4.10  0.39  
1206 K00211      5977  52 4.23 0.14 1.50 0.10  1.50  0.06  
1207 K03890      4796  36 3.06 0.08 1.13 0.04  6.12  0.88  
1208 K04892      5614  40 3.70 0.07 1.12 0.07  2.55  0.15  
1209 K01363      5721  46 4.36 0.08 1.29 0.08  1.22  0.04  
1210 K00834      5911  46 4.35 0.11 1.51 0.07  1.61  0.06  
1211 K02369      5913  55 4.39 0.16 1.48 0.09  1.14  0.04  
1212 K02168      6104  65 4.64 0.13 1.62 0.14  1.79  0.09  
1213 K00730      6049 111 4.60 0.22 2.00 0.20  1.58  0.11  
1214 K00697      5865  31 4.25 0.07 1.12 0.05  3.26  1.52  
1215 K01890      6225  63 4.28 0.10 1.58 0.08  7.29 12.00  
1216 K05706      5890  61 4.49 0.10 1.44 0.10  1.27  0.05  
1217 K05241      5893 117 3.95 0.22 1.89 0.39  1.78  0.14  
1218 K02896      6035 190 4.96 0.04 2.95 2.04  6.78 10.95  
1219 K04898      5908  85 4.43 0.20 1.30 0.16  1.34  0.07  
1220 K05567      5561  62 4.38 0.17 1.25 0.09  2.19  0.14  
1221 K06981      5765  94 4.34 0.21 0.63 0.24  2.20  0.18  
1222 K01356      5848  63 4.26 0.15 1.71 0.11  1.77  0.09  
1223 K00145      4898  29 3.13 0.06 1.12 0.03  5.50  0.66  
1224 K01198      6501 311 4.91 0.11 3.50 1.02  1.43  0.20  
1225 K01208      6427 148 4.16 0.18 2.42 0.34  3.05  0.57  
1226 K01916      6060  44 4.65 0.11 1.32 0.07  3.54  2.05  
1227 K06745      6456 155 4.20 0.18 1.77 0.21  2.50  0.33  
1228 K05852      5679  68 4.30 0.22 1.24 0.12  1.65  0.09  
1229 K02640      4932  33 3.11 0.09 1.24 0.04  7.23  1.21  
1230 K01127      5745  65 4.46 0.11 1.31 0.09  1.68  0.09  
1231 K05084      5790  76 4.52 0.15 1.38 0.10  1.78  0.12  
1232 K01581      5589  58 4.21 0.12 1.34 0.08  2.01  0.13  
1233 K02884      5832  38 3.95 0.10 1.23 0.05  3.52  0.34  
1234 K02639      5753  54 4.29 0.12 1.04 0.08  1.82  0.10  
1235 K05375      5156  55 3.22 0.17 0.97 0.08  6.20  1.12  
1236 K03770      6169  60 4.16 0.10 1.36 0.10  3.24  0.37  
1237 K05107      5032  33 3.20 0.10 1.24 0.05  7.42  1.29  
1238 K02974      6613 190 4.31 0.20 4.64 0.36  3.75  0.86  
1239 K05932      5502  71 4.11 0.15 1.43 0.14  2.27  0.20  
1240 K04418      5872  60 4.35 0.17 1.42 0.10  2.11  0.18  
1241 K02474      5353  36 4.50 0.07 0.67 0.09  5.41  4.34  
1242 K02750      5958 205 4.13 0.24 3.10 0.80  1.99  0.31  
1243 K02481      4559  54 2.50 0.10 1.15 0.05 11.88  4.53  
1244 K04941      5258  91 4.12 0.18 1.69 0.18  2.34  0.32  
1245 K01589      6053  90 4.62 0.15 1.32 0.18  4.17  3.64  
1246 K04273      6190  63 4.07 0.09 1.63 0.09  9.80 11.03  
1247 K04902      4944  75 3.33 0.26 1.13 0.08  5.46  1.18  
1248 K01257      5502  68 4.43 0.16 1.04 0.09  5.48  3.00  
1249 K03726      5401 132 4.49 0.26 2.58 0.67  4.80  4.18  
1250 K00113      5626  29 4.28 0.09 1.17 0.05 16.24 34.82  
1251 K05625      5154  91 3.95 0.20 1.78 0.15  4.59  1.21  
1252 K03474      6059  45 4.40 0.12 1.20 0.10 11.00 14.24  
1253 K05869      4838  58 2.95 0.14 1.38 0.06  9.71  7.48  
1254 K02248      5238  81 4.63 0.14 1.36 0.13              
1255 K02287      4908  46 4.57 0.11 0.73 0.13              
1256 K02790      5203  35 4.49 0.06 0.43 0.11              
1257 K02657      5510  36 4.52 0.07 0.98 0.06              
1258 K00042      6552 120 4.58 0.08 1.82 0.15              
1259 K00003      4851  60 4.52 0.08 0.92 0.13              
1260 K00098      6498 134 4.14 0.15 2.28 0.22              
1261 K03214      5997  35 4.04 0.04 1.41 0.08              
1262 K00156      4887  46 4.44 0.22 1.23 0.09              
1263 K04184      5005  49 4.49 0.06 0.94 0.09              
1264 K00162      5888  25 4.41 0.09 1.20 0.05              
1265 K00099      5078  32 4.51 0.06 0.42 0.10              
1266 K04634      6188  42 4.51 0.07 1.29 0.07              
1267 K03886      4694  62 2.67 0.18 1.11 0.06              
1268 K02033      5186  39 4.50 0.05 0.80 0.07              
1269 K03172      6196  50 4.14 0.11 1.75 0.10              
1270 K00640      5305  39 4.55 0.06 0.78 0.07              
1271 K04706      6080  50 4.26 0.12 1.25 0.11              
1272 K01619      4934  46 4.51 0.07 0.90 0.09              
1273 K02711      6062  46 4.62 0.06 1.34 0.08              
1274 K03208      5956  41 4.56 0.08 1.05 0.09              
1275 K03158      5145  39 4.50 0.06 0.54 0.10              
1276 K02463      6199  49 4.37 0.11 1.51 0.07              
1277 K02879      5415  33 4.52 0.03 0.73 0.07              
1278 K05792      5116  71 4.65 0.13 1.04 0.14              
1279 K00270      5701  29 4.26 0.08 1.15 0.06              
1280 K00177      5825  36 4.52 0.04 1.11 0.07              
1281 K03193      5004  49 3.43 0.11 1.15 0.05              
1282 K00087      5592  15 4.53 0.04 0.80 0.04              
1283 K00349      5808  26 4.47 0.07 1.07 0.05              
1284 K03179      5750  40 4.59 0.10 0.95 0.06              
1285 K00712      5437  33 4.52 0.08 0.77 0.07              
