  -1.00000000       298839.094     traneq
 -0.936028421       292364.812     traneq
 -0.872285604       285567.281     traneq
 -0.808825850       278415.312     traneq
 -0.745721042       270869.031     traneq
 -0.683069825       262882.156     traneq
 -0.621009469       254400.750     traneq
 -0.559736669       245358.141     traneq
 -0.499541044       235674.781     traneq
 -0.440864205       225256.594     traneq
 -0.384402126       213998.812     traneq
 -0.331289709       201810.766     traneq
 -0.283415496       188708.266     traneq
 -0.243884817       175158.047     traneq
 -0.217299476       163221.500     traneq
 -0.216338485       162715.766     traneq
 -0.215518937       162278.797     traneq
 -0.214805692       161894.156     traneq
 -0.214148596       161536.375     traneq
 -0.213474110       161165.078     traneq
 -0.213098899       160956.844     traneq
 -0.212627634       160693.594     traneq
 -0.211993948       160336.594     traneq
 -0.211150602       159855.484     traneq
 -0.210041434       159212.484     traneq
 -0.206844643       157287.312     traneq
 -0.202430606       154426.500     traneq
 -0.197664872       151010.328     traneq
 -0.193172857       147388.547     traneq
 -0.188937977       143306.234     traneq
 -0.184788063       137397.719     traneq
 -0.180590808       126985.766     traneq
 -0.176263630       110366.719     traneq
 -0.171777993       89190.0938     traneq
 -0.167136699       67287.0234     traneq
 -0.162329793       48176.5312     traneq
 -0.157439634       32946.2305     traneq
 -0.152388185       21969.0957     traneq
 -0.147249892       14332.1602     traneq
 -0.142015323       9141.69922     traneq
 -0.136624262       5788.92188     traneq
 -0.131057873       3585.80371     traneq
 -0.122006886       1656.19312     traneq
 -0.115439087       1000.97778     traneq
 -0.108345278       596.203247     traneq
 -0.100481570       354.650940     traneq
  -9.17943940E-02   209.437164     traneq
  -8.19409639E-02   124.721657     traneq
  -7.06231371E-02   75.6353760     traneq
  -5.70915118E-02   48.7887459     traneq
   0.00000000       7.67322397     traneq
  -1.00000000       298839.094    
 -0.630957365       255804.922    
 -0.398107171       216880.250    
 -0.251188636       178004.266    
 -0.158489317       35838.8047    
 -0.100000001       343.347626    
  -5.62341325E-02   47.5676689    
  -3.16227749E-02   22.5535965    
  -1.77827943E-02   14.6977806    
  -9.99999978E-03   11.3845482    
