  -1.00000000       298642.344     traneq
 -0.936028421       292168.844     traneq
 -0.872285604       285372.562     traneq
 -0.808825850       278222.219     traneq
 -0.745721042       270677.781     traneq
 -0.683069825       262693.531     traneq
 -0.621009469       254214.984     traneq
 -0.559736669       245176.438     traneq
 -0.499541044       235498.172     traneq
 -0.440864205       225086.438     traneq
 -0.384402126       213837.109     traneq
 -0.331289709       201660.047     traneq
 -0.283415496       188571.875     traneq
 -0.243884817       175039.922     traneq
 -0.217299476       163123.672     traneq
 -0.216338485       162618.609     traneq
 -0.215518937       162182.516     traneq
 -0.214805692       161798.688     traneq
 -0.214148596       161441.422     traneq
 -0.213474110       161070.984     traneq
 -0.213098899       160863.078     traneq
 -0.212627634       160600.406     traneq
 -0.211993948       160244.047     traneq
 -0.211150602       159764.016     traneq
 -0.210041434       159122.203     traneq
 -0.206844643       157201.141     traneq
 -0.202430606       154346.531     traneq
 -0.197664872       150938.297     traneq
 -0.193172857       147326.156     traneq
 -0.188937977       143258.828     traneq
 -0.184788063       137381.750     traneq
 -0.180590808       127020.867     traneq
 -0.176263630       110455.219     traneq
 -0.171777993       89312.0312     traneq
 -0.167136699       67415.6250     traneq
 -0.162329793       48292.3438     traneq
 -0.157439634       33040.8711     traneq
 -0.152388185       22042.6836     traneq
 -0.147249892       14388.1123     traneq
 -0.142015323       9183.89844     traneq
 -0.136624262       5821.22510     traneq
 -0.131057873       3610.75757     traneq
 -0.122006886       1673.38635     traneq
 -0.115439087       1014.75867     traneq
 -0.108345278       607.245483     traneq
 -0.100481570       363.488831     traneq
  -9.17943940E-02   216.388947     traneq
  -8.19409639E-02   130.118179     traneq
  -7.06231371E-02   79.7763596     traneq
  -5.70915118E-02   52.0401535     traneq
   0.00000000       8.58107376     traneq
  -1.00000000       298642.344    
 -0.630957365       255618.609    
 -0.398107171       216716.203    
 -0.251188636       177881.812    
 -0.158489317       35938.0859    
 -0.100000001       352.066010    
  -5.62341325E-02   50.7494774    
  -3.16227749E-02   24.3096123    
  -1.77827943E-02   16.0060120    
  -9.99999978E-03   12.5039215    
