wave 99999 99999 02390007 02390007,02390008 02390006
wave 99999 99999 02390007 02390007,02390008 02390009
wave 99999 99999 02400016 02400016,02400017 02400015
wave 99999 99999 02400033 02400033,02400034 02400032
wave 99999 99999 02410040 02410040,02410041 02410039
lsf 99999 99999 02410048 02410048 02410001
lsf 99999 99999 02410049 02410049 02410001
lsf 99999 99999 02410050 02410050 02410001
lsf 99999 99999 02410051 02410051 02410001
lsf 99999 99999 02410052 02410052 02410054
lsf 99999 99999 02410053 02410053 02410055
wave 99999 99999 02420038 02420038,02420039 02420037
lsf 99999 99999 02420050 02420050 02420031
lsf 99999 99999 02420051 02420051 02420031
lsf 99999 99999 02420052 02420052 02420054
lsf 99999 99999 02420053 02420053 02420054
wave 99999 99999 02420061 02420061,02420062 02420060
wave 99999 99999 02450020 02450020,02450021 02450019
lsf 99999 99999 02450037 02450037 02450028
lsf 99999 99999 02450038 02450038 02450028
lsf 99999 99999 02450039 02450039 02450041
lsf 99999 99999 02450040 02450040 02450041
wave 99999 99999 02450050 02450050,02450051 02450049
wave 99999 99999 02470029 02470029,02470030 02470028
wave 99999 99999 02480007 02480007,02480008 02480006
lsf 99999 99999 02480021 02480021 02480001
lsf 99999 99999 02480022 02480022 02480001
lsf 99999 99999 02480023 02480023 02480001
lsf 99999 99999 02480024 02480024 02480001
lsf 99999 99999 02480025 02480025 02480001
lsf 99999 99999 02480026 02480026 02480001
lsf 99999 99999 02480027 02480027 02480001
lsf 99999 99999 02480028 02480028 02480001
lsf 99999 99999 02480044 02480044 02480040
lsf 99999 99999 02480045 02480045 02480040
lsf 99999 99999 02480046 02480046 02480040
lsf 99999 99999 02480047 02480047 02480040
lsf 99999 99999 02480048 02480048 02480040
lsf 99999 99999 02480049 02480049 02480040
lsf 99999 99999 02480050 02480050 02480040
lsf 99999 99999 02480051 02480051 02480040
lsf 99999 99999 02480052 02480052 02480054
lsf 99999 99999 02480053 02480053 02480054
lsf 99999 99999 02480059 02480059 02480054
lsf 99999 99999 02480060 02480060 02480054
lsf 99999 99999 02480061 02480061 02480054
lsf 99999 99999 02480062 02480062 02480054
lsf 99999 99999 02480069 02480069 02480054
lsf 99999 99999 02480070 02480070 02480054
lsf 99999 99999 02480071 02480071 02480054
lsf 99999 99999 02480072 02480072 02480054
lsf 99999 99999 02480073 02480073 02480054
lsf 99999 99999 02480074 02480074 02480054
lsf 99999 99999 02480075 02480075 02480077
lsf 99999 99999 02480076 02480076 02480077
wave 99999 99999 02480086 02480086,02480087 02480085
wave 99999 99999 02490012 02490012,02490013 02490011
lsf 99999 99999 02490024 02490024 02490001
lsf 99999 99999 02490025 02490025 02490001
lsf 99999 99999 02490026 02490026 02490028
lsf 99999 99999 02490027 02490027 02490028
lsf 99999 99999 02490050 02490050 02490043
lsf 99999 99999 02490051 02490051 02490043
lsf 99999 99999 02490054 02490054 02490056
lsf 99999 99999 02490055 02490055 02490056
wave 99999 99999 02490065 02490065,02490066 02490064
wave 99999 99999 02500007 02500007,02500008 02500006
wave 99999 99999 02500038 02500038,02500039 02500037
wave 99999 99999 02500048 02500048,02500049 02500047
wave 99999 99999 02510007 02510007,02510008 02510006
lsf 99999 99999 02510023 02510023 02510001
lsf 99999 99999 02510024 02510024 02510001
lsf 99999 99999 02510025 02510025 02510027
lsf 99999 99999 02510026 02510026 02510027
wave 99999 99999 02510036 02510036,02510037 02510035
wave 99999 99999 02520007 02520007,02520008 02520006
wave 99999 99999 02520017 02520017,02520018 02520016
wave 99999 99999 02530007 02530007,02530008 02530006
lsf 99999 99999 02530025 02530025 02530013
lsf 99999 99999 02530026 02530026 02530013
lsf 99999 99999 02530027 02530027 02530029
lsf 99999 99999 02530028 02530028 02530029
wave 99999 99999 02530045 02530045,02530046 02530044
wave 99999 99999 02540007 02540007,02540008 02540006
lsf 99999 99999 02540020 02540020 02540001
lsf 99999 99999 02540021 02540021 02540001
lsf 99999 99999 02540022 02540022 02540024
lsf 99999 99999 02540023 02540023 02540024
lsf 99999 99999 02540056 02540056 02540045
lsf 99999 99999 02540057 02540057 02540045
lsf 99999 99999 02540058 02540058 02540060
lsf 99999 99999 02540059 02540059 02540060
wave 99999 99999 02540070 02540070,02540071 02540069
wave 99999 99999 02550011 02550011,02550012 02550010
wave 99999 99999 02550030 02550030,02550031 02550029
wave 99999 99999 02560009 02560009,02560010 02560008
lsf 99999 99999 02560021 02560021 02560001
lsf 99999 99999 02560022 02560022 02560001
lsf 99999 99999 02560023 02560023 02560025
lsf 99999 99999 02560024 02560024 02560025
wave 99999 99999 02560034 02560034,02560035 02560033
wave 99999 99999 02570043 02570043,02570044 02570042
wave 99999 99999 02570053 02570053,02570054 02570052
lsf 99999 99999 02580004 02580004 02580001
lsf 99999 99999 02580005 02580005 02580001
wave 99999 99999 02580029 02580029,02580030 02580028
wave 99999 99999 02580046 02580046,02580047 02580045
lsf 99999 99999 02590019 02590019 02590001
lsf 99999 99999 02590020 02590020 02590001
lsf 99999 99999 02590021 02590021 02590023
lsf 99999 99999 02590022 02590022 02590023
lsf 99999 99999 02600019 02600019 02600001
lsf 99999 99999 02600020 02600020 02600001
lsf 99999 99999 02600021 02600021 02600023
lsf 99999 99999 02600022 02600022 02600023
lsf 99999 99999 02610021 02610021 02610001
lsf 99999 99999 02610022 02610022 02610001
lsf 99999 99999 02610023 02610023 02610025
lsf 99999 99999 02610024 02610024 02610025
lsf 99999 99999 02610058 02610058 02610047
lsf 99999 99999 02610059 02610059 02610047
lsf 99999 99999 02610060 02610060 02610062
lsf 99999 99999 02610061 02610061 02610062
lsf 99999 99999 02620033 02620033 02620001
lsf 99999 99999 02620034 02620034 02620001
lsf 99999 99999 02620035 02620035 02620037
lsf 99999 99999 02620036 02620036 02620037
lsf 99999 99999 02620059 02620059 02620048
lsf 99999 99999 02620060 02620060 02620048
lsf 99999 99999 02620061 02620061 02620063
lsf 99999 99999 02620062 02620062 02620063
wave 99999 99999 02630007 02630007,02630008 02630006
wave 99999 99999 02720004 02720004,02720005 02720003
wave 99999 99999 02740003 02740003,02740004 02740002
wave 99999 99999 02740014 02740014,02740015 02740013
wave 99999 99999 02750003 02750003,02750004 02750002
wave 99999 99999 02750014 02750014,02750015 02750013
wave 99999 99999 02760003 02760003,02760004 02760002
wave 99999 99999 02760014 02760014,02760015 02760013
wave 99999 99999 02770003 02770003,02770004 02770002
wave 99999 99999 02770014 02770014,02770015 02770013
wave 99999 99999 02780009 02780009,02780010 02780008
lsf 99999 99999 02780022 02780022 02780001
lsf 99999 99999 02780023 02780023 02780001
lsf 99999 99999 02780024 02780024 02780026
lsf 99999 99999 02780025 02780025 02780026
lsf 99999 99999 02780063 02780063 02780048
lsf 99999 99999 02780064 02780064 02780048
lsf 99999 99999 02780065 02780065 02780067
lsf 99999 99999 02780066 02780066 02780067
wave 99999 99999 02780076 02780076,02780077 02780075
wave 99999 99999 02790003 02790003,02790004 02790002
lsf 99999 99999 02790018 02790018 02790001
lsf 99999 99999 02790019 02790019 02790001
lsf 99999 99999 02790020 02790020 02790022
lsf 99999 99999 02790021 02790021 02790022
wave 99999 99999 02790068 02790068,02790069 02790067
wave 99999 99999 02800003 02800003,02800004 02800002
wave 99999 99999 02800021 02800021,02800022 02800020
wave 99999 99999 02810003 02810003,02810004 02810002
lsf 99999 99999 02810016 02810016 02810001
lsf 99999 99999 02810017 02810017 02810001
lsf 99999 99999 02810018 02810018 02810020
lsf 99999 99999 02810019 02810019 02810020
wave 99999 99999 02810074 02810074,02810075 02810073
wave 99999 99999 02820003 02820003,02820004 02820002
lsf 99999 99999 02820017 02820017 02820001
lsf 99999 99999 02820018 02820018 02820001
lsf 99999 99999 02820019 02820019 02820021
lsf 99999 99999 02820020 02820020 02820021
wave 99999 99999 02820105 02820105,02820106 02820104
wave 99999 99999 02830003 02830003,02830004 02830002
lsf 99999 99999 02830027 02830027 02830016
lsf 99999 99999 02830028 02830028 02830016
lsf 99999 99999 02830029 02830029 02830031
lsf 99999 99999 02830030 02830030 02830031
wave 99999 99999 02830096 02830096,02830097 02830095
wave 99999 99999 02840004 02840004,02840005 02840003
lsf 99999 99999 02840009 02840009 02840001
lsf 99999 99999 02840010 02840010 02840001
lsf 99999 99999 02840011 02840011 02840001
lsf 99999 99999 02840012 02840012 02840001
lsf 99999 99999 02840013 02840013 02840001
lsf 99999 99999 02840014 02840014 02840001
lsf 99999 99999 02840015 02840015 02840001
lsf 99999 99999 02840016 02840016 02840001
lsf 99999 99999 02840017 02840017 02840001
lsf 99999 99999 02840018 02840018 02840001
lsf 99999 99999 02840019 02840019 02840001
lsf 99999 99999 02840020 02840020 02840001
lsf 99999 99999 02840021 02840021 02840001
lsf 99999 99999 02840022 02840022 02840001
lsf 99999 99999 02840023 02840023 02840001
lsf 99999 99999 02840024 02840024 02840001
lsf 99999 99999 02840025 02840025 02840001
lsf 99999 99999 02840026 02840026 02840001
lsf 99999 99999 02840027 02840027 02840001
lsf 99999 99999 02840028 02840028 02840001
lsf 99999 99999 02840029 02840029 02840001
lsf 99999 99999 02840030 02840030 02840032
lsf 99999 99999 02840031 02840031 02840032
wave 99999 99999 02840041 02840041,02840042 02840040
wave 99999 99999 02850003 02850003,02850004 02850002
lsf 99999 99999 02850008 02850008 02850001
lsf 99999 99999 02850009 02850009 02850001
lsf 99999 99999 02850010 02850010 02850001
lsf 99999 99999 02850011 02850011 02850001
lsf 99999 99999 02850041 02850041 02850038
lsf 99999 99999 02850042 02850042 02850038
lsf 99999 99999 02850043 02850043 02850038
lsf 99999 99999 02850044 02850044 02850038
wave 99999 99999 02850066 02850066,02850067 02850065
wave 99999 99999 02860003 02860003,02860004 02860002
lsf 99999 99999 02860008 02860008 02860001
lsf 99999 99999 02860009 02860009 02860001
lsf 99999 99999 02860010 02860010 02860001
lsf 99999 99999 02860011 02860011 02860001
lsf 99999 99999 02860012 02860012 02860001
lsf 99999 99999 02860013 02860013 02860001
lsf 99999 99999 02860014 02860014 02860001
lsf 99999 99999 02860015 02860015 02860001
lsf 99999 99999 02860016 02860016 02860001
lsf 99999 99999 02860017 02860017 02860001
lsf 99999 99999 02860018 02860018 02860001
lsf 99999 99999 02860019 02860019 02860001
lsf 99999 99999 02860020 02860020 02860001
lsf 99999 99999 02860021 02860021 02860001
lsf 99999 99999 02860022 02860022 02860024
lsf 99999 99999 02860023 02860023 02860024
lsf 99999 99999 02860035 02860035 02860024
lsf 99999 99999 02860036 02860036 02860024
lsf 99999 99999 02860037 02860037 02860039
lsf 99999 99999 02860038 02860038 02860039
lsf 99999 99999 02860094 02860094 02860083
lsf 99999 99999 02860095 02860095 02860083
lsf 99999 99999 02860096 02860096 02860098
lsf 99999 99999 02860097 02860097 02860098
wave 99999 99999 02860118 02860118,02860119 02860117
wave 99999 99999 02870005 02870005,02870006 02870004
lsf 99999 99999 02870020 02870020 02870001
lsf 99999 99999 02870021 02870021 02870001
lsf 99999 99999 02870022 02870022 02870024
lsf 99999 99999 02870023 02870023 02870024
lsf 99999 99999 02870057 02870057 02870046
lsf 99999 99999 02870058 02870058 02870046
lsf 99999 99999 02870059 02870059 02870061
lsf 99999 99999 02870060 02870060 02870061
wave 99999 99999 02870118 02870118,02870119 02870117
wave 99999 99999 02880003 02880003,02880004 02880002
lsf 99999 99999 02880020 02880020 02880001
lsf 99999 99999 02880021 02880021 02880001
lsf 99999 99999 02880022 02880022 02880024
lsf 99999 99999 02880023 02880023 02880024
wave 99999 99999 02880099 02880099,02880100 02880098
wave 99999 99999 02890003 02890003,02890004 02890002
lsf 99999 99999 02890020 02890020 02890001
lsf 99999 99999 02890021 02890021 02890001
lsf 99999 99999 02890022 02890022 02890024
lsf 99999 99999 02890023 02890023 02890024
lsf 99999 99999 02890104 02890104 02890093
lsf 99999 99999 02890105 02890105 02890093
lsf 99999 99999 02890106 02890106 02890108
lsf 99999 99999 02890107 02890107 02890108
wave 99999 99999 02890117 02890117,02890118 02890116
wave 99999 99999 02900003 02900003,02900004 02900002
lsf 99999 99999 02900018 02900018 02900001
lsf 99999 99999 02900019 02900019 02900001
lsf 99999 99999 02900020 02900020 02900022
lsf 99999 99999 02900021 02900021 02900022
lsf 99999 99999 02900077 02900077 02900066
lsf 99999 99999 02900078 02900078 02900066
lsf 99999 99999 02900079 02900079 02900081
lsf 99999 99999 02900080 02900080 02900081
wave 99999 99999 02900090 02900090,02900091 02900089
wave 99999 99999 02910003 02910003,02910004 02910002
lsf 99999 99999 02910020 02910020 02910001
lsf 99999 99999 02910021 02910021 02910001
lsf 99999 99999 02910022 02910022 02910024
lsf 99999 99999 02910023 02910023 02910024
lsf 99999 99999 02910059 02910059 02910046
lsf 99999 99999 02910060 02910060 02910046
lsf 99999 99999 02910061 02910061 02910063
lsf 99999 99999 02910062 02910062 02910063
wave 99999 99999 02910072 02910072,02910073 02910071
wave 99999 99999 02920003 02920003,02920004 02920002
lsf 99999 99999 02920016 02920016 02920001
lsf 99999 99999 02920017 02920017 02920001
lsf 99999 99999 02920018 02920018 02920020
lsf 99999 99999 02920019 02920019 02920020
wave 99999 99999 02920060 02920060,02920061 02920059
wave 99999 99999 02930003 02930003,02930004 02930002
lsf 99999 99999 02930016 02930016 02930001
lsf 99999 99999 02930017 02930017 02930001
lsf 99999 99999 02930018 02930018 02930020
lsf 99999 99999 02930019 02930019 02930020
wave 99999 99999 02930049 02930049,02930050 02930048
wave 99999 99999 02950007 02950007,02950008 02950006
wave 99999 99999 02970052 02970052,02970053 02970051
wave 99999 99999 02980007 02980007,02980008 02980006
wave 99999 99999 02990007 02990007,02990008 02990006
wave 99999 99999 03000007 03000007,03000008 03000006
wave 99999 99999 03010007 03010007,03010008 03010006
wave 99999 99999 03020007 03020007,03020008 03020006
wave 99999 99999 03030007 03030007,03030008 03030006
wave 99999 99999 03040003 03040003,03040004 03040002
lsf 99999 99999 03040016 03040016 03040001
lsf 99999 99999 03040017 03040017 03040001
lsf 99999 99999 03040018 03040018 03040020
lsf 99999 99999 03040019 03040019 03040020
wave 99999 99999 03040051 03040051,03040052 03040050
wave 99999 99999 03050003 03050003,03050004 03050002
lsf 99999 99999 03050017 03050017 03050001
lsf 99999 99999 03050018 03050018 03050001
lsf 99999 99999 03050019 03050019 03050021
lsf 99999 99999 03050020 03050020 03050021
lsf 99999 99999 03050050 03050050 03050043
lsf 99999 99999 03050051 03050051 03050043
lsf 99999 99999 03050052 03050052 03050054
lsf 99999 99999 03050053 03050053 03050054
wave 99999 99999 03050063 03050063,03050064 03050062
wave 99999 99999 03060003 03060003,03060004 03060002
lsf 99999 99999 03060016 03060016 03060001
lsf 99999 99999 03060017 03060017 03060001
lsf 99999 99999 03060018 03060018 03060020
lsf 99999 99999 03060019 03060019 03060020
wave 99999 99999 03060061 03060061,03060062 03060060
wave 99999 99999 03070003 03070003,03070004 03070002
lsf 99999 99999 03070016 03070016 03070001
lsf 99999 99999 03070017 03070017 03070001
lsf 99999 99999 03070018 03070018 03070020
lsf 99999 99999 03070019 03070019 03070020
wave 99999 99999 03070073 03070073,03070074 03070072
wave 99999 99999 03080003 03080003,03080004 03080002
wave 99999 99999 03080021 03080021,03080022 03080020
wave 99999 99999 03090003 03090003,03090004 03090002
lsf 99999 99999 03090016 03090016 03090001
lsf 99999 99999 03090017 03090017 03090001
lsf 99999 99999 03090018 03090018 03090020
lsf 99999 99999 03090019 03090019 03090020
wave 99999 99999 03090073 03090073,03090074 03090072
wave 99999 99999 03100003 03100003,03100004 03100002
lsf 99999 99999 03100022 03100022 03100001
lsf 99999 99999 03100023 03100023 03100001
lsf 99999 99999 03100024 03100024 03100026
lsf 99999 99999 03100025 03100025 03100026
wave 99999 99999 03100113 03100113,03100114 03100112
wave 99999 99999 03110003 03110003,03110004 03110002
lsf 99999 99999 03110022 03110022 03110001
lsf 99999 99999 03110023 03110023 03110001
lsf 99999 99999 03110024 03110024 03110026
lsf 99999 99999 03110025 03110025 03110026
wave 99999 99999 03110044 03110044,03110045 03110043
wave 99999 99999 03120003 03120003,03120004 03120002
lsf 99999 99999 03120018 03120018 03120001
lsf 99999 99999 03120019 03120019 03120001
lsf 99999 99999 03120020 03120020 03120022
lsf 99999 99999 03120021 03120021 03120022
wave 99999 99999 03120112 03120112,03120113 03120111
wave 99999 99999 03130003 03130003,03130004 03130002
lsf 99999 99999 03130022 03130022 03130001
lsf 99999 99999 03130023 03130023 03130001
lsf 99999 99999 03130024 03130024 03130026
lsf 99999 99999 03130025 03130025 03130026
wave 99999 99999 03130057 03130057,03130058 03130056
wave 99999 99999 03140003 03140003,03140004 03140002
lsf 99999 99999 03140016 03140016 03140001
lsf 99999 99999 03140017 03140017 03140001
lsf 99999 99999 03140018 03140018 03140020
lsf 99999 99999 03140019 03140019 03140020
wave 99999 99999 03140112 03140112,03140113 03140111
wave 99999 99999 03150003 03150003,03150004 03150002
lsf 99999 99999 03150012 03150012 03150001
lsf 99999 99999 03150013 03150013 03150001
lsf 99999 99999 03150014 03150014 03150001
lsf 99999 99999 03150015 03150015 03150001
wave 99999 99999 03150040 03150040,03150041 03150039
wave 99999 99999 03160003 03160003,03160004 03160002
wave 99999 99999 03160010 03160010,03160011 03160009
wave 99999 99999 03160029 03160029,03160030 03160028
wave 99999 99999 03170003 03170003,03170004 03170002
wave 99999 99999 03170018 03170018,03170019 03170017
wave 99999 99999 03180003 03180003,03180004 03180002
lsf 99999 99999 03180018 03180018 03180001
lsf 99999 99999 03180019 03180019 03180001
lsf 99999 99999 03180020 03180020 03180022
lsf 99999 99999 03180021 03180021 03180022
wave 99999 99999 03180053 03180053,03180054 03180052
wave 99999 99999 03190003 03190003,03190004 03190002
lsf 99999 99999 03190018 03190018 03190001
lsf 99999 99999 03190019 03190019 03190001
lsf 99999 99999 03190020 03190020 03190022
lsf 99999 99999 03190021 03190021 03190022
wave 99999 99999 03190084 03190084,03190085 03190083
wave 99999 99999 03200003 03200003,03200004 03200002
wave 99999 99999 03200075 03200075,03200076 03200074
wave 99999 99999 03210003 03210003,03210004 03210002
lsf 99999 99999 03210022 03210022 03210001
lsf 99999 99999 03210023 03210023 03210001
lsf 99999 99999 03210024 03210024 03210026
lsf 99999 99999 03210025 03210025 03210026
wave 99999 99999 03210072 03210072,03210073 03210071
wave 99999 99999 03220003 03220003,03220004 03220002
lsf 99999 99999 03220022 03220022 03220001
lsf 99999 99999 03220023 03220023 03220001
lsf 99999 99999 03220024 03220024 03220026
lsf 99999 99999 03220025 03220025 03220026
lsf 99999 99999 03220052 03220052 03220037
lsf 99999 99999 03220053 03220053 03220037
lsf 99999 99999 03220054 03220054 03220056
lsf 99999 99999 03220055 03220055 03220056
wave 99999 99999 03220065 03220065,03220066 03220064
wave 99999 99999 03230007 03230007,03230008 03230006
wave 99999 99999 03240007 03240007,03240008 03240006
wave 99999 99999 03250007 03250007,03250008 03250006
wave 99999 99999 03260007 03260007,03260008 03260006
wave 99999 99999 03270007 03270007,03270008 03270006
wave 99999 99999 03280007 03280007,03280008 03280006
wave 99999 99999 03290007 03290007,03290008 03290006
wave 99999 99999 03300007 03300007,03300008 03300006
wave 99999 99999 03310044 03310044,03310045 03310043
wave 99999 99999 03320007 03320007,03320008 03320006
wave 99999 99999 03330007 03330007,03330008 03330006
wave 99999 99999 03340003 03340003,03340004 03340002
lsf 99999 99999 03340018 03340018 03340001
lsf 99999 99999 03340019 03340019 03340001
lsf 99999 99999 03340020 03340020 03340022
lsf 99999 99999 03340021 03340021 03340022
wave 99999 99999 03340064 03340064,03340065 03340063
wave 99999 99999 03350003 03350003,03350004 03350002
wave 99999 99999 03350014 03350014,03350015 03350013
wave 99999 99999 03360003 03360003,03360004 03360002
wave 99999 99999 03360014 03360014,03360015 03360013
wave 99999 99999 03370003 03370003,03370004 03370002
wave 99999 99999 03370014 03370014,03370015 03370013
wave 99999 99999 03380003 03380003,03380004 03380002
wave 99999 99999 03380014 03380014,03380015 03380013
wave 99999 99999 03390003 03390003,03390004 03390002
wave 99999 99999 03390014 03390014,03390015 03390013
wave 99999 99999 03400003 03400003,03400004 03400002
wave 99999 99999 03400014 03400014,03400015 03400013
lsf 99999 99999 03400029 03400029 03400001
lsf 99999 99999 03400030 03400030 03400001
lsf 99999 99999 03400031 03400031 03400033
lsf 99999 99999 03400032 03400032 03400033
wave 99999 99999 03400053 03400053,03400054 03400052
wave 99999 99999 03410003 03410003,03410004 03410002
lsf 99999 99999 03410016 03410016 03410001
lsf 99999 99999 03410017 03410017 03410001
lsf 99999 99999 03410018 03410018 03410020
lsf 99999 99999 03410019 03410019 03410020
wave 99999 99999 03410113 03410113,03410114 03410112
wave 99999 99999 03420003 03420003,03420004 03420002
lsf 99999 99999 03420018 03420018 03420001
lsf 99999 99999 03420019 03420019 03420001
lsf 99999 99999 03420020 03420020 03420022
lsf 99999 99999 03420021 03420021 03420022
lsf 99999 99999 03420077 03420077 03420066
lsf 99999 99999 03420078 03420078 03420066
lsf 99999 99999 03420079 03420079 03420081
lsf 99999 99999 03420080 03420080 03420081
wave 99999 99999 03420101 03420101,03420102 03420100
wave 99999 99999 03430003 03430003,03430004 03430002
lsf 99999 99999 03430016 03430016 03430001
lsf 99999 99999 03430017 03430017 03430001
lsf 99999 99999 03430018 03430018 03430020
lsf 99999 99999 03430019 03430019 03430020
wave 99999 99999 03430116 03430116,03430117 03430115
wave 99999 99999 03440003 03440003,03440004 03440002
lsf 99999 99999 03440038 03440038 03440039
lsf 99999 99999 03440054 03440054 03440039
lsf 99999 99999 03440055 03440055 03440039
lsf 99999 99999 03440056 03440056 03440058
lsf 99999 99999 03440057 03440057 03440058
wave 99999 99999 03440089 03440089,03440090 03440088
wave 99999 99999 03450003 03450003,03450004 03450002
wave 99999 99999 03450014 03450014,03450015 03450013
wave 99999 99999 03460003 03460003,03460004 03460002
wave 99999 99999 03460014 03460014,03460015 03460013
wave 99999 99999 03470003 03470003,03470004 03470002
wave 99999 99999 03470014 03470014,03470015 03470013
wave 99999 99999 03480003 03480003,03480004 03480002
lsf 99999 99999 03480018 03480018 03480001
lsf 99999 99999 03480019 03480019 03480001
lsf 99999 99999 03480020 03480020 03480022
lsf 99999 99999 03480021 03480021 03480022
wave 99999 99999 03480053 03480053,03480054 03480052
wave 99999 99999 03490003 03490003,03490004 03490002
lsf 99999 99999 03490018 03490018 03490001
lsf 99999 99999 03490019 03490019 03490001
lsf 99999 99999 03490020 03490020 03490022
lsf 99999 99999 03490021 03490021 03490022
wave 99999 99999 03490049 03490049,03490050 03490048
wave 99999 99999 03500017 03500017,03500018 03500016
lsf 99999 99999 03500032 03500032 03500012
lsf 99999 99999 03500033 03500033 03500012
lsf 99999 99999 03500034 03500034 03500036
lsf 99999 99999 03500035 03500035 03500036
wave 99999 99999 03500061 03500061,03500062 03500060
wave 99999 99999 03510007 03510007,03510008 03510006
wave 99999 99999 03520007 03520007,03520008 03520006
wave 99999 99999 03530007 03530007,03530008 03530006
wave 99999 99999 03540007 03540007,03540008 03540006
wave 99999 99999 03550007 03550007,03550008 03550006
wave 99999 99999 03560013 03560013,03560014 03560012
wave 99999 99999 03570007 03570007,03570008 03570006
wave 99999 99999 03580007 03580007,03580008 03580006
wave 99999 99999 03590007 03590007,03590008 03590006
wave 99999 99999 03600007 03600007,03600008 03600006
wave 99999 99999 03610007 03610007,03610008 03610006
wave 99999 99999 03620007 03620007,03620008 03620006
wave 99999 99999 03640003 03640003,03640004 03640002
lsf 99999 99999 03640018 03640018 03640001
lsf 99999 99999 03640019 03640019 03640001
lsf 99999 99999 03640020 03640020 03640001
lsf 99999 99999 03640021 03640021 03640001
lsf 99999 99999 03640022 03640022 03640001
lsf 99999 99999 03640023 03640023 03640001
lsf 99999 99999 03640024 03640024 03640026
lsf 99999 99999 03640025 03640025 03640026
wave 99999 99999 03640063 03640063,03640064 03640062
wave 99999 99999 03650003 03650003,03650004 03650002
lsf 99999 99999 03650023 03650023 03650001
lsf 99999 99999 03650024 03650024 03650001
lsf 99999 99999 03650025 03650025 03650027
lsf 99999 99999 03650026 03650026 03650027
wave 99999 99999 03650064 03650064,03650065 03650063
wave 99999 99999 03660003 03660003,03660004 03660002
lsf 99999 99999 03660016 03660016 03660001
lsf 99999 99999 03660017 03660017 03660001
lsf 99999 99999 03660018 03660018 03660020
lsf 99999 99999 03660019 03660019 03660020
wave 99999 99999 03660078 03660078,03660079 03660077
wave 99999 99999 03670003 03670003,03670004 03670002
lsf 99999 99999 03670016 03670016 03670001
lsf 99999 99999 03670017 03670017 03670001
lsf 99999 99999 03670018 03670018 03670020
lsf 99999 99999 03670019 03670019 03670021
wave 99999 99999 03670087 03670087,03670088 03670086
wave 99999 99999 03680003 03680003,03680004 03680002
lsf 99999 99999 03680027 03680027 03680016
lsf 99999 99999 03680028 03680028 03680016
lsf 99999 99999 03680029 03680029 03680031
lsf 99999 99999 03680030 03680030 03680031
wave 99999 99999 03680088 03680088,03680089 03680087
wave 99999 99999 03690003 03690003,03690004 03690002
lsf 99999 99999 03690016 03690016 03690001
lsf 99999 99999 03690017 03690017 03690001
lsf 99999 99999 03690018 03690018 03690020
lsf 99999 99999 03690019 03690019 03690020
wave 99999 99999 03690101 03690101,03690102 03690100
wave 99999 99999 03700003 03700003,03700004 03700002
lsf 99999 99999 03700016 03700016 03700001
lsf 99999 99999 03700017 03700017 03700001
lsf 99999 99999 03700018 03700018 03700020
lsf 99999 99999 03700019 03700019 03700020
wave 99999 99999 03700116 03700116,03700117 03700115
wave 99999 99999 03710003 03710003,03710004 03710002
lsf 99999 99999 03710018 03710018 03710001
lsf 99999 99999 03710019 03710019 03710001
lsf 99999 99999 03710020 03710020 03710022
lsf 99999 99999 03710021 03710021 03710022
lsf 99999 99999 03710059 03710059 03710048
lsf 99999 99999 03710060 03710060 03710062
lsf 99999 99999 03710061 03710061 03710062
lsf 99999 99999 03710110 03710110 03710095
lsf 99999 99999 03710111 03710111 03710095
lsf 99999 99999 03710112 03710112 03710114
lsf 99999 99999 03710113 03710113 03710114
wave 99999 99999 03710123 03710123,03710124 03710122
wave 99999 99999 03720003 03720003,03720004 03720002
lsf 99999 99999 03720016 03720016 03720001
lsf 99999 99999 03720017 03720017 03720001
lsf 99999 99999 03720018 03720018 03720020
lsf 99999 99999 03720019 03720019 03720020
wave 99999 99999 03720118 03720118,03720119 03720117
wave 99999 99999 03730003 03730003,03730004 03730002
wave 99999 99999 03730014 03730014,03730015 03730013
wave 99999 99999 03740003 03740003,03740004 03740002
lsf 99999 99999 03740016 03740016 03740001
lsf 99999 99999 03740017 03740017 03740001
lsf 99999 99999 03740018 03740018 03740020
lsf 99999 99999 03740019 03740019 03740020
wave 99999 99999 03740073 03740073,03740074 03740072
wave 99999 99999 03750003 03750003,03750004 03750002
lsf 99999 99999 03750022 03750022 03750001
lsf 99999 99999 03750023 03750023 03750001
lsf 99999 99999 03750024 03750024 03750026
lsf 99999 99999 03750025 03750025 03750026
wave 99999 99999 03750120 03750120,03750121 03750119
wave 99999 99999 03760003 03760003,03760004 03760002
lsf 99999 99999 03760022 03760022 03760001
lsf 99999 99999 03760023 03760023 03760001
lsf 99999 99999 03760024 03760024 03760026
lsf 99999 99999 03760025 03760025 03760026
wave 99999 99999 03760116 03760116,03760117 03760115
wave 99999 99999 03770003 03770003,03770004 03770002
lsf 99999 99999 03770018 03770018 03770001
lsf 99999 99999 03770019 03770019 03770001
lsf 99999 99999 03770020 03770020 03770022
lsf 99999 99999 03770021 03770021 03770022
wave 99999 99999 03770075 03770075,03770076 03770074
wave 99999 99999 03780003 03780003,03780004 03780002
lsf 99999 99999 03780018 03780018 03780001
lsf 99999 99999 03780019 03780019 03780001
lsf 99999 99999 03780020 03780020 03780022
lsf 99999 99999 03780021 03780021 03780022
lsf 99999 99999 03780070 03780070 03780055
lsf 99999 99999 03780071 03780071 03780055
lsf 99999 99999 03780072 03780072 03780074
lsf 99999 99999 03780073 03780073 03780074
wave 99999 99999 03780081 03780081,03780082 03780080
wave 99999 99999 03790003 03790003,03790004 03790002
lsf 99999 99999 03790018 03790018 03790001
lsf 99999 99999 03790019 03790019 03790001
lsf 99999 99999 03790020 03790020 03790022
lsf 99999 99999 03790021 03790021 03790022
wave 99999 99999 03790040 03790040,03790041 03790039
wave 99999 99999 03800007 03800007,03800008 03800006
wave 99999 99999 03810007 03810007,03810008 03810006
wave 99999 99999 03820007 03820007,03820008 03820006
wave 99999 99999 03830007 03830007,03830008 03830006
wave 99999 99999 03840007 03840007,03840008 03840006
wave 99999 99999 03850007 03850007,03850008 03850006
wave 99999 99999 03860007 03860007,03860008 03860006
wave 99999 99999 03870007 03870007,03870008 03870006
wave 99999 99999 03880007 03880007,03880008 03880006
wave 99999 99999 03900007 03900007,03900008 03900006
wave 99999 99999 03920007 03920007,03920008 03920006
wave 99999 99999 03930007 03930007,03930008 03930006
wave 99999 99999 03940003 03940003,03940004 03940002
lsf 99999 99999 03940018 03940018 03940001
lsf 99999 99999 03940019 03940019 03940001
lsf 99999 99999 03940020 03940020 03940022
lsf 99999 99999 03940021 03940021 03940022
wave 99999 99999 03940042 03940042,03940043 03940041
lsf 99999 99999 03950020 03950020 03950008
lsf 99999 99999 03950021 03950021 03950008
lsf 99999 99999 03950022 03950022 03950024
lsf 99999 99999 03950023 03950023 03950024
wave 99999 99999 03950044 03950044,03950045 03950043
wave 99999 99999 03960003 03960003,03960004 03960002
lsf 99999 99999 03960029 03960029 03960018
lsf 99999 99999 03960030 03960030 03960018
lsf 99999 99999 03960031 03960031 03960033
lsf 99999 99999 03960032 03960032 03960033
lsf 99999 99999 03960047 03960047 03960036
lsf 99999 99999 03960048 03960048 03960036
lsf 99999 99999 03960049 03960049 03960051
lsf 99999 99999 03960050 03960050 03960051
wave 99999 99999 03960071 03960071,03960072 03960070
wave 99999 99999 03970003 03970003,03970004 03970002
lsf 99999 99999 03970020 03970020 03970001
lsf 99999 99999 03970021 03970021 03970001
lsf 99999 99999 03970022 03970022 03970024
lsf 99999 99999 03970023 03970023 03970024
lsf 99999 99999 03970068 03970068 03970057
lsf 99999 99999 03970069 03970069 03970057
lsf 99999 99999 03970070 03970070 03970072
lsf 99999 99999 03970071 03970071 03970072
wave 99999 99999 03970090 03970090,03970091 03970089
wave 99999 99999 03980003 03980003,03980004 03980002
lsf 99999 99999 03980016 03980016 03980001
lsf 99999 99999 03980017 03980017 03980001
lsf 99999 99999 03980018 03980018 03980020
lsf 99999 99999 03980019 03980019 03980020
wave 99999 99999 03980091 03980091,03980092 03980090
wave 99999 99999 03990015 03990015,03990016 03990014
wave 99999 99999 03990048 03990048,03990049 03990047
wave 99999 99999 04000003 04000003,04000004 04000002
wave 99999 99999 04000014 04000014,04000015 04000013
wave 99999 99999 04010003 04010003,04010004 04010002
lsf 99999 99999 04010038 04010038 04010027
lsf 99999 99999 04010039 04010039 04010027
lsf 99999 99999 04010040 04010040 04010042
lsf 99999 99999 04010041 04010041 04010042
wave 99999 99999 04010075 04010075,04010076 04010074
wave 99999 99999 04020005 04020005,04020006 04020004
lsf 99999 99999 04020017 04020017 04020001
lsf 99999 99999 04020018 04020018 04020001
lsf 99999 99999 04020019 04020019 04020021
lsf 99999 99999 04020020 04020020 04020021
wave 99999 99999 04020052 04020052,04020053 04020051
wave 99999 99999 04030005 04030005,04030006 04030004
lsf 99999 99999 04030029 04030029 04030020
lsf 99999 99999 04030030 04030030 04030020
lsf 99999 99999 04030031 04030031 04030033
lsf 99999 99999 04030032 04030032 04030033
wave 99999 99999 04030107 04030107,04030108 04030106
wave 99999 99999 04040003 04040003,04040004 04040002
lsf 99999 99999 04040018 04040018 04040001
lsf 99999 99999 04040019 04040019 04040001
lsf 99999 99999 04040020 04040020 04040022
lsf 99999 99999 04040021 04040021 04040022
wave 99999 99999 04040116 04040116,04040117 04040115
wave 99999 99999 04050003 04050003,04050004 04050002
lsf 99999 99999 04050018 04050018 04050001
lsf 99999 99999 04050019 04050019 04050001
lsf 99999 99999 04050020 04050020 04050022
lsf 99999 99999 04050021 04050021 04050022
wave 99999 99999 04050114 04050114,04050115 04050113
wave 99999 99999 04060003 04060003,04060004 04060002
lsf 99999 99999 04060018 04060018 04060001
lsf 99999 99999 04060019 04060019 04060001
lsf 99999 99999 04060020 04060020 04060022
lsf 99999 99999 04060021 04060021 04060022
wave 99999 99999 04060091 04060091,04060092 04060090
wave 99999 99999 04070003 04070003,04070004 04070002
lsf 99999 99999 04070022 04070022 04070001
lsf 99999 99999 04070023 04070023 04070001
lsf 99999 99999 04070024 04070024 04070026
lsf 99999 99999 04070025 04070025 04070026
wave 99999 99999 04070035 04070035,04070036 04070034
wave 99999 99999 04080003 04080003,04080004 04080002
wave 99999 99999 04080014 04080014,04080015 04080013
wave 99999 99999 04090007 04090007,04090008 04090006
wave 99999 99999 04100007 04100007,04100008 04100006
wave 99999 99999 04110007 04110007,04110008 04110006
wave 99999 99999 04120007 04120007,04120008 04120006
wave 99999 99999 04140007 04140007,04140008 04140006
wave 99999 99999 04150007 04150007,04150008 04150006
wave 99999 99999 04160008 04160008,04160009 04160007
wave 99999 99999 04170007 04170007,04170008 04170006
wave 99999 99999 04180007 04180007,04180008 04180006
wave 99999 99999 04190007 04190007,04190008 04190006
wave 99999 99999 04210014 04210014,04210015 04210016
wave 99999 99999 04210062 04210062,04210063 04210061
wave 99999 99999 04220013 04220013,04220014 04220012
wave 99999 99999 04220132 04220132,04220133 04220131
lsf 99999 99999 04220136 04220136 04220001
lsf 99999 99999 04220137 04220137 04220001
lsf 99999 99999 04220138 04220138 04220001
lsf 99999 99999 04220139 04220139 04220001
lsf 99999 99999 04220140 04220140 04220001
lsf 99999 99999 04220141 04220141 04220001
lsf 99999 99999 04220142 04220142 04220001
lsf 99999 99999 04220143 04220143 04220001
wave 99999 99999 04230055 04230055,04230056 04230054
wave 99999 99999 04240003 04240003,04240004 04240002
wave 99999 99999 04240014 04240014,04240015 04240013
wave 99999 99999 04250007 04250007,04250008 04250006
wave 99999 99999 04260003 04260003,04260004 04260002
lsf 99999 99999 04260014 04260014 04260001
lsf 99999 99999 04260015 04260015 04260001
lsf 99999 99999 04260016 04260016 04260018
lsf 99999 99999 04260017 04260017 04260018
wave 99999 99999 04260027 04260027,04260028 04260026
wave 99999 99999 04270003 04270003,04270004 04270002
lsf 99999 99999 04270016 04270016 04270001
lsf 99999 99999 04270017 04270017 04270001
lsf 99999 99999 04270018 04270018 04270020
lsf 99999 99999 04270019 04270019 04270020
wave 99999 99999 04270049 04270049,04270050 04270048
wave 99999 99999 04280003 04280003,04280004 04280002
lsf 99999 99999 04280018 04280018 04280001
lsf 99999 99999 04280019 04280019 04280001
lsf 99999 99999 04280020 04280020 04280001
lsf 99999 99999 04280021 04280021 04280001
lsf 99999 99999 04280023 04280023 04280001
lsf 99999 99999 04280024 04280024 04280001
lsf 99999 99999 04280025 04280025 04280027
lsf 99999 99999 04280026 04280026 04280027
wave 99999 99999 04280091 04280091,04280092 04280090
wave 99999 99999 04290003 04290003,04290004 04290002
lsf 99999 99999 04290016 04290016 04290001
lsf 99999 99999 04290017 04290017 04290001
lsf 99999 99999 04290018 04290018 04290020
lsf 99999 99999 04290019 04290019 04290020
wave 99999 99999 04290105 04290105,04290106 04290104
wave 99999 99999 04300003 04300003,04300004 04300002
lsf 99999 99999 04300018 04300018 04300001
lsf 99999 99999 04300019 04300019 04300001
lsf 99999 99999 04300020 04300020 04300022
lsf 99999 99999 04300021 04300021 04300022
wave 99999 99999 04300062 04300062,04300063 04300061
wave 99999 99999 04310003 04310003,04310004 04310002
wave 99999 99999 04310014 04310014,04310015 04310013
wave 99999 99999 04320003 04320003,04320004 04320002
wave 99999 99999 04320014 04320014,04320015 04320013
wave 99999 99999 04330003 04330003,04330004 04330002
wave 99999 99999 04330014 04330014,04330015 04330013
wave 99999 99999 04340005 04340005,04340006 04340004
wave 99999 99999 04340016 04340016,04340017 04340015
wave 99999 99999 04350005 04350005,04350006 04350004
wave 99999 99999 04350016 04350016,04350017 04350015
wave 99999 99999 04360003 04360003,04360004 04360002
lsf 99999 99999 04360029 04360029 04360018
lsf 99999 99999 04360030 04360030 04360018
lsf 99999 99999 04360031 04360031 04360033
lsf 99999 99999 04360032 04360032 04360033
wave 99999 99999 04360073 04360073,04360074 04360072
wave 99999 99999 04370003 04370003,04370004 04370002
lsf 99999 99999 04370018 04370018 04370001
lsf 99999 99999 04370019 04370019 04370001
lsf 99999 99999 04370020 04370020 04370022
lsf 99999 99999 04370021 04370021 04370022
wave 99999 99999 04370064 04370064,04370065 04370063
wave 99999 99999 04380003 04380003,04380004 04380002
wave 99999 99999 04380014 04380014,04380015 04380013
wave 99999 99999 04400007 04400007,04400008 04400006
wave 99999 99999 04410007 04410007,04410008 04410006
wave 99999 99999 04420003 04420003,04420004 04420002
wave 99999 99999 04420014 04420014,04420015 04420013
wave 99999 99999 04430003 04430003,04430004 04430002
wave 99999 99999 04430014 04430014,04430015 04430013
wave 99999 99999 04440003 04440003,04440004 04440002
wave 99999 99999 04440014 04440014,04440015 04440013
wave 99999 99999 04450003 04450003,04450004 04450002
wave 99999 99999 04450014 04450014,04450015 04450013
wave 99999 99999 04460007 04460007,04460008 04460006
wave 99999 99999 04470003 04470003,04470004 04470002
wave 99999 99999 04470014 04470014,04470015 04470013
wave 99999 99999 04480003 04480003,04480004 04480002
wave 99999 99999 04480014 04480014,04480015 04480013
wave 99999 99999 04490003 04490003,04490004 04490002
wave 99999 99999 04490014 04490014,04490015 04490013
wave 99999 99999 04500007 04500007,04500008 04500006
wave 99999 99999 04510007 04510007,04510008 04510006
wave 99999 99999 04520007 04520007,04520008 04520006
wave 99999 99999 04530007 04530007,04530008 04530006
wave 99999 99999 04540007 04540007,04540008 04540006
wave 99999 99999 04550007 04550007,04550008 04550006
wave 99999 99999 04560003 04560003,04560004 04560002
lsf 99999 99999 04560018 04560018 04560001
lsf 99999 99999 04560019 04560019 04560001
lsf 99999 99999 04560020 04560020 04560022
lsf 99999 99999 04560021 04560021 04560022
wave 99999 99999 04560075 04560075,04560076 04560074
wave 99999 99999 04570003 04570003,04570004 04570002
lsf 99999 99999 04570018 04570018 04570001
lsf 99999 99999 04570019 04570019 04570001
lsf 99999 99999 04570020 04570020 04570022
lsf 99999 99999 04570021 04570021 04570022
wave 99999 99999 04570060 04570060,04570061 04570059
wave 99999 99999 04580003 04580003,04580004 04580002
wave 99999 99999 04580014 04580014,04580015 04580013
wave 99999 99999 04590003 04590003,04590004 04590002
lsf 99999 99999 04590010 04590010 04590001
lsf 99999 99999 04590011 04590011 04590001
lsf 99999 99999 04590012 04590012 04590014
lsf 99999 99999 04590013 04590013 04590014
wave 99999 99999 04590047 04590047,04590048 04590046
wave 99999 99999 04600003 04600003,04600004 04600002
lsf 99999 99999 04600018 04600018 04600001
lsf 99999 99999 04600019 04600019 04600001
lsf 99999 99999 04600020 04600020 04600022
lsf 99999 99999 04600021 04600021 04600022
wave 99999 99999 04600097 04600097,04600098 04600096
wave 99999 99999 04610003 04610003,04610004 04610002
wave 99999 99999 04610038 04610038,04610039 04610037
wave 99999 99999 04620003 04620003,04620004 04620002
wave 99999 99999 04620057 04620057,04620058 04620056
wave 99999 99999 04630003 04630003,04630004 04630002
wave 99999 99999 04630051 04630051,04630052 04630050
wave 99999 99999 04640003 04640003,04640004 04640002
wave 99999 99999 04640014 04640014,04640015 04640013
wave 99999 99999 04650003 04650003,04650004 04650002
lsf 99999 99999 04650018 04650018 04650001
lsf 99999 99999 04650019 04650019 04650001
lsf 99999 99999 04650020 04650020 04650022
lsf 99999 99999 04650021 04650021 04650022
wave 99999 99999 04650073 04650073,04650074 04650072
wave 99999 99999 04660003 04660003,04660004 04660002
wave 99999 99999 04660014 04660014,04660015 04660013
wave 99999 99999 04670003 04670003,04670004 04670002
lsf 99999 99999 04670018 04670018 04670001
lsf 99999 99999 04670019 04670019 04670001
lsf 99999 99999 04670020 04670020 04670022
lsf 99999 99999 04670021 04670021 04670022
wave 99999 99999 04670051 04670051,04670052 04670050
wave 99999 99999 04680003 04680003,04680004 04680002
wave 99999 99999 04680095 04680095,04680096 04680094
wave 99999 99999 04690003 04690003,04690004 04690002
wave 99999 99999 04690014 04690014,04690015 04690013
wave 99999 99999 04700007 04700007,04700008 04700006
wave 99999 99999 04710003 04710003,04710004 04710002
wave 99999 99999 04710025 04710025,04710026 04710024
wave 99999 99999 04720003 04720003,04720004 04720002
wave 99999 99999 04720014 04720014,04720015 04720013
wave 99999 99999 04730003 04730003,04730004 04730002
wave 99999 99999 04730023 04730023,04730024 04730022
wave 99999 99999 04740003 04740003,04740004 04740002
wave 99999 99999 04740021 04740021,04740022 04740020
wave 99999 99999 04750003 04750003,04750004 04750002
wave 99999 99999 04750043 04750043,04750044 04750042
wave 99999 99999 04760015 04760015,04760016 04760014
wave 99999 99999 04760035 04760035,04760036 04760034
wave 99999 99999 04770004 04770004,04770005 04770003
wave 99999 99999 04770025 04770025,04770026 04770024
wave 99999 99999 04780004 04780004,04780005 04780003
wave 99999 99999 04780033 04780033,04780034 04780032
wave 99999 99999 04790003 04790003,04790004 04790002
wave 99999 99999 04790025 04790025,04790026 04790024
wave 99999 99999 04800003 04800003,04800004 04800002
wave 99999 99999 04800016 04800016,04800017 04800015
wave 99999 99999 04810003 04810003,04810004 04810002
wave 99999 99999 04810014 04810014,04810015 04810013
wave 99999 99999 04820003 04820003,04820004 04820002
wave 99999 99999 04820021 04820021,04820022 04820020
wave 99999 99999 04830003 04830003,04830004 04830002
wave 99999 99999 04830023 04830023,04830024 04830022
wave 99999 99999 04840003 04840003,04840004 04840002
wave 99999 99999 04840023 04840023,04840024 04840022
wave 99999 99999 04850003 04850003,04850004 04850002
wave 99999 99999 04850021 04850021,04850022 04850020
wave 99999 99999 04860006 04860006,04860007 04860005
lsf 99999 99999 04860021 04860021 04860001
lsf 99999 99999 04860022 04860022 04860001
lsf 99999 99999 04860023 04860023 04860025
lsf 99999 99999 04860024 04860024 04860025
wave 99999 99999 04860084 04860084,04860085 04860083
wave 99999 99999 04870003 04870003,04870004 04870002
lsf 99999 99999 04870019 04870019 04870001
lsf 99999 99999 04870020 04870020 04870001
lsf 99999 99999 04870021 04870021 04870023
lsf 99999 99999 04870022 04870022 04870023
wave 99999 99999 04870096 04870096,04870097 04870095
wave 99999 99999 04880006 04880006,04880007 04880005
lsf 99999 99999 04880067 04880067 04880056
lsf 99999 99999 04880068 04880068 04880056
lsf 99999 99999 04880069 04880069 04880071
lsf 99999 99999 04880070 04880070 04880071
wave 99999 99999 04880080 04880080,04880081 04880079
wave 99999 99999 04890007 04890007,04890008 04890006
lsf 99999 99999 04890044 04890044 04890033
lsf 99999 99999 04890045 04890045 04890033
lsf 99999 99999 04890046 04890046 04890048
lsf 99999 99999 04890047 04890047 04890048
wave 99999 99999 04890099 04890099,04890100 04890098
wave 99999 99999 04900003 04900003,04900004 04900002
lsf 99999 99999 04900018 04900018 04900001
lsf 99999 99999 04900019 04900019 04900001
lsf 99999 99999 04900020 04900020 04900022
lsf 99999 99999 04900021 04900021 04900022
wave 99999 99999 04900093 04900093,04900094 04900092
wave 99999 99999 04910003 04910003,04910004 04910002
lsf 99999 99999 04910018 04910018 04910001
lsf 99999 99999 04910019 04910019 04910001
lsf 99999 99999 04910020 04910020 04910022
lsf 99999 99999 04910021 04910021 04910022
wave 99999 99999 04910093 04910093,04910094 04910092
wave 99999 99999 04920003 04920003,04920004 04920002
lsf 99999 99999 04920040 04920040 04920029
lsf 99999 99999 04920041 04920041 04920029
lsf 99999 99999 04920042 04920042 04920044
lsf 99999 99999 04920043 04920043 04920044
wave 99999 99999 04920075 04920075,04920076 04920074
wave 99999 99999 04930003 04930003,04930004 04930002
wave 99999 99999 04930014 04930014,04930015 04930013
wave 99999 99999 04940003 04940003,04940004 04940002
wave 99999 99999 04940014 04940014,04940015 04940013
wave 99999 99999 04950003 04950003,04950004 04950002
wave 99999 99999 04950014 04950014,04950015 04950013
wave 99999 99999 04960003 04960003,04960004 04960002
wave 99999 99999 04960014 04960014,04960015 04960013
wave 99999 99999 04970003 04970003,04970004 04970002
wave 99999 99999 04970023 04970023,04970024 04970022
wave 99999 99999 04980003 04980003,04980004 04980002
wave 99999 99999 04980016 04980016,04980017 04980015
wave 99999 99999 04990003 04990003,04990004 04990002
wave 99999 99999 04990016 04990016,04990017 04990015
wave 99999 99999 05000003 05000003,05000004 05000002
wave 99999 99999 05000023 05000023,05000024 05000022
wave 99999 99999 05010004 05010004,05010005 05010003
wave 99999 99999 05010024 05010024,05010025 05010023
wave 99999 99999 05020004 05020004,05020005 05020003
wave 99999 99999 05020015 05020015,05020016 05020014
wave 99999 99999 05030004 05030004,05030005 05030003
wave 99999 99999 05030024 05030024,05030025 05030023
wave 99999 99999 05040003 05040003,05040004 05040002
wave 99999 99999 05040023 05040023,05040024 05040022
wave 99999 99999 05050003 05050003,05050004 05050002
wave 99999 99999 05050021 05050021,05050022 05050020
wave 99999 99999 05060003 05060003,05060004 05060002
wave 99999 99999 05060007 05060007,05060008 05060006
wave 99999 99999 05060027 05060027,05060028 05060026
wave 99999 99999 05070007 05070007,05070008 05070006
wave 99999 99999 05070022 05070022,05070023 05070021
wave 99999 99999 05080003 05080003,05080004 05080002
wave 99999 99999 05080014 05080014,05080015 05080013
wave 99999 99999 05090003 05090003,05090004 05090002
wave 99999 99999 05090014 05090014,05090015 05090013
wave 99999 99999 05100003 05100003,05100004 05100002
wave 99999 99999 05100021 05100021,05100022 05100020
wave 99999 99999 05110003 05110003,05110004 05110002
wave 99999 99999 05110021 05110021,05110022 05110020
wave 99999 99999 05120003 05120003,05120004 05120002
wave 99999 99999 05120023 05120023,05120024 05120022
wave 99999 99999 05130003 05130003,05130004 05130002
wave 99999 99999 05130014 05130014,05130015 05130013
wave 99999 99999 05140003 05140003,05140004 05140002
wave 99999 99999 05140014 05140014,05140015 05140013
wave 99999 99999 05150006 05150006,05150007 05150005
lsf 99999 99999 05150021 05150021 05150003
lsf 99999 99999 05150022 05150022 05150003
lsf 99999 99999 05150023 05150023 05150025
lsf 99999 99999 05150024 05150024 05150025
wave 99999 99999 05150078 05150078,05150079 05150077
wave 99999 99999 05160003 05160003,05160004 05160002
lsf 99999 99999 05160018 05160018 05160001
lsf 99999 99999 05160019 05160019 05160001
lsf 99999 99999 05160020 05160020 05160022
lsf 99999 99999 05160021 05160021 05160022
wave 99999 99999 05160051 05160051,05160052 05160050
wave 99999 99999 05170004 05170004,05170005 05170003
wave 99999 99999 05170041 05170041,05170042 05170040
wave 99999 99999 05180004 05180004,05180005 05180003
wave 99999 99999 05180083 05180083,05180084 05180082
wave 99999 99999 05190004 05190004,05190005 05190003
lsf 99999 99999 05190019 05190019 05190001
lsf 99999 99999 05190020 05190020 05190001
lsf 99999 99999 05190021 05190021 05190023
lsf 99999 99999 05190022 05190022 05190023
wave 99999 99999 05190054 05190054,05190055 05190053
wave 99999 99999 05200003 05200003,05200004 05200002
lsf 99999 99999 05200018 05200018 05200001
lsf 99999 99999 05200019 05200019 05200001
lsf 99999 99999 05200020 05200020 05200022
lsf 99999 99999 05200021 05200021 05200022
wave 99999 99999 05200091 05200091,05200092 05200090
wave 99999 99999 05210004 05210004,05210005 05210003
lsf 99999 99999 05210019 05210019 05210001
lsf 99999 99999 05210020 05210020 05210001
lsf 99999 99999 05210021 05210021 05210023
lsf 99999 99999 05210022 05210022 05210023
wave 99999 99999 05210087 05210087,05210088 05210086
wave 99999 99999 05220003 05220003,05220004 05220002
lsf 99999 99999 05220033 05220033 05220022
lsf 99999 99999 05220034 05220034 05220022
lsf 99999 99999 05220035 05220035 05220037
lsf 99999 99999 05220036 05220036 05220037
wave 99999 99999 05220087 05220087,05220088 05220086
wave 99999 99999 05230003 05230003,05230004 05230002
lsf 99999 99999 05230029 05230029 05230018
lsf 99999 99999 05230030 05230030 05230018
lsf 99999 99999 05230031 05230031 05230033
lsf 99999 99999 05230032 05230032 05230033
wave 99999 99999 05230086 05230086,05230087 05230085
wave 99999 99999 05240004 05240004,05240005 05240003
lsf 99999 99999 05240023 05240023 05240001
lsf 99999 99999 05240024 05240024 05240001
lsf 99999 99999 05240025 05240025 05240027
lsf 99999 99999 05240026 05240026 05240027
wave 99999 99999 05240093 05240093,05240094 05240092
wave 99999 99999 05250004 05250004,05250005 05250003
lsf 99999 99999 05250019 05250019 05250001
lsf 99999 99999 05250020 05250020 05250001
lsf 99999 99999 05250021 05250021 05250023
lsf 99999 99999 05250022 05250022 05250023
wave 99999 99999 05250061 05250061,05250062 05250060
wave 99999 99999 05260006 05260006,05260007 05260005
lsf 99999 99999 05260021 05260021 05260003
lsf 99999 99999 05260022 05260022 05260003
lsf 99999 99999 05260023 05260023 05260025
lsf 99999 99999 05260024 05260024 05260025
wave 99999 99999 05260063 05260063,05260064 05260062
wave 99999 99999 05270003 05270003,05270004 05270002
lsf 99999 99999 05270018 05270018 05270001
lsf 99999 99999 05270019 05270019 05270001
lsf 99999 99999 05270020 05270020 05270022
lsf 99999 99999 05270021 05270021 05270022
wave 99999 99999 05270031 05270031,05270032 05270030
wave 99999 99999 05280004 05280004,05280005 05280003
lsf 99999 99999 05280019 05280019 05280001
lsf 99999 99999 05280020 05280020 05280001
lsf 99999 99999 05280021 05280021 05280023
lsf 99999 99999 05280022 05280022 05280023
wave 99999 99999 05280039 05280039,05280040 05280038
wave 99999 99999 05290003 05290003,05290004 05290002
wave 99999 99999 05290023 05290023,05290024 05290022
wave 99999 99999 05300013 05300013,05300014 05300012
wave 99999 99999 05300033 05300033,05300034 05300032
wave 99999 99999 05310003 05310003,05310004 05310002
wave 99999 99999 05310025 05310025,05310026 05310024
wave 99999 99999 05320004 05320004,05320005 05320003
wave 99999 99999 05320015 05320015,05320016 05320014
wave 99999 99999 05330003 05330003,05330004 05330002
wave 99999 99999 05330014 05330014,05330015 05330013
wave 99999 99999 05340003 05340003,05340004 05340002
wave 99999 99999 05340014 05340014,05340015 05340013
wave 99999 99999 05350003 05350003,05350004 05350002
wave 99999 99999 05350023 05350023,05350024 05350022
wave 99999 99999 05360004 05360004,05360005 05360003
wave 99999 99999 05360019 05360019,05360020 05360018
wave 99999 99999 05370016 05370016,05370017 05370015
wave 99999 99999 05380003 05380003,05380004 05380002
wave 99999 99999 05380023 05380023,05380024 05380022
wave 99999 99999 05390003 05390003,05390004 05390002
wave 99999 99999 05390023 05390023,05390024 05390022
wave 99999 99999 05400003 05400003,05400004 05400002
wave 99999 99999 05400014 05400014,05400015 05400013
wave 99999 99999 05410003 05410003,05410004 05410002
wave 99999 99999 05410010 05410010,05410011 05410009
wave 99999 99999 05410026 05410026,05410027 05410025
wave 99999 99999 05420003 05420003,05420004 05420002
wave 99999 99999 05420023 05420023,05420024 05420022
wave 99999 99999 05430004 05430004,05430005 05430003
wave 99999 99999 05430022 05430022,05430023 05430021
wave 99999 99999 05440004 05440004,05440005 05440003
lsf 99999 99999 05440019 05440019 05440001
lsf 99999 99999 05440020 05440020 05440001
lsf 99999 99999 05440021 05440021 05440023
lsf 99999 99999 05440022 05440022 05440023
lsf 99999 99999 05440047 05440047 05440034
lsf 99999 99999 05440048 05440048 05440034
lsf 99999 99999 05440049 05440049 05440051
lsf 99999 99999 05440050 05440050 05440051
wave 99999 99999 05440069 05440069,05440070 05440068
wave 99999 99999 05450004 05450004,05450005 05450003
wave 99999 99999 05450039 05450039,05450040 05450038
wave 99999 99999 05460003 05460003,05460004 05460002
wave 99999 99999 05460014 05460014,05460015 05460013
wave 99999 99999 05470003 05470003,05470004 05470002
lsf 99999 99999 05470016 05470016 05470001
lsf 99999 99999 05470017 05470017 05470001
lsf 99999 99999 05470018 05470018 05470020
lsf 99999 99999 05470019 05470019 05470020
wave 99999 99999 05470071 05470071,05470072 05470070
wave 99999 99999 05480003 05480003,05480004 05480002
lsf 99999 99999 05480018 05480018 05480001
lsf 99999 99999 05480019 05480019 05480001
lsf 99999 99999 05480020 05480020 05480022
lsf 99999 99999 05480021 05480021 05480022
wave 99999 99999 05480086 05480086,05480087 05480085
wave 99999 99999 05490004 05490004,05490005 05490003
lsf 99999 99999 05490041 05490041 05490030
lsf 99999 99999 05490042 05490042 05490030
lsf 99999 99999 05490043 05490043 05490045
lsf 99999 99999 05490044 05490044 05490045
wave 99999 99999 05490086 05490086,05490087 05490085
wave 99999 99999 05500003 05500003,05500004 05500002
wave 99999 99999 05500014 05500014,05500015 05500013
wave 99999 99999 05510003 05510003,05510004 05510002
wave 99999 99999 05510014 05510014,05510015 05510013
multiwave 99999 99999 02390000 02390007,02390007,02400016,02400033,02410040,02420038,02420061,02450020,02450050,02470029
multiwave 99999 99999 02480000 02480007,02480086,02490012,02490065,02500007,02500038,02500048,02510007,02510036,02520007
multiwave 99999 99999 02520000 02520017,02530007,02530045,02540007,02540070,02550011,02550030,02560009,02560034,02570043
multiwave 99999 99999 02570000 02570053,02580029,02580046,02630007,02720004,02740003,02740014,02750003,02750014,02760003
multiwave 99999 99999 02760000 02760014,02770003,02770014,02780009,02780076,02790003,02790068,02800003,02800021,02810003
multiwave 99999 99999 02810000 02810074,02820003,02820105,02830003,02830096,02840004,02840041,02850003,02850066,02860003
multiwave 99999 99999 02860000 02860118,02870005,02870118,02880003,02880099,02890003,02890117,02900003,02900090,02910003
multiwave 99999 99999 02910000 02910072,02920003,02920060,02930003,02930049,02950007,02970052,02980007,02990007,03000007
multiwave 99999 99999 03010000 03010007,03020007,03030007,03040003,03040051,03050003,03050063,03060003,03060061,03070003
multiwave 99999 99999 03070000 03070073,03080003,03080021,03090003,03090073,03100003,03100113,03110003,03110044,03120003
multiwave 99999 99999 03120000 03120112,03130003,03130057,03140003,03140112,03150003,03150040,03160003,03160010,03160029
multiwave 99999 99999 03170000 03170003,03170018,03180003,03180053,03190003,03190084,03200003,03200075,03210003,03210072
multiwave 99999 99999 03220000 03220003,03220065,03230007,03240007,03250007,03260007,03270007,03280007,03290007,03300007
multiwave 99999 99999 03310000 03310044,03320007,03330007,03340003,03340064,03350003,03350014,03360003,03360014,03370003
multiwave 99999 99999 03370000 03370014,03380003,03380014,03390003,03390014,03400003,03400014,03400053,03410003,03410113
multiwave 99999 99999 03420000 03420003,03420101,03430003,03430116,03440003,03440089,03450003,03450014,03460003,03460014
multiwave 99999 99999 03470000 03470003,03470014,03480003,03480053,03490003,03490049,03500017,03500061,03510007,03520007
multiwave 99999 99999 03530000 03530007,03540007,03550007,03560013,03570007,03580007,03590007,03600007,03610007,03620007
multiwave 99999 99999 03640000 03640003,03640063,03650003,03650064,03660003,03660078,03670003,03670087,03680003,03680088
multiwave 99999 99999 03690000 03690003,03690101,03700003,03700116,03710003,03710123,03720003,03720118,03730003,03730014
multiwave 99999 99999 03740000 03740003,03740073,03750003,03750120,03760003,03760116,03770003,03770075,03780003,03780081
multiwave 99999 99999 03790000 03790003,03790040,03800007,03810007,03820007,03830007,03840007,03850007,03860007,03870007
multiwave 99999 99999 03880000 03880007,03900007,03920007,03930007,03940003,03940042,03950044,03960003,03960071,03970003
multiwave 99999 99999 03970000 03970090,03980003,03980091,03990015,03990048,04000003,04000014,04010003,04010075,04020005
multiwave 99999 99999 04020000 04020052,04030005,04030107,04040003,04040116,04050003,04050114,04060003,04060091,04070003
multiwave 99999 99999 04070000 04070035,04080003,04080014,04090007,04100007,04110007,04120007,04140007,04150007,04160008
multiwave 99999 99999 04170000 04170007,04180007,04190007,04210014,04210062,04220013,04220132,04230055,04240003,04240014
multiwave 99999 99999 04250000 04250007,04260003,04260027,04270003,04270049,04280003,04280091,04290003,04290105,04300003
multiwave 99999 99999 04300000 04300062,04310003,04310014,04320003,04320014,04330003,04330014,04340005,04340016,04350005
multiwave 99999 99999 04350000 04350016,04360003,04360073,04370003,04370064,04380003,04380014,04400007,04410007,04420003
multiwave 99999 99999 04420000 04420014,04430003,04430014,04440003,04440014,04450003,04450014,04460007,04470003,04470014
multiwave 99999 99999 04480000 04480003,04480014,04490003,04490014,04500007,04510007,04520007,04530007,04540007,04550007
multiwave 99999 99999 04560000 04560003,04560075,04570003,04570060,04580003,04580014,04590003,04590047,04600003,04600097
multiwave 99999 99999 04610000 04610003,04610038,04620003,04620057,04630003,04630051,04640003,04640014,04650003,04650073
multiwave 99999 99999 04660000 04660003,04660014,04670003,04670051,04680003,04680095,04690003,04690014,04700007,04710003
multiwave 99999 99999 04710000 04710025,04720003,04720014,04730003,04730023,04740003,04740021,04750003,04750043,04760015
multiwave 99999 99999 04760000 04760035,04770004,04770025,04780004,04780033,04790003,04790025,04800003,04800016,04810003
multiwave 99999 99999 04810000 04810014,04820003,04820021,04830003,04830023,04840003,04840023,04850003,04850021,04860006
multiwave 99999 99999 04860000 04860084,04870003,04870096,04880006,04880080,04890007,04890099,04900003,04900093,04910003
multiwave 99999 99999 04910000 04910093,04920003,04920075,04930003,04930014,04940003,04940014,04950003,04950014,04960003
multiwave 99999 99999 04960000 04960014,04970003,04970023,04980003,04980016,04990003,04990016,05000003,05000023,05010004
multiwave 99999 99999 05010000 05010024,05020004,05020015,05030004,05030024,05040003,05040023,05050003,05050021,05060003
multiwave 99999 99999 05060000 05060007,05060027,05070007,05070022,05080003,05080014,05090003,05090014,05100003,05100021
multiwave 99999 99999 05110000 05110003,05110021,05120003,05120023,05130003,05130014,05140003,05140014,05150006,05150078
multiwave 99999 99999 05160000 05160003,05160051,05170004,05170041,05180004,05180083,05190004,05190054,05200003,05200091
multiwave 99999 99999 05210000 05210004,05210087,05220003,05220087,05230003,05230086,05240004,05240093,05250004,05250061
multiwave 99999 99999 05260000 05260006,05260063,05270003,05270031,05280004,05280039,05290003,05290023,05300013,05300033
multiwave 99999 99999 05310000 05310003,05310025,05320004,05320015,05330003,05330014,05340003,05340014,05350003,05350023
multiwave 99999 99999 05360000 05360004,05360019,05370016,05380003,05380023,05390003,05390023,05400003,05400014,05410003
multiwave 99999 99999 05410000 05410010,05410026,05420003,05420023,05430004,05430022,05440004,05440069,05450004,05450039
multiwave 99999 99999 05460000 05460003,05460014,05470003,05470071,05480003,05480086,05490004,05490086,05500003,05500014
multiwave 99999 99999 05510000 05510003,05510014
