wave 99999 99999 20560003 20560003,20560004 20560002
wave 99999 99999 20560051 20560051,20560052 20560050
wave 99999 99999 20570004 20570004,20570005 20570003
wave 99999 99999 20570041 20570041,20570042 20570040
wave 99999 99999 20580004 20580004,20580005 20580003
wave 99999 99999 20590004 20590004,20590005 20590003
wave 99999 99999 20600012 20600012,20600013 20600011
wave 99999 99999 20610004 20610004,20610005 20610003
wave 99999 99999 20620004 20620004,20620005 20620003
wave 99999 99999 20630004 20630004,20630005 20630003
wave 99999 99999 20630015 20630015,20630016 20630014
wave 99999 99999 20640004 20640004,20640005 20640003
wave 99999 99999 20640015 20640015,20640016 20640014
wave 99999 99999 20650004 20650004,20650005 20650003
wave 99999 99999 20650015 20650015,20650016 20650014
wave 99999 99999 20660008 20660008,20660009 20660007
wave 99999 99999 20670003 20670003,20670004 20670002
wave 99999 99999 20670014 20670014,20670015 20670013
wave 99999 99999 20680003 20680003,20680004 20680002
wave 99999 99999 20680014 20680014,20680015 20680013
wave 99999 99999 20690003 20690003,20690004 20690002
wave 99999 99999 20690014 20690014,20690015 20690013
wave 99999 99999 20700005 20700005,20700006 20700004
wave 99999 99999 20700016 20700016,20700017 20700015
wave 99999 99999 20710004 20710004,20710005 20710003
wave 99999 99999 20710015 20710015,20710016 20710014
wave 99999 99999 20720004 20720004,20720005 20720003
wave 99999 99999 20720015 20720015,20720016 20720014
wave 99999 99999 20730004 20730004,20730005 20730003
wave 99999 99999 20730015 20730015,20730016 20730014
wave 99999 99999 20740004 20740004,20740005 20740003
wave 99999 99999 20740015 20740015,20740016 20740014
wave 99999 99999 20750004 20750004,20750005 20750003
wave 99999 99999 20750015 20750015,20750016 20750014
wave 99999 99999 20760004 20760004,20760005 20760003
wave 99999 99999 20760015 20760015,20760016 20760014
wave 99999 99999 20770004 20770004,20770005 20770003
wave 99999 99999 20770015 20770015,20770016 20770014
wave 99999 99999 20780004 20780004,20780005 20780003
wave 99999 99999 20780015 20780015,20780016 20780014
wave 99999 99999 20790003 20790003,20790004 20790002
wave 99999 99999 20790014 20790014,20790015 20790013
wave 99999 99999 20800004 20800004,20800005 20800003
wave 99999 99999 20810004 20810004,20810005 20810003
wave 99999 99999 20810069 20810069,20810070 20810068
wave 99999 99999 20820004 20820004,20820005 20820003
wave 99999 99999 20820015 20820015,20820016 20820014
wave 99999 99999 20830004 20830004,20830005 20830003
wave 99999 99999 20830077 20830077,20830078 20830076
wave 99999 99999 20840004 20840004,20840005 20840003
wave 99999 99999 20840015 20840015,20840016 20840014
wave 99999 99999 20850004 20850004,20850005 20850003
wave 99999 99999 20850015 20850015,20850016 20850014
wave 99999 99999 20860004 20860004,20860005 20860003
wave 99999 99999 20860095 20860095,20860096 20860094
wave 99999 99999 20870004 20870004,20870005 20870003
wave 99999 99999 20870100 20870100,20870101 20870099
wave 99999 99999 20880003 20880003,20880004 20880002
lsf 99999 99999 20880047 20880047 20880040
lsf 99999 99999 20880048 20880048 20880040
lsf 99999 99999 20880049 20880049 20880051
lsf 99999 99999 20880050 20880050 20880051
wave 99999 99999 20880102 20880102,20880103 20880101
wave 99999 99999 20890004 20890004,20890005 20890003
wave 99999 99999 20890088 20890088,20890089 20890087
wave 99999 99999 20900003 20900003,20900004 20900002
wave 99999 99999 20900076 20900076,20900077 20900075
wave 99999 99999 20910004 20910004,20910005 20910003
wave 99999 99999 20910068 20910068,20910069 20910067
wave 99999 99999 20920004 20920004,20920005 20920003
wave 99999 99999 20920059 20920059,20920060 20920058
wave 99999 99999 20930004 20930004,20930005 20930003
wave 99999 99999 20930048 20930048,20930049 20930047
wave 99999 99999 20940004 20940004,20940005 20940003
wave 99999 99999 20940071 20940071,20940072 20940070
wave 99999 99999 20950004 20950004,20950005 20950003
wave 99999 99999 20950015 20950015,20950016 20950014
wave 99999 99999 20960004 20960004,20960005 20960003
wave 99999 99999 20960028 20960028,20960029 20960027
wave 99999 99999 20970004 20970004,20970005 20970003
wave 99999 99999 20970053 20970053,20970054 20970052
wave 99999 99999 20980004 20980004,20980005 20980003
wave 99999 99999 20980032 20980032,20980033 20980031
wave 99999 99999 20990004 20990004,20990005 20990003
wave 99999 99999 20990015 20990015,20990016 20990014
wave 99999 99999 21000003 21000003,21000004 21000002
wave 99999 99999 21000047 21000047,21000048 21000046
wave 99999 99999 21010004 21010004,21010005 21010003
wave 99999 99999 21010056 21010056,21010057 21010055
wave 99999 99999 21020004 21020004,21020005 21020003
wave 99999 99999 21020050 21020050,21020051 21020049
wave 99999 99999 21030004 21030004,21030005 21030003
wave 99999 99999 21030080 21030080,21030081 21030079
wave 99999 99999 21040004 21040004,21040005 21040003
wave 99999 99999 21040082 21040082,21040083 21040081
wave 99999 99999 21050004 21050004,21050005 21050003
wave 99999 99999 21050065 21050065,21050066 21050064
wave 99999 99999 21060004 21060004,21060005 21060003
wave 99999 99999 21060044 21060044,21060045 21060043
wave 99999 99999 21070004 21070004,21070005 21070003
wave 99999 99999 21070015 21070015,21070016 21070014
wave 99999 99999 21080004 21080004,21080005 21080003
wave 99999 99999 21080015 21080015,21080016 21080014
wave 99999 99999 21090004 21090004,21090005 21090003
wave 99999 99999 21090015 21090015,21090016 21090014
wave 99999 99999 21100004 21100004,21100005 21100003
wave 99999 99999 21100085 21100085,21100086 21100084
wave 99999 99999 21110004 21110004,21110005 21110003
lsf 99999 99999 21110030 21110030 21110019
lsf 99999 99999 21110031 21110031 21110019
lsf 99999 99999 21110032 21110032 21110034
lsf 99999 99999 21110033 21110033 21110034
wave 99999 99999 21110077 21110077,21110078 21110076
wave 99999 99999 21120004 21120004,21120005 21120003
wave 99999 99999 21120064 21120064,21120065 21120063
wave 99999 99999 21130004 21130004,21130005 21130003
wave 99999 99999 21130105 21130105,21130106 21130104
wave 99999 99999 21140004 21140004,21140005 21140003
wave 99999 99999 21140097 21140097,21140098 21140096
wave 99999 99999 21150004 21150004,21150005 21150003
wave 99999 99999 21150110 21150110,21150111 21150109
wave 99999 99999 21160004 21160004,21160005 21160003
wave 99999 99999 21160106 21160106,21160107 21160105
wave 99999 99999 21170004 21170004,21170005 21170003
wave 99999 99999 21170103 21170103,21170104 21170102
wave 99999 99999 21180004 21180004,21180005 21180003
wave 99999 99999 21180086 21180086,21180087 21180085
wave 99999 99999 21190004 21190004,21190005 21190003
wave 99999 99999 21190053 21190053,21190054 21190052
wave 99999 99999 21200004 21200004,21200005 21200003
wave 99999 99999 21200090 21200090,21200091 21200089
wave 99999 99999 21210004 21210004,21210005 21210003
wave 99999 99999 21210053 21210053,21210054 21210052
wave 99999 99999 21220004 21220004,21220005 21220003
wave 99999 99999 21220072 21220072,21220073 21220071
wave 99999 99999 21230004 21230004,21230005 21230003
wave 99999 99999 21230082 21230082,21230083 21230081
wave 99999 99999 21240004 21240004,21240005 21240003
wave 99999 99999 21240038 21240038,21240039 21240037
wave 99999 99999 21250004 21250004,21250005 21250003
wave 99999 99999 21250078 21250078,21250079 21250077
wave 99999 99999 21260005 21260005,21260006 21260004
wave 99999 99999 21260067 21260067,21260068 21260066
wave 99999 99999 21270004 21270004,21270005 21270003
wave 99999 99999 21270076 21270076,21270077 21270075
wave 99999 99999 21280004 21280004,21280005 21280003
wave 99999 99999 21280042 21280042,21280043 21280041
wave 99999 99999 21290004 21290004,21290005 21290003
lsf 99999 99999 21290075 21290075 21290058
lsf 99999 99999 21290076 21290076 21290058
lsf 99999 99999 21290077 21290077 21290079
lsf 99999 99999 21290078 21290078 21290079
wave 99999 99999 21290088 21290088,21290089 21290087
wave 99999 99999 21300004 21300004,21300005 21300003
wave 99999 99999 21300090 21300090,21300091 21300089
wave 99999 99999 21310004 21310004,21310005 21310003
wave 99999 99999 21310088 21310088,21310089 21310087
wave 99999 99999 21320004 21320004,21320005 21320003
wave 99999 99999 21320015 21320015,21320016 21320014
wave 99999 99999 21330004 21330004,21330005 21330003
wave 99999 99999 21330015 21330015,21330016 21330014
wave 99999 99999 21340004 21340004,21340005 21340003
wave 99999 99999 21340015 21340015,21340016 21340014
wave 99999 99999 21350004 21350004,21350005 21350003
wave 99999 99999 21350015 21350015,21350016 21350014
wave 99999 99999 21360004 21360004,21360005 21360003
wave 99999 99999 21360015 21360015,21360016 21360014
wave 99999 99999 21370004 21370004,21370005 21370003
wave 99999 99999 21370015 21370015,21370016 21370014
wave 99999 99999 21380004 21380004,21380005 21380003
wave 99999 99999 21380015 21380015,21380016 21380014
wave 99999 99999 21390004 21390004,21390005 21390003
wave 99999 99999 21390026 21390026,21390027 21390025
wave 99999 99999 21400004 21400004,21400005 21400003
wave 99999 99999 21400015 21400015,21400016 21400014
wave 99999 99999 21410004 21410004,21410005 21410003
wave 99999 99999 21410015 21410015,21410016 21410014
wave 99999 99999 21420004 21420004,21420005 21420003
wave 99999 99999 21420015 21420015,21420016 21420014
wave 99999 99999 21430005 21430005,21430006 21430004
wave 99999 99999 21430024 21430024,21430025 21430023
wave 99999 99999 21440004 21440004,21440005 21440003
wave 99999 99999 21450004 21450004,21450005 21450003
wave 99999 99999 21450112 21450112,21450113 21450111
wave 99999 99999 21460004 21460004,21460005 21460003
lsf 99999 99999 21460078 21460078 21460067
lsf 99999 99999 21460079 21460079 21460067
lsf 99999 99999 21460080 21460080 21460082
lsf 99999 99999 21460081 21460081 21460082
wave 99999 99999 21460113 21460113,21460114 21460112
wave 99999 99999 21470004 21470004,21470005 21470003
wave 99999 99999 21470048 21470048,21470049 21470047
wave 99999 99999 21480004 21480004,21480005 21480003
wave 99999 99999 21480057 21480057,21480058 21480056
wave 99999 99999 21490004 21490004,21490005 21490003
wave 99999 99999 21490074 21490074,21490075 21490073
wave 99999 99999 21500004 21500004,21500005 21500003
wave 99999 99999 21500103 21500103,21500104 21500102
wave 99999 99999 21510004 21510004,21510005 21510003
wave 99999 99999 21510053 21510053,21510054 21510052
wave 99999 99999 21520004 21520004,21520005 21520003
wave 99999 99999 21520017 21520017,21520018 21520016
wave 99999 99999 21530004 21530004,21530005 21530003
wave 99999 99999 21530067 21530067,21530068 21530066
wave 99999 99999 21540004 21540004,21540005 21540003
wave 99999 99999 21540086 21540086,21540087 21540085
wave 99999 99999 21550004 21550004,21550005 21550003
wave 99999 99999 21550041 21550041,21550042 21550040
wave 99999 99999 21560004 21560004,21560005 21560003
wave 99999 99999 21560015 21560015,21560016 21560014
wave 99999 99999 21570004 21570004,21570005 21570003
wave 99999 99999 21570015 21570015,21570016 21570014
wave 99999 99999 21580004 21580004,21580005 21580003
wave 99999 99999 21580015 21580015,21580016 21580014
wave 99999 99999 21590004 21590004,21590005 21590003
wave 99999 99999 21590015 21590015,21590016 21590014
wave 99999 99999 21600004 21600004,21600005 21600003
wave 99999 99999 21600052 21600052,21600053 21600051
wave 99999 99999 21610004 21610004,21610005 21610003
wave 99999 99999 21610055 21610055,21610056 21610054
wave 99999 99999 21620004 21620004,21620005 21620003
wave 99999 99999 21620037 21620037,21620038 21620036
wave 99999 99999 21630004 21630004,21630005 21630003
wave 99999 99999 21630015 21630015,21630016 21630014
wave 99999 99999 21640004 21640004,21640005 21640003
wave 99999 99999 21640028 21640028,21640029 21640027
wave 99999 99999 21650004 21650004,21650005 21650003
wave 99999 99999 21660004 21660004,21660005 21660003
wave 99999 99999 21660055 21660055,21660056 21660054
wave 99999 99999 21670005 21670005,21670006 21670004
wave 99999 99999 21670031 21670031,21670032 21670030
wave 99999 99999 21680004 21680004,21680005 21680003
wave 99999 99999 21680015 21680015,21680016 21680014
wave 99999 99999 21690004 21690004,21690005 21690003
wave 99999 99999 21690015 21690015,21690016 21690014
wave 99999 99999 21700004 21700004,21700005 21700003
wave 99999 99999 21700096 21700096,21700097 21700095
wave 99999 99999 21710004 21710004,21710005 21710003
wave 99999 99999 21710067 21710067,21710068 21710066
wave 99999 99999 21720004 21720004,21720005 21720003
wave 99999 99999 21720112 21720112,21720113 21720111
wave 99999 99999 21730004 21730004,21730005 21730003
wave 99999 99999 21730105 21730105,21730106 21730104
wave 99999 99999 21740004 21740004,21740005 21740003
wave 99999 99999 21740052 21740052,21740053 21740051
wave 99999 99999 21750004 21750004,21750005 21750003
wave 99999 99999 21750103 21750103,21750104 21750102
wave 99999 99999 21760007 21760007,21760008 21760006
wave 99999 99999 21760097 21760097,21760098 21760096
wave 99999 99999 21770004 21770004,21770005 21770003
wave 99999 99999 21770015 21770015,21770016 21770014
wave 99999 99999 21780004 21780004,21780005 21780003
wave 99999 99999 21780015 21780015,21780016 21780014
wave 99999 99999 21790004 21790004,21790005 21790003
wave 99999 99999 21790015 21790015,21790016 21790014
wave 99999 99999 21800004 21800004,21800005 21800003
wave 99999 99999 21800067 21800067,21800068 21800066
wave 99999 99999 21810004 21810004,21810005 21810003
wave 99999 99999 21810071 21810071,21810072 21810070
wave 99999 99999 21820005 21820005,21820006 21820004
wave 99999 99999 21820017 21820017,21820018 21820016
wave 99999 99999 21830003 21830003,21830004 21830002
wave 99999 99999 21830014 21830014,21830015 21830013
wave 99999 99999 21840004 21840004,21840005 21840003
wave 99999 99999 21840055 21840055,21840056 21840054
wave 99999 99999 21850004 21850004,21850005 21850003
wave 99999 99999 21850015 21850015,21850016 21850014
wave 99999 99999 21860004 21860004,21860005 21860003
wave 99999 99999 21860055 21860055,21860056 21860054
wave 99999 99999 21870004 21870004,21870005 21870003
wave 99999 99999 21870057 21870057,21870058 21870056
wave 99999 99999 21880004 21880004,21880005 21880003
wave 99999 99999 21880015 21880015,21880016 21880014
wave 99999 99999 21890004 21890004,21890005 21890003
wave 99999 99999 21890015 21890015,21890016 21890014
wave 99999 99999 21900004 21900004,21900005 21900003
wave 99999 99999 21900010 21900010,21900011 21900009
wave 99999 99999 21900021 21900021,21900022 21900020
wave 99999 99999 21910013 21910013,21910014 21910012
wave 99999 99999 21910024 21910024,21910025 21910023
wave 99999 99999 21920004 21920004,21920005 21920003
wave 99999 99999 21920015 21920015,21920016 21920014
wave 99999 99999 21930004 21930004,21930005 21930003
wave 99999 99999 21940004 21940004,21940005 21940003
wave 99999 99999 21940051 21940051,21940052 21940050
wave 99999 99999 21950004 21950004,21950005 21950003
wave 99999 99999 21950015 21950015,21950016 21950014
wave 99999 99999 21960004 21960004,21960005 21960003
wave 99999 99999 21960054 21960054,21960055 21960053
wave 99999 99999 21970004 21970004,21970005 21970003
wave 99999 99999 21970015 21970015,21970016 21970014
wave 99999 99999 21980004 21980004,21980005 21980003
wave 99999 99999 21980106 21980106,21980107 21980105
wave 99999 99999 21990004 21990004,21990005 21990003
wave 99999 99999 21990096 21990096,21990097 21990095
wave 99999 99999 22000004 22000004,22000005 22000003
wave 99999 99999 22000105 22000105,22000106 22000104
wave 99999 99999 22010004 22010004,22010005 22010003
wave 99999 99999 22010015 22010015,22010016 22010014
wave 99999 99999 22020093 22020093,22020094 22020092
wave 99999 99999 22030006 22030006,22030007 22030005
wave 99999 99999 22030098 22030098,22030099 22030097
wave 99999 99999 22040004 22040004,22040005 22040003
wave 99999 99999 22040060 22040060,22040061 22040059
wave 99999 99999 22050004 22050004,22050005 22050003
wave 99999 99999 22050015 22050015,22050016 22050014
wave 99999 99999 22060004 22060004,22060005 22060003
wave 99999 99999 22060015 22060015,22060016 22060014
wave 99999 99999 22070004 22070004,22070005 22070003
wave 99999 99999 22070015 22070015,22070016 22070014
wave 99999 99999 22080004 22080004,22080005 22080003
wave 99999 99999 22080037 22080037,22080038 22080036
wave 99999 99999 22090004 22090004,22090005 22090003
wave 99999 99999 22090015 22090015,22090016 22090014
wave 99999 99999 22100004 22100004,22100005 22100003
wave 99999 99999 22100015 22100015,22100016 22100014
wave 99999 99999 22110004 22110004,22110005 22110003
wave 99999 99999 22110015 22110015,22110016 22110014
wave 99999 99999 22120004 22120004,22120005 22120003
wave 99999 99999 22120015 22120015,22120016 22120014
wave 99999 99999 22130004 22130004,22130005 22130003
wave 99999 99999 22130015 22130015,22130016 22130014
wave 99999 99999 22140004 22140004,22140005 22140003
wave 99999 99999 22140034 22140034,22140035 22140033
wave 99999 99999 22150004 22150004,22150005 22150003
wave 99999 99999 22150015 22150015,22150016 22150014
wave 99999 99999 22160019 22160019,22160020 22160018
wave 99999 99999 22170004 22170004,22170005 22170003
wave 99999 99999 22170050 22170050,22170051 22170049
wave 99999 99999 22180005 22180005,22180006 22180004
wave 99999 99999 22180051 22180051,22180052 22180050
wave 99999 99999 22190004 22190004,22190005 22190003
wave 99999 99999 22190015 22190015,22190016 22190014
wave 99999 99999 22200004 22200004,22200005 22200003
wave 99999 99999 22200051 22200051,22200052 22200050
wave 99999 99999 22210004 22210004,22210005 22210003
wave 99999 99999 22210055 22210055,22210056 22210054
wave 99999 99999 22220004 22220004,22220005 22220003
lsf 99999 99999 22220029 22220029 22220001
lsf 99999 99999 22220030 22220030 22220001
lsf 99999 99999 22220031 22220031 22220033
lsf 99999 99999 22220032 22220032 22220033
wave 99999 99999 22220042 22220042,22220043 22220041
wave 99999 99999 22230004 22230004,22230005 22230003
wave 99999 99999 22230056 22230056,22230057 22230055
wave 99999 99999 22240004 22240004,22240005 22240003
wave 99999 99999 22240053 22240053,22240054 22240052
wave 99999 99999 22250004 22250004,22250005 22250003
wave 99999 99999 22250052 22250052,22250053 22250051
wave 99999 99999 22260004 22260004,22260005 22260003
wave 99999 99999 22260063 22260063,22260064 22260062
wave 99999 99999 22270004 22270004,22270005 22270003
wave 99999 99999 22270103 22270103,22270104 22270102
wave 99999 99999 22280004 22280004,22280005 22280003
wave 99999 99999 22280078 22280078,22280079 22280077
wave 99999 99999 22290004 22290004,22290005 22290003
wave 99999 99999 22290073 22290073,22290074 22290072
wave 99999 99999 22300004 22300004,22300005 22300003
wave 99999 99999 22300103 22300103,22300104 22300102
wave 99999 99999 22310006 22310006,22310007 22310005
wave 99999 99999 22310103 22310103,22310104 22310102
wave 99999 99999 22320005 22320005,22320006 22320004
wave 99999 99999 22320098 22320098,22320099 22320097
wave 99999 99999 22330004 22330004,22330005 22330003
lsf 99999 99999 22330043 22330043 22330032
lsf 99999 99999 22330044 22330044 22330032
lsf 99999 99999 22330045 22330045 22330047
lsf 99999 99999 22330046 22330046 22330047
wave 99999 99999 22330103 22330103,22330104 22330102
wave 99999 99999 22340004 22340004,22340005 22340003
wave 99999 99999 22340072 22340072,22340073 22340071
wave 99999 99999 22350004 22350004,22350005 22350003
wave 99999 99999 22350015 22350015,22350016 22350014
wave 99999 99999 22360004 22360004,22360005 22360003
wave 99999 99999 22360015 22360015,22360016 22360014
wave 99999 99999 22370004 22370004,22370005 22370003
wave 99999 99999 22370017 22370017,22370018 22370016
wave 99999 99999 22380004 22380004,22380005 22380003
wave 99999 99999 22380062 22380062,22380063 22380061
wave 99999 99999 22390004 22390004,22390005 22390003
wave 99999 99999 22390061 22390061,22390062 22390060
wave 99999 99999 22400004 22400004,22400005 22400003
wave 99999 99999 22400015 22400015,22400016 22400014
wave 99999 99999 22410004 22410004,22410005 22410003
wave 99999 99999 22410015 22410015,22410016 22410014
wave 99999 99999 22420004 22420004,22420005 22420003
wave 99999 99999 22420015 22420015,22420016 22420014
wave 99999 99999 22430004 22430004,22430005 22430003
wave 99999 99999 22430043 22430043,22430044 22430042
wave 99999 99999 22440004 22440004,22440005 22440003
wave 99999 99999 22440058 22440058,22440059 22440057
wave 99999 99999 22450004 22450004,22450005 22450003
wave 99999 99999 22450047 22450047,22450048 22450046
wave 99999 99999 22460004 22460004,22460005 22460003
wave 99999 99999 22460028 22460028,22460029 22460027
wave 99999 99999 22470011 22470011,22470012 22470010
wave 99999 99999 22470058 22470058,22470059 22470057
wave 99999 99999 22480004 22480004,22480005 22480003
wave 99999 99999 22480015 22480015,22480016 22480014
wave 99999 99999 22490004 22490004,22490005 22490003
wave 99999 99999 22490052 22490052,22490053 22490051
wave 99999 99999 22500004 22500004,22500005 22500003
wave 99999 99999 22500015 22500015,22500016 22500014
wave 99999 99999 22510004 22510004,22510005 22510003
wave 99999 99999 22510052 22510052,22510053 22510051
wave 99999 99999 22520004 22520004,22520005 22520003
wave 99999 99999 22520053 22520053,22520054 22520052
wave 99999 99999 22530004 22530004,22530005 22530003
wave 99999 99999 22530047 22530047,22530048 22530046
wave 99999 99999 22540004 22540004,22540005 22540003
wave 99999 99999 22540047 22540047,22540048 22540046
wave 99999 99999 22550004 22550004,22550005 22550003
wave 99999 99999 22550050 22550050,22550051 22550049
wave 99999 99999 22560004 22560004,22560005 22560003
wave 99999 99999 22560039 22560039,22560040 22560038
wave 99999 99999 22570004 22570004,22570005 22570003
lsf 99999 99999 22570040 22570040 22570033
lsf 99999 99999 22570041 22570041 22570033
lsf 99999 99999 22570042 22570042 22570044
lsf 99999 99999 22570043 22570043 22570044
wave 99999 99999 22570095 22570095,22570096 22570094
wave 99999 99999 22580004 22580004,22580005 22580003
wave 99999 99999 22580095 22580095,22580096 22580094
wave 99999 99999 22590004 22590004,22590005 22590003
wave 99999 99999 22590089 22590089,22590090 22590088
wave 99999 99999 22600004 22600004,22600005 22600003
wave 99999 99999 22600088 22600088,22600089 22600087
wave 99999 99999 22610004 22610004,22610005 22610003
wave 99999 99999 22620004 22620004,22620005 22620003
wave 99999 99999 22620053 22620053,22620054 22620052
wave 99999 99999 22630004 22630004,22630005 22630003
wave 99999 99999 22630090 22630090,22630091 22630089
wave 99999 99999 22640004 22640004,22640005 22640003
wave 99999 99999 22640078 22640078,22640079 22640077
wave 99999 99999 22650004 22650004,22650005 22650003
lsf 99999 99999 22650021 22650021 22650001
lsf 99999 99999 22650022 22650022 22650001
lsf 99999 99999 22650023 22650023 22650025
lsf 99999 99999 22650024 22650024 22650025
wave 99999 99999 22650095 22650095,22650096 22650094
wave 99999 99999 22660004 22660004,22660005 22660003
wave 99999 99999 22660085 22660085,22660086 22660084
wave 99999 99999 22670004 22670004,22670005 22670003
wave 99999 99999 22670094 22670094,22670095 22670093
wave 99999 99999 22680004 22680004,22680005 22680003
wave 99999 99999 22680088 22680088,22680089 22680087
wave 99999 99999 22690004 22690004,22690005 22690003
wave 99999 99999 22690090 22690090,22690091 22690089
wave 99999 99999 22700003 22700003,22700004 22700002
wave 99999 99999 22700077 22700077,22700078 22700076
wave 99999 99999 22710004 22710004,22710005 22710003
wave 99999 99999 22710097 22710097,22710098 22710096
wave 99999 99999 22720003 22720003,22720004 22720002
wave 99999 99999 22720057 22720057,22720058 22720056
wave 99999 99999 22730004 22730004,22730005 22730003
wave 99999 99999 22730052 22730052,22730053 22730051
wave 99999 99999 22740004 22740004,22740005 22740003
wave 99999 99999 22740015 22740015,22740016 22740014
wave 99999 99999 22750004 22750004,22750005 22750003
wave 99999 99999 22750059 22750059,22750060 22750058
wave 99999 99999 22760004 22760004,22760005 22760003
wave 99999 99999 22760053 22760053,22760054 22760052
wave 99999 99999 22770008 22770008,22770009 22770007
wave 99999 99999 22770064 22770064,22770065 22770063
wave 99999 99999 22780004 22780004,22780005 22780003
wave 99999 99999 22780027 22780027,22780028 22780026
wave 99999 99999 22790004 22790004,22790005 22790003
wave 99999 99999 22790015 22790015,22790016 22790014
wave 99999 99999 22800004 22800004,22800005 22800003
wave 99999 99999 22800015 22800015,22800016 22800014
wave 99999 99999 22810005 22810005,22810006 22810004
wave 99999 99999 22810049 22810049,22810050 22810048
wave 99999 99999 22820004 22820004,22820005 22820003
wave 99999 99999 22820015 22820015,22820016 22820014
wave 99999 99999 22830004 22830004,22830005 22830003
wave 99999 99999 22830022 22830022,22830023 22830021
wave 99999 99999 22840004 22840004,22840005 22840003
wave 99999 99999 22840058 22840058,22840059 22840057
wave 99999 99999 22850004 22850004,22850005 22850003
wave 99999 99999 22850042 22850042,22850043 22850041
wave 99999 99999 22860004 22860004,22860005 22860003
wave 99999 99999 22860053 22860053,22860054 22860052
wave 99999 99999 22870004 22870004,22870005 22870003
wave 99999 99999 22870095 22870095,22870096 22870094
wave 99999 99999 22880004 22880004,22880005 22880003
wave 99999 99999 22880087 22880087,22880088 22880086
wave 99999 99999 22890004 22890004,22890005 22890003
wave 99999 99999 22890084 22890084,22890085 22890083
wave 99999 99999 22900004 22900004,22900005 22900003
wave 99999 99999 22900080 22900080,22900081 22900079
wave 99999 99999 22910004 22910004,22910005 22910003
wave 99999 99999 22910055 22910055,22910056 22910054
wave 99999 99999 22920004 22920004,22920005 22920003
lsf 99999 99999 22920043 22920043 22920032
lsf 99999 99999 22920044 22920044 22920032
lsf 99999 99999 22920045 22920045 22920047
lsf 99999 99999 22920046 22920046 22920047
wave 99999 99999 22920067 22920067,22920068 22920066
wave 99999 99999 22930004 22930004,22930005 22930003
wave 99999 99999 22930039 22930039,22930040 22930038
wave 99999 99999 22940004 22940004,22940005 22940003
wave 99999 99999 22940060 22940060,22940061 22940059
wave 99999 99999 22950004 22950004,22950005 22950003
wave 99999 99999 22950092 22950092,22950093 22950091
wave 99999 99999 22960004 22960004,22960005 22960003
wave 99999 99999 22960087 22960087,22960088 22960086
wave 99999 99999 22970004 22970004,22970005 22970003
wave 99999 99999 22970083 22970083,22970084 22970082
wave 99999 99999 22980004 22980004,22980005 22980003
wave 99999 99999 22980090 22980090,22980091 22980089
wave 99999 99999 22990004 22990004,22990005 22990003
wave 99999 99999 22990087 22990087,22990088 22990086
wave 99999 99999 23000079 23000079,23000080 23000078
wave 99999 99999 23010004 23010004,23010005 23010003
wave 99999 99999 23010092 23010092,23010093 23010091
wave 99999 99999 23020004 23020004,23020005 23020003
wave 99999 99999 23020070 23020070,23020071 23020069
wave 99999 99999 23030006 23030006,23030007 23030005
wave 99999 99999 23030050 23030050,23030051 23030049
wave 99999 99999 23040004 23040004,23040005 23040003
wave 99999 99999 23040017 23040017,23040018 23040016
wave 99999 99999 23050004 23050004,23050005 23050003
wave 99999 99999 23050047 23050047,23050048 23050046
wave 99999 99999 23060003 23060003,23060004 23060002
wave 99999 99999 23060014 23060014,23060015 23060013
wave 99999 99999 23070004 23070004,23070005 23070003
wave 99999 99999 23070015 23070015,23070016 23070014
wave 99999 99999 23080004 23080004,23080005 23080003
wave 99999 99999 23080036 23080036,23080037 23080035
wave 99999 99999 23090005 23090005,23090006 23090004
wave 99999 99999 23100014 23100014,23100015 23100013
wave 99999 99999 23100025 23100025,23100026 23100024
wave 99999 99999 23110004 23110004,23110005 23110003
wave 99999 99999 23110015 23110015,23110016 23110014
wave 99999 99999 23120003 23120003,23120004 23120002
wave 99999 99999 23120050 23120050,23120051 23120049
wave 99999 99999 23130005 23130005,23130006 23130004
wave 99999 99999 23130053 23130053,23130054 23130052
wave 99999 99999 23140003 23140003,23140004 23140002
lsf 99999 99999 23140042 23140042 23140037
lsf 99999 99999 23140043 23140043 23140037
lsf 99999 99999 23140044 23140044 23140046
lsf 99999 99999 23140045 23140045 23140046
wave 99999 99999 23140082 23140082,23140083 23140081
wave 99999 99999 23150004 23150004,23150005 23150003
wave 99999 99999 23150076 23150076,23150077 23150075
wave 99999 99999 23160005 23160005,23160006 23160004
wave 99999 99999 23160082 23160082,23160083 23160081
wave 99999 99999 23170004 23170004,23170005 23170003
wave 99999 99999 23170087 23170087,23170088 23170086
wave 99999 99999 23180004 23180004,23180005 23180003
wave 99999 99999 23180039 23180039,23180040 23180038
wave 99999 99999 23190003 23190003,23190004 23190002
wave 99999 99999 23190068 23190068,23190069 23190067
wave 99999 99999 23200004 23200004,23200005 23200003
wave 99999 99999 23200015 23200015,23200016 23200014
wave 99999 99999 23210003 23210003,23210004 23210002
wave 99999 99999 23210076 23210076,23210077 23210075
wave 99999 99999 23220004 23220004,23220005 23220003
wave 99999 99999 23220066 23220066,23220067 23220065
wave 99999 99999 23230004 23230004,23230005 23230003
wave 99999 99999 23230024 23230024,23230025 23230023
wave 99999 99999 23240004 23240004,23240005 23240003
wave 99999 99999 23240075 23240075,23240076 23240074
wave 99999 99999 23250004 23250004,23250005 23250003
wave 99999 99999 23250064 23250064,23250065 23250063
wave 99999 99999 23260004 23260004,23260005 23260003
wave 99999 99999 23260081 23260081,23260082 23260080
wave 99999 99999 23270007 23270007,23270008 23270006
wave 99999 99999 23270082 23270082,23270083 23270081
wave 99999 99999 23280005 23280005,23280006 23280004
wave 99999 99999 23280054 23280054,23280055 23280053
wave 99999 99999 23290004 23290004,23290005 23290003
wave 99999 99999 23290078 23290078,23290079 23290077
wave 99999 99999 23300004 23300004,23300005 23300003
wave 99999 99999 23300055 23300055,23300056 23300054
wave 99999 99999 23310004 23310004,23310005 23310003
wave 99999 99999 23310040 23310040,23310041 23310039
wave 99999 99999 23320004 23320004,23320005 23320003
wave 99999 99999 23320049 23320049,23320050 23320048
wave 99999 99999 23330003 23330003,23330004 23330002
wave 99999 99999 23330048 23330048,23330049 23330047
wave 99999 99999 23340007 23340007,23340008 23340006
wave 99999 99999 23340059 23340059,23340060 23340058
wave 99999 99999 23350003 23350003,23350004 23350002
wave 99999 99999 23350063 23350063,23350064 23350062
wave 99999 99999 23360004 23360004,23360005 23360003
wave 99999 99999 23360060 23360060,23360061 23360059
wave 99999 99999 23370004 23370004,23370005 23370003
wave 99999 99999 23370033 23370033,23370034 23370032
wave 99999 99999 23380004 23380004,23380005 23380003
wave 99999 99999 23380065 23380065,23380066 23380064
wave 99999 99999 23390004 23390004,23390005 23390003
wave 99999 99999 23390050 23390050,23390051 23390049
wave 99999 99999 23400004 23400004,23400005 23400003
wave 99999 99999 23400062 23400062,23400063 23400061
wave 99999 99999 23410003 23410003,23410004 23410002
wave 99999 99999 23410021 23410021,23410022 23410020
wave 99999 99999 23420004 23420004,23420005 23420003
wave 99999 99999 23420015 23420015,23420016 23420014
wave 99999 99999 23430004 23430004,23430005 23430003
wave 99999 99999 23430039 23430039,23430040 23430038
wave 99999 99999 23440004 23440004,23440005 23440003
wave 99999 99999 23440015 23440015,23440016 23440014
wave 99999 99999 23450004 23450004,23450005 23450003
wave 99999 99999 23450020 23450020,23450021 23450019
wave 99999 99999 23460005 23460005,23460006 23460004
wave 99999 99999 23460087 23460087,23460088 23460086
wave 99999 99999 23470018 23470018,23470019 23470017
wave 99999 99999 23470085 23470085,23470086 23470084
wave 99999 99999 23480004 23480004,23480005 23480003
wave 99999 99999 23480015 23480015,23480016 23480014
wave 99999 99999 23490004 23490004,23490005 23490003
wave 99999 99999 23490044 23490044,23490045 23490043
wave 99999 99999 23500004 23500004,23500005 23500003
wave 99999 99999 23500035 23500035,23500036 23500034
wave 99999 99999 23510005 23510005,23510006 23510004
wave 99999 99999 23510041 23510041,23510042 23510040
wave 99999 99999 23520020 23520020,23520021 23520019
lsf 99999 99999 23520053 23520053 23520042
lsf 99999 99999 23520054 23520054 23520042
lsf 99999 99999 23520055 23520055 23520057
lsf 99999 99999 23520056 23520056 23520057
wave 99999 99999 23520095 23520095,23520096 23520094
wave 99999 99999 23530004 23530004,23530005 23530003
wave 99999 99999 23530085 23530085,23530086 23530084
wave 99999 99999 23540006 23540006,23540007 23540005
wave 99999 99999 23540079 23540079,23540080 23540078
wave 99999 99999 23550004 23550004,23550005 23550003
wave 99999 99999 23550071 23550071,23550072 23550070
wave 99999 99999 23560004 23560004,23560005 23560003
wave 99999 99999 23570004 23570004,23570005 23570003
wave 99999 99999 23570084 23570084,23570085 23570083
wave 99999 99999 23580004 23580004,23580005 23580003
wave 99999 99999 23580081 23580081,23580082 23580080
wave 99999 99999 23590005 23590005,23590006 23590004
wave 99999 99999 23590085 23590085,23590086 23590084
wave 99999 99999 23600004 23600004,23600005 23600003
wave 99999 99999 23600083 23600083,23600084 23600082
wave 99999 99999 23610004 23610004,23610005 23610003
wave 99999 99999 23610068 23610068,23610069 23610067
wave 99999 99999 23620004 23620004,23620005 23620003
wave 99999 99999 23620015 23620015,23620016 23620014
wave 99999 99999 23630004 23630004,23630005 23630003
wave 99999 99999 23630015 23630015,23630016 23630014
wave 99999 99999 23640004 23640004,23640005 23640003
wave 99999 99999 23640015 23640015,23640016 23640014
wave 99999 99999 23650004 23650004,23650005 23650003
wave 99999 99999 23650022 23650022,23650023 23650021
wave 99999 99999 23660003 23660003,23660004 23660002
wave 99999 99999 23660014 23660014,23660015 23660013
wave 99999 99999 23670004 23670004,23670005 23670003
wave 99999 99999 23670015 23670015,23670016 23670014
wave 99999 99999 23680005 23680005,23680006 23680004
wave 99999 99999 23680016 23680016,23680017 23680015
wave 99999 99999 23690004 23690004,23690005 23690003
wave 99999 99999 23690035 23690035,23690036 23690034
wave 99999 99999 23700004 23700004,23700005 23700003
wave 99999 99999 23700048 23700048,23700049 23700047
wave 99999 99999 23710049 23710049,23710050 23710048
wave 99999 99999 23720004 23720004,23720005 23720003
wave 99999 99999 23720062 23720062,23720063 23720061
wave 99999 99999 23730004 23730004,23730005 23730003
lsf 99999 99999 23730019 23730019 23730001
lsf 99999 99999 23730020 23730020 23730001
lsf 99999 99999 23730021 23730021 23730023
lsf 99999 99999 23730022 23730022 23730023
wave 99999 99999 23730054 23730054,23730055 23730053
wave 99999 99999 23740004 23740004,23740005 23740003
wave 99999 99999 23740038 23740038,23740039 23740037
wave 99999 99999 23750004 23750004,23750005 23750003
wave 99999 99999 23750015 23750015,23750016 23750014
wave 99999 99999 23760004 23760004,23760005 23760003
wave 99999 99999 23760062 23760062,23760063 23760061
wave 99999 99999 23770006 23770006,23770007 23770005
wave 99999 99999 23770064 23770064,23770065 23770063
wave 99999 99999 23780004 23780004,23780005 23780003
wave 99999 99999 23780011 23780011,23780012 23780010
wave 99999 99999 23780088 23780088,23780089 23780087
wave 99999 99999 23790004 23790004,23790005 23790003
wave 99999 99999 23790071 23790071,23790072 23790070
wave 99999 99999 23800004 23800004,23800005 23800003
wave 99999 99999 23800081 23800081,23800082 23800080
wave 99999 99999 23810004 23810004,23810005 23810003
wave 99999 99999 23810015 23810015,23810016 23810014
wave 99999 99999 23820004 23820004,23820005 23820003
wave 99999 99999 23820015 23820015,23820016 23820014
multiwave 99999 99999 20560000 20560003,20560004,20560051,20560052,20570004,20570005,20570041,20570042,20580004,20580005,20590004,20590005,20600012,20600013,20610004,20610005,20620004,20620005,20630004,20630005
multiwave 99999 99999 20630000 20630015,20630016,20640004,20640005,20640015,20640016,20650004,20650005,20650015,20650016,20660008,20660009,20670003,20670004,20670014,20670015,20680003,20680004,20680014,20680015
multiwave 99999 99999 20690000 20690003,20690004,20690014,20690015,20700005,20700006,20700016,20700017,20710004,20710005,20710015,20710016,20720004,20720005,20720015,20720016,20730004,20730005,20730015,20730016
multiwave 99999 99999 20740000 20740004,20740005,20740015,20740016,20750004,20750005,20750015,20750016,20760004,20760005,20760015,20760016,20770004,20770005,20770015,20770016,20780004,20780005,20780015,20780016
multiwave 99999 99999 20790000 20790003,20790004,20790014,20790015,20800004,20800005,20810004,20810005,20810069,20810070,20820004,20820005,20820015,20820016,20830004,20830005,20830077,20830078,20840004,20840005
multiwave 99999 99999 20840000 20840015,20840016,20850004,20850005,20850015,20850016,20860004,20860005,20860095,20860096,20870004,20870005,20870100,20870101,20880003,20880004,20880102,20880103,20890004,20890005
multiwave 99999 99999 20890000 20890088,20890089,20900003,20900004,20900076,20900077,20910004,20910005,20910068,20910069,20920004,20920005,20920059,20920060,20930004,20930005,20930048,20930049,20940004,20940005
multiwave 99999 99999 20940000 20940071,20940072,20950004,20950005,20950015,20950016,20960004,20960005,20960028,20960029,20970004,20970005,20970053,20970054,20980004,20980005,20980032,20980033,20990004,20990005
multiwave 99999 99999 20990000 20990015,20990016,21000003,21000004,21000047,21000048,21010004,21010005,21010056,21010057,21020004,21020005,21020050,21020051,21030004,21030005,21030080,21030081,21040004,21040005
multiwave 99999 99999 21040000 21040082,21040083,21050004,21050005,21050065,21050066,21060004,21060005,21060044,21060045,21070004,21070005,21070015,21070016,21080004,21080005,21080015,21080016,21090004,21090005
multiwave 99999 99999 21090000 21090015,21090016,21100004,21100005,21100085,21100086,21110004,21110005,21110077,21110078,21120004,21120005,21120064,21120065,21130004,21130005,21130105,21130106,21140004,21140005
multiwave 99999 99999 21140000 21140097,21140098,21150004,21150005,21150110,21150111,21160004,21160005,21160106,21160107,21170004,21170005,21170103,21170104,21180004,21180005,21180086,21180087,21190004,21190005
multiwave 99999 99999 21190000 21190053,21190054,21200004,21200005,21200090,21200091,21210004,21210005,21210053,21210054,21220004,21220005,21220072,21220073,21230004,21230005,21230082,21230083,21240004,21240005
multiwave 99999 99999 21240000 21240038,21240039,21250004,21250005,21250078,21250079,21260005,21260006,21260067,21260068,21270004,21270005,21270076,21270077,21280004,21280005,21280042,21280043,21290004,21290005
multiwave 99999 99999 21290000 21290088,21290089,21300004,21300005,21300090,21300091,21310004,21310005,21310088,21310089,21320004,21320005,21320015,21320016,21330004,21330005,21330015,21330016,21340004,21340005
multiwave 99999 99999 21340000 21340015,21340016,21350004,21350005,21350015,21350016,21360004,21360005,21360015,21360016,21370004,21370005,21370015,21370016,21380004,21380005,21380015,21380016,21390004,21390005
multiwave 99999 99999 21390000 21390026,21390027,21400004,21400005,21400015,21400016,21410004,21410005,21410015,21410016,21420004,21420005,21420015,21420016,21430005,21430006,21430024,21430025,21440004,21440005
multiwave 99999 99999 21450000 21450004,21450005,21450112,21450113,21460004,21460005,21460113,21460114,21470004,21470005,21470048,21470049,21480004,21480005,21480057,21480058,21490004,21490005,21490074,21490075
multiwave 99999 99999 21500000 21500004,21500005,21500103,21500104,21510004,21510005,21510053,21510054,21520004,21520005,21520017,21520018,21530004,21530005,21530067,21530068,21540004,21540005,21540086,21540087
multiwave 99999 99999 21550000 21550004,21550005,21550041,21550042,21560004,21560005,21560015,21560016,21570004,21570005,21570015,21570016,21580004,21580005,21580015,21580016,21590004,21590005,21590015,21590016
multiwave 99999 99999 21600000 21600004,21600005,21600052,21600053,21610004,21610005,21610055,21610056,21620004,21620005,21620037,21620038,21630004,21630005,21630015,21630016,21640004,21640005,21640028,21640029
multiwave 99999 99999 21650000 21650004,21650005,21660004,21660005,21660055,21660056,21670005,21670006,21670031,21670032,21680004,21680005,21680015,21680016,21690004,21690005,21690015,21690016,21700004,21700005
multiwave 99999 99999 21700000 21700096,21700097,21710004,21710005,21710067,21710068,21720004,21720005,21720112,21720113,21730004,21730005,21730105,21730106,21740004,21740005,21740052,21740053,21750004,21750005
multiwave 99999 99999 21750000 21750103,21750104,21760007,21760008,21760097,21760098,21770004,21770005,21770015,21770016,21780004,21780005,21780015,21780016,21790004,21790005,21790015,21790016,21800004,21800005
multiwave 99999 99999 21800000 21800067,21800068,21810004,21810005,21810071,21810072,21820005,21820006,21820017,21820018,21830003,21830004,21830014,21830015,21840004,21840005,21840055,21840056,21850004,21850005
multiwave 99999 99999 21850000 21850015,21850016,21860004,21860005,21860055,21860056,21870004,21870005,21870057,21870058,21880004,21880005,21880015,21880016,21890004,21890005,21890015,21890016,21900004,21900005
multiwave 99999 99999 21900000 21900010,21900011,21900021,21900022,21910013,21910014,21910024,21910025,21920004,21920005,21920015,21920016,21930004,21930005,21940004,21940005,21940051,21940052,21950004,21950005
multiwave 99999 99999 21950000 21950015,21950016,21960004,21960005,21960054,21960055,21970004,21970005,21970015,21970016,21980004,21980005,21980106,21980107,21990004,21990005,21990096,21990097,22000004,22000005
multiwave 99999 99999 22000000 22000105,22000106,22010004,22010005,22010015,22010016,22020093,22020094,22030006,22030007,22030098,22030099,22040004,22040005,22040060,22040061,22050004,22050005,22050015,22050016
multiwave 99999 99999 22060000 22060004,22060005,22060015,22060016,22070004,22070005,22070015,22070016,22080004,22080005,22080037,22080038,22090004,22090005,22090015,22090016,22100004,22100005,22100015,22100016
multiwave 99999 99999 22110000 22110004,22110005,22110015,22110016,22120004,22120005,22120015,22120016,22130004,22130005,22130015,22130016,22140004,22140005,22140034,22140035,22150004,22150005,22150015,22150016
multiwave 99999 99999 22160000 22160019,22160020,22170004,22170005,22170050,22170051,22180005,22180006,22180051,22180052,22190004,22190005,22190015,22190016,22200004,22200005,22200051,22200052,22210004,22210005
multiwave 99999 99999 22210000 22210055,22210056,22220004,22220005,22220042,22220043,22230004,22230005,22230056,22230057,22240004,22240005,22240053,22240054,22250004,22250005,22250052,22250053,22260004,22260005
multiwave 99999 99999 22260000 22260063,22260064,22270004,22270005,22270103,22270104,22280004,22280005,22280078,22280079,22290004,22290005,22290073,22290074,22300004,22300005,22300103,22300104,22310006,22310007
multiwave 99999 99999 22310000 22310103,22310104,22320005,22320006,22320098,22320099,22330004,22330005,22330103,22330104,22340004,22340005,22340072,22340073,22350004,22350005,22350015,22350016,22360004,22360005
multiwave 99999 99999 22360000 22360015,22360016,22370004,22370005,22370017,22370018,22380004,22380005,22380062,22380063,22390004,22390005,22390061,22390062,22400004,22400005,22400015,22400016,22410004,22410005
multiwave 99999 99999 22410000 22410015,22410016,22420004,22420005,22420015,22420016,22430004,22430005,22430043,22430044,22440004,22440005,22440058,22440059,22450004,22450005,22450047,22450048,22460004,22460005
multiwave 99999 99999 22460000 22460028,22460029,22470011,22470012,22470058,22470059,22480004,22480005,22480015,22480016,22490004,22490005,22490052,22490053,22500004,22500005,22500015,22500016,22510004,22510005
multiwave 99999 99999 22510000 22510052,22510053,22520004,22520005,22520053,22520054,22530004,22530005,22530047,22530048,22540004,22540005,22540047,22540048,22550004,22550005,22550050,22550051,22560004,22560005
multiwave 99999 99999 22560000 22560039,22560040,22570004,22570005,22570095,22570096,22580004,22580005,22580095,22580096,22590004,22590005,22590089,22590090,22600004,22600005,22600088,22600089,22610004,22610005
multiwave 99999 99999 22620000 22620004,22620005,22620053,22620054,22630004,22630005,22630090,22630091,22640004,22640005,22640078,22640079,22650004,22650005,22650095,22650096,22660004,22660005,22660085,22660086
multiwave 99999 99999 22670000 22670004,22670005,22670094,22670095,22680004,22680005,22680088,22680089,22690004,22690005,22690090,22690091,22700003,22700004,22700077,22700078,22710004,22710005,22710097,22710098
multiwave 99999 99999 22720000 22720003,22720004,22720057,22720058,22730004,22730005,22730052,22730053,22740004,22740005,22740015,22740016,22750004,22750005,22750059,22750060,22760004,22760005,22760053,22760054
multiwave 99999 99999 22770000 22770008,22770009,22770064,22770065,22780004,22780005,22780027,22780028,22790004,22790005,22790015,22790016,22800004,22800005,22800015,22800016,22810005,22810006,22810049,22810050
multiwave 99999 99999 22820000 22820004,22820005,22820015,22820016,22830004,22830005,22830022,22830023,22840004,22840005,22840058,22840059,22850004,22850005,22850042,22850043,22860004,22860005,22860053,22860054
multiwave 99999 99999 22870000 22870004,22870005,22870095,22870096,22880004,22880005,22880087,22880088,22890004,22890005,22890084,22890085,22900004,22900005,22900080,22900081,22910004,22910005,22910055,22910056
multiwave 99999 99999 22920000 22920004,22920005,22920067,22920068,22930004,22930005,22930039,22930040,22940004,22940005,22940060,22940061,22950004,22950005,22950092,22950093,22960004,22960005,22960087,22960088
multiwave 99999 99999 22970000 22970004,22970005,22970083,22970084,22980004,22980005,22980090,22980091,22990004,22990005,22990087,22990088,23000079,23000080,23010004,23010005,23010092,23010093,23020004,23020005
multiwave 99999 99999 23020000 23020070,23020071,23030006,23030007,23030050,23030051,23040004,23040005,23040017,23040018,23050004,23050005,23050047,23050048,23060003,23060004,23060014,23060015,23070004,23070005
multiwave 99999 99999 23070000 23070015,23070016,23080004,23080005,23080036,23080037,23090005,23090006,23100014,23100015,23100025,23100026,23110004,23110005,23110015,23110016,23120003,23120004,23120050,23120051
multiwave 99999 99999 23130000 23130005,23130006,23130053,23130054,23140003,23140004,23140082,23140083,23150004,23150005,23150076,23150077,23160005,23160006,23160082,23160083,23170004,23170005,23170087,23170088
multiwave 99999 99999 23180000 23180004,23180005,23180039,23180040,23190003,23190004,23190068,23190069,23200004,23200005,23200015,23200016,23210003,23210004,23210076,23210077,23220004,23220005,23220066,23220067
multiwave 99999 99999 23230000 23230004,23230005,23230024,23230025,23240004,23240005,23240075,23240076,23250004,23250005,23250064,23250065,23260004,23260005,23260081,23260082,23270007,23270008,23270082,23270083
multiwave 99999 99999 23280000 23280005,23280006,23280054,23280055,23290004,23290005,23290078,23290079,23300004,23300005,23300055,23300056,23310004,23310005,23310040,23310041,23320004,23320005,23320049,23320050
multiwave 99999 99999 23330000 23330003,23330004,23330048,23330049,23340007,23340008,23340059,23340060,23350003,23350004,23350063,23350064,23360004,23360005,23360060,23360061,23370004,23370005,23370033,23370034
multiwave 99999 99999 23380000 23380004,23380005,23380065,23380066,23390004,23390005,23390050,23390051,23400004,23400005,23400062,23400063,23410003,23410004,23410021,23410022,23420004,23420005,23420015,23420016
multiwave 99999 99999 23430000 23430004,23430005,23430039,23430040,23440004,23440005,23440015,23440016,23450004,23450005,23450020,23450021,23460005,23460006,23460087,23460088,23470018,23470019,23470085,23470086
multiwave 99999 99999 23480000 23480004,23480005,23480015,23480016,23490004,23490005,23490044,23490045,23500004,23500005,23500035,23500036,23510005,23510006,23510041,23510042,23520020,23520021,23520095,23520096
multiwave 99999 99999 23530000 23530004,23530005,23530085,23530086,23540006,23540007,23540079,23540080,23550004,23550005,23550071,23550072,23560004,23560005,23570004,23570005,23570084,23570085,23580004,23580005
multiwave 99999 99999 23580000 23580081,23580082,23590005,23590006,23590085,23590086,23600004,23600005,23600083,23600084,23610004,23610005,23610068,23610069,23620004,23620005,23620015,23620016,23630004,23630005
multiwave 99999 99999 23630000 23630015,23630016,23640004,23640005,23640015,23640016,23650004,23650005,23650022,23650023,23660003,23660004,23660014,23660015,23670004,23670005,23670015,23670016,23680005,23680006
multiwave 99999 99999 23680000 23680016,23680017,23690004,23690005,23690035,23690036,23700004,23700005,23700048,23700049,23710049,23710050,23720004,23720005,23720062,23720063,23730004,23730005,23730054,23730055
multiwave 99999 99999 23740000 23740004,23740005,23740038,23740039,23750004,23750005,23750015,23750016,23760004,23760005,23760062,23760063,23770006,23770007,23770064,23770065,23780004,23780005,23780011,23780012
multiwave 99999 99999 23780000 23780088,23780089,23790004,23790005,23790071,23790072,23800004,23800005,23800081,23800082,23810004,23810005,23810015,23810016,23820004,23820005,23820015,23820016
