wave 99999 99999 05870007 05870007,05870008 05870006
wave 99999 99999 05870018 05870018,05870019 05870017
wave 99999 99999 05910004 05910004,05910005 05910003
wave 99999 99999 05920004 05920004,05920005 05920003
wave 99999 99999 05930004 05930004,05930005 05930003
wave 99999 99999 05940003 05940003,05940004 05940002
wave 99999 99999 05950003 05950003,05950004 05950002
wave 99999 99999 05950014 05950014,05950015 05950013
wave 99999 99999 05960003 05960003,05960004 05960002
wave 99999 99999 05960014 05960014,05960015 05960013
wave 99999 99999 05970003 05970003,05970004 05970002
wave 99999 99999 05970014 05970014,05970015 05970013
wave 99999 99999 05980003 05980003,05980004 05980002
wave 99999 99999 05980014 05980014,05980015 05980013
wave 99999 99999 05990007 05990007,05990008 05990006
wave 99999 99999 06000003 06000003,06000004 06000002
wave 99999 99999 06000014 06000014,06000015 06000013
wave 99999 99999 06010003 06010003,06010004 06010002
wave 99999 99999 06010014 06010014,06010015 06010013
wave 99999 99999 06020004 06020004,06020005 06020003
lsf 99999 99999 06020019 06020019 06020001
lsf 99999 99999 06020020 06020020 06020001
lsf 99999 99999 06020021 06020021 06020023
lsf 99999 99999 06020022 06020022 06020023
wave 99999 99999 06020052 06020052,06020053 06020051
wave 99999 99999 06030004 06030004,06030005 06030003
wave 99999 99999 06030024 06030024,06030025 06030023
wave 99999 99999 06040004 06040004,06040005 06040003
wave 99999 99999 06040015 06040015,06040016 06040014
wave 99999 99999 06050004 06050004,06050005 06050003
wave 99999 99999 06050029 06050029,06050030 06050028
wave 99999 99999 06060003 06060003,06060004 06060002
lsf 99999 99999 06060018 06060018 06060001
lsf 99999 99999 06060019 06060019 06060001
lsf 99999 99999 06060020 06060020 06060022
lsf 99999 99999 06060021 06060021 06060022
wave 99999 99999 06060080 06060080,06060081 06060079
wave 99999 99999 06070003 06070003,06070004 06070002
lsf 99999 99999 06070018 06070018 06070001
lsf 99999 99999 06070019 06070019 06070001
lsf 99999 99999 06070020 06070020 06070022
lsf 99999 99999 06070021 06070021 06070022
wave 99999 99999 06070099 06070099,06070100 06070098
wave 99999 99999 06080003 06080003,06080004 06080002
lsf 99999 99999 06080018 06080018 06080001
lsf 99999 99999 06080019 06080019 06080001
lsf 99999 99999 06080020 06080020 06080022
lsf 99999 99999 06080021 06080021 06080022
wave 99999 99999 06080101 06080101,06080102 06080100
wave 99999 99999 06090003 06090003,06090004 06090002
lsf 99999 99999 06090029 06090029 06090018
lsf 99999 99999 06090030 06090030 06090018
lsf 99999 99999 06090031 06090031 06090033
lsf 99999 99999 06090032 06090032 06090033
wave 99999 99999 06090101 06090101,06090102 06090100
wave 99999 99999 06100003 06100003,06100004 06100002
lsf 99999 99999 06100018 06100018 06100001
lsf 99999 99999 06100019 06100019 06100001
lsf 99999 99999 06100020 06100020 06100022
lsf 99999 99999 06100021 06100021 06100022
lsf 99999 99999 06100055 06100055 06100056
wave 99999 99999 06100102 06100102,06100103 06100101
wave 99999 99999 06110003 06110003,06110004 06110002
lsf 99999 99999 06110029 06110029 06110018
lsf 99999 99999 06110030 06110030 06110018
lsf 99999 99999 06110031 06110031 06110033
lsf 99999 99999 06110032 06110032 06110033
wave 99999 99999 06110101 06110101,06110102 06110100
wave 99999 99999 06120003 06120003,06120004 06120002
wave 99999 99999 06120010 06120010,06120011 06120009
lsf 99999 99999 06120035 06120035 06120026
lsf 99999 99999 06120036 06120036 06120026
lsf 99999 99999 06120037 06120037 06120039
lsf 99999 99999 06120038 06120038 06120039
wave 99999 99999 06120048 06120048,06120049 06120047
wave 99999 99999 06130004 06130004,06130005 06130003
lsf 99999 99999 06130019 06130019 06130001
lsf 99999 99999 06130020 06130020 06130001
lsf 99999 99999 06130021 06130021 06130023
lsf 99999 99999 06130022 06130022 06130023
wave 99999 99999 06130039 06130039,06130040 06130038
wave 99999 99999 06140004 06140004,06140005 06140003
wave 99999 99999 06140024 06140024,06140025 06140023
wave 99999 99999 06150004 06150004,06150005 06150003
lsf 99999 99999 06150024 06150024 06150001
lsf 99999 99999 06150025 06150025 06150001
lsf 99999 99999 06150026 06150026 06150028
lsf 99999 99999 06150027 06150027 06150028
wave 99999 99999 06150064 06150064,06150065 06150063
wave 99999 99999 06160003 06160003,06160004 06160002
wave 99999 99999 06160014 06160014,06160015 06160013
wave 99999 99999 06170003 06170003,06170004 06170002
wave 99999 99999 06170014 06170014,06170015 06170013
wave 99999 99999 06180003 06180003,06180004 06180002
wave 99999 99999 06180014 06180014,06180015 06180013
wave 99999 99999 06190003 06190003,06190004 06190002
wave 99999 99999 06190014 06190014,06190015 06190013
wave 99999 99999 06200007 06200007,06200008 06200006
wave 99999 99999 06200022 06200022,06200023 06200021
wave 99999 99999 06210004 06210004,06210005 06210003
wave 99999 99999 06210015 06210015,06210016 06210014
wave 99999 99999 06220003 06220003,06220004 06220002
wave 99999 99999 06220014 06220014,06220015 06220013
wave 99999 99999 06230005 06230005,06230006 06230004
wave 99999 99999 06230023 06230023,06230024 06230022
wave 99999 99999 06240003 06240003,06240004 06240002
wave 99999 99999 06240021 06240021,06240022 06240020
wave 99999 99999 06250003 06250003,06250004 06250002
wave 99999 99999 06250021 06250021,06250022 06250020
wave 99999 99999 06260004 06260004,06260005 06260003
wave 99999 99999 06260020 06260020,06260021 06260019
wave 99999 99999 06270004 06270004,06270005 06270003
wave 99999 99999 06270011 06270011,06270012 06270010
wave 99999 99999 06270031 06270031,06270032 06270030
wave 99999 99999 06280004 06280004,06280005 06280003
wave 99999 99999 06280029 06280029,06280030 06280028
wave 99999 99999 06290004 06290004,06290005 06290003
wave 99999 99999 06290022 06290022,06290023 06290021
wave 99999 99999 06300004 06300004,06300005 06300003
wave 99999 99999 06300011 06300011,06300012 06300010
wave 99999 99999 06300018 06300018,06300019 06300017
wave 99999 99999 06300060 06300060,06300061 06300059
wave 99999 99999 06310004 06310004,06310005 06310003
lsf 99999 99999 06310019 06310019 06310001
lsf 99999 99999 06310020 06310020 06310001
lsf 99999 99999 06310021 06310021 06310023
lsf 99999 99999 06310022 06310022 06310023
wave 99999 99999 06310058 06310058,06310059 06310057
wave 99999 99999 06320004 06320004,06320005 06320003
wave 99999 99999 06320065 06320065,06320066 06320064
wave 99999 99999 06330004 06330004,06330005 06330003
lsf 99999 99999 06330017 06330017 06330001
lsf 99999 99999 06330018 06330018 06330001
lsf 99999 99999 06330019 06330019 06330021
lsf 99999 99999 06330020 06330020 06330021
lsf 99999 99999 06330043 06330043 06330032
lsf 99999 99999 06330044 06330044 06330032
lsf 99999 99999 06330045 06330045 06330047
lsf 99999 99999 06330046 06330046 06330047
wave 99999 99999 06330078 06330078,06330079 06330077
wave 99999 99999 06340003 06340003,06340004 06340002
wave 99999 99999 06340062 06340062,06340063 06340061
wave 99999 99999 06350004 06350004,06350005 06350003
wave 99999 99999 06350015 06350015,06350016 06350014
wave 99999 99999 06360003 06360003,06360004 06360002
wave 99999 99999 06360014 06360014,06360015 06360013
wave 99999 99999 06370003 06370003,06370004 06370002
wave 99999 99999 06370014 06370014,06370015 06370013
wave 99999 99999 06380004 06380004,06380005 06380003
lsf 99999 99999 06380019 06380019 06380001
lsf 99999 99999 06380020 06380020 06380001
lsf 99999 99999 06380021 06380021 06380023
lsf 99999 99999 06380022 06380022 06380023
wave 99999 99999 06380069 06380069,06380070 06380068
wave 99999 99999 06390004 06390004,06390005 06390003
lsf 99999 99999 06390039 06390039 06390026
lsf 99999 99999 06390040 06390040 06390026
lsf 99999 99999 06390041 06390041 06390043
lsf 99999 99999 06390042 06390042 06390043
wave 99999 99999 06390052 06390052,06390053 06390051
wave 99999 99999 06400003 06400003,06400004 06400002
lsf 99999 99999 06400020 06400020 06400001
lsf 99999 99999 06400021 06400021 06400001
lsf 99999 99999 06400022 06400022 06400024
lsf 99999 99999 06400023 06400023 06400024
wave 99999 99999 06400110 06400110,06400111 06400109
wave 99999 99999 06410003 06410003,06410004 06410002
lsf 99999 99999 06410018 06410018 06410001
lsf 99999 99999 06410019 06410019 06410001
lsf 99999 99999 06410020 06410020 06410022
lsf 99999 99999 06410021 06410021 06410022
wave 99999 99999 06410107 06410107,06410108 06410106
wave 99999 99999 06420004 06420004,06420005 06420003
lsf 99999 99999 06420067 06420067 06420052
lsf 99999 99999 06420068 06420068 06420052
lsf 99999 99999 06420069 06420069 06420071
lsf 99999 99999 06420070 06420070 06420071
wave 99999 99999 06420109 06420109,06420110 06420108
wave 99999 99999 06430003 06430003,06430004 06430002
lsf 99999 99999 06430029 06430029 06430018
lsf 99999 99999 06430030 06430030 06430018
lsf 99999 99999 06430031 06430031 06430033
lsf 99999 99999 06430032 06430032 06430033
wave 99999 99999 06430091 06430091,06430092 06430090
wave 99999 99999 06440004 06440004,06440005 06440003
lsf 99999 99999 06440019 06440019 06440001
lsf 99999 99999 06440020 06440020 06440001
lsf 99999 99999 06440021 06440021 06440023
lsf 99999 99999 06440022 06440022 06440023
wave 99999 99999 06440083 06440083,06440084 06440082
wave 99999 99999 06450003 06450003,06450004 06450002
wave 99999 99999 06450014 06450014,06450015 06450013
wave 99999 99999 06460004 06460004,06460005 06460003
wave 99999 99999 06460039 06460039,06460040 06460038
wave 99999 99999 06470003 06470003,06470004 06470002
lsf 99999 99999 06470034 06470034 06470027
lsf 99999 99999 06470035 06470035 06470027
lsf 99999 99999 06470036 06470036 06470038
lsf 99999 99999 06470037 06470037 06470038
wave 99999 99999 06470047 06470047,06470048 06470046
wave 99999 99999 06480044 06480044,06480045 06480043
wave 99999 99999 06490004 06490004,06490005 06490003
wave 99999 99999 06490015 06490015,06490016 06490014
wave 99999 99999 06500007 06500007,06500008 06500006
wave 99999 99999 06500019 06500019,06500020 06500018
wave 99999 99999 06510004 06510004,06510005 06510003
wave 99999 99999 06510033 06510033,06510034 06510032
wave 99999 99999 06520003 06520003,06520004 06520002
wave 99999 99999 06520044 06520044,06520045 06520043
wave 99999 99999 06530018 06530018,06530019 06530017
wave 99999 99999 06530139 06530139,06530140 06530138
wave 99999 99999 06540008 06540008,06540009 06540007
wave 99999 99999 06550004 06550004,06550005 06550003
wave 99999 99999 06550015 06550015,06550016 06550014
wave 99999 99999 06560003 06560003,06560004 06560002
wave 99999 99999 06560154 06560154,06560155 06560153
wave 99999 99999 06580005 06580005,06580006 06580004
wave 99999 99999 06580236 06580236,06580237 06580235
wave 99999 99999 06590003 06590003,06590004 06590002
lsf 99999 99999 06590018 06590018 06590001
lsf 99999 99999 06590019 06590019 06590001
lsf 99999 99999 06590020 06590020 06590022
lsf 99999 99999 06590021 06590021 06590022
lsf 99999 99999 06590048 06590048 06590049
wave 99999 99999 06590058 06590058,06590059 06590057
wave 99999 99999 06600003 06600003,06600004 06600002
wave 99999 99999 06600014 06600014,06600015 06600013
wave 99999 99999 06610003 06610003,06610004 06610002
lsf 99999 99999 06610018 06610018 06610001
lsf 99999 99999 06610019 06610019 06610001
lsf 99999 99999 06610020 06610020 06610022
lsf 99999 99999 06610021 06610021 06610022
wave 99999 99999 06610075 06610075,06610076 06610074
wave 99999 99999 06620003 06620003,06620004 06620002
wave 99999 99999 06620077 06620077,06620078 06620076
wave 99999 99999 06630004 06630004,06630005 06630003
lsf 99999 99999 06630023 06630023 06630001
lsf 99999 99999 06630024 06630024 06630001
lsf 99999 99999 06630025 06630025 06630027
lsf 99999 99999 06630026 06630026 06630027
wave 99999 99999 06630073 06630073,06630074 06630072
wave 99999 99999 06640003 06640003,06640004 06640002
lsf 99999 99999 06640018 06640018 06640001
lsf 99999 99999 06640019 06640019 06640001
lsf 99999 99999 06640020 06640020 06640022
lsf 99999 99999 06640021 06640021 06640022
wave 99999 99999 06640097 06640097,06640098 06640096
wave 99999 99999 06650004 06650004,06650005 06650003
lsf 99999 99999 06650019 06650019 06650001
lsf 99999 99999 06650020 06650020 06650001
lsf 99999 99999 06650021 06650021 06650023
lsf 99999 99999 06650022 06650022 06650023
wave 99999 99999 06650113 06650113,06650114 06650112
wave 99999 99999 06660003 06660003,06660004 06660002
lsf 99999 99999 06660018 06660018 06660001
lsf 99999 99999 06660019 06660019 06660001
lsf 99999 99999 06660020 06660020 06660022
lsf 99999 99999 06660021 06660021 06660022
wave 99999 99999 06660110 06660110,06660111 06660109
wave 99999 99999 06670004 06670004,06670005 06670003
lsf 99999 99999 06670019 06670019 06670001
lsf 99999 99999 06670020 06670020 06670001
lsf 99999 99999 06670021 06670021 06670023
lsf 99999 99999 06670022 06670022 06670023
wave 99999 99999 06670111 06670111,06670112 06670110
wave 99999 99999 06680003 06680003,06680004 06680002
lsf 99999 99999 06680025 06680025 06680018
lsf 99999 99999 06680026 06680026 06680018
lsf 99999 99999 06680027 06680027 06680029
lsf 99999 99999 06680028 06680028 06680029
wave 99999 99999 06680108 06680108,06680109 06680107
wave 99999 99999 06690004 06690004,06690005 06690003
lsf 99999 99999 06690019 06690019 06690001
lsf 99999 99999 06690020 06690020 06690001
lsf 99999 99999 06690021 06690021 06690023
lsf 99999 99999 06690022 06690022 06690023
wave 99999 99999 06690107 06690107,06690108 06690106
wave 99999 99999 06700003 06700003,06700004 06700002
lsf 99999 99999 06700018 06700018 06700001
lsf 99999 99999 06700019 06700019 06700001
lsf 99999 99999 06700020 06700020 06700022
lsf 99999 99999 06700021 06700021 06700022
wave 99999 99999 06700106 06700106,06700107 06700105
wave 99999 99999 06710004 06710004,06710005 06710003
lsf 99999 99999 06710019 06710019 06710001
lsf 99999 99999 06710020 06710020 06710001
lsf 99999 99999 06710021 06710021 06710023
lsf 99999 99999 06710022 06710022 06710023
wave 99999 99999 06710109 06710109,06710110 06710108
wave 99999 99999 06720003 06720003,06720004 06720002
wave 99999 99999 06720055 06720055,06720056 06720054
wave 99999 99999 06730004 06730004,06730005 06730003
lsf 99999 99999 06730019 06730019 06730001
lsf 99999 99999 06730020 06730020 06730001
lsf 99999 99999 06730021 06730021 06730023
lsf 99999 99999 06730022 06730022 06730023
wave 99999 99999 06730087 06730087,06730088 06730086
wave 99999 99999 06740003 06740003,06740004 06740002
lsf 99999 99999 06740018 06740018 06740001
lsf 99999 99999 06740019 06740019 06740001
lsf 99999 99999 06740020 06740020 06740022
lsf 99999 99999 06740021 06740021 06740022
wave 99999 99999 06740082 06740082,06740083 06740081
wave 99999 99999 06750003 06750003,06750004 06750002
lsf 99999 99999 06750029 06750029 06750018
lsf 99999 99999 06750030 06750030 06750018
lsf 99999 99999 06750031 06750031 06750033
lsf 99999 99999 06750032 06750032 06750033
wave 99999 99999 06750058 06750058,06750059 06750057
wave 99999 99999 06760003 06760003,06760004 06760002
lsf 99999 99999 06760029 06760029 06760018
lsf 99999 99999 06760030 06760030 06760018
lsf 99999 99999 06760031 06760031 06760033
lsf 99999 99999 06760032 06760032 06760033
wave 99999 99999 06760056 06760056,06760057 06760055
wave 99999 99999 06770003 06770003,06770004 06770002
lsf 99999 99999 06770018 06770018 06770001
lsf 99999 99999 06770019 06770019 06770001
lsf 99999 99999 06770020 06770020 06770022
lsf 99999 99999 06770021 06770021 06770022
wave 99999 99999 06770060 06770060,06770061 06770059
wave 99999 99999 06780003 06780003,06780004 06780002
wave 99999 99999 06780014 06780014,06780015 06780013
wave 99999 99999 06790004 06790004,06790005 06790003
wave 99999 99999 06790015 06790015,06790016 06790014
wave 99999 99999 06800007 06800007,06800008 06800006
wave 99999 99999 06810004 06810004,06810005 06810003
wave 99999 99999 06810015 06810015,06810016 06810014
wave 99999 99999 06820004 06820004,06820005 06820003
wave 99999 99999 06820015 06820015,06820016 06820014
wave 99999 99999 06830007 06830007,06830008 06830006
wave 99999 99999 06840007 06840007,06840008 06840006
wave 99999 99999 06850007 06850007,06850008 06850006
wave 99999 99999 06860007 06860007,06860008 06860006
wave 99999 99999 06870003 06870003,06870004 06870002
wave 99999 99999 06870014 06870014,06870015 06870013
wave 99999 99999 06880004 06880004,06880005 06880003
wave 99999 99999 06880015 06880015,06880016 06880014
wave 99999 99999 06890004 06890004,06890005 06890003
lsf 99999 99999 06890019 06890019 06890001
lsf 99999 99999 06890020 06890020 06890001
lsf 99999 99999 06890021 06890021 06890023
lsf 99999 99999 06890022 06890022 06890023
wave 99999 99999 06890043 06890043,06890044 06890042
wave 99999 99999 06900004 06900004,06900005 06900003
wave 99999 99999 06900043 06900043,06900044 06900042
wave 99999 99999 06910003 06910003,06910004 06910002
wave 99999 99999 06910014 06910014,06910015 06910013
wave 99999 99999 06920003 06920003,06920004 06920002
lsf 99999 99999 06920019 06920019 06920010
lsf 99999 99999 06920020 06920020 06920010
lsf 99999 99999 06920021 06920021 06920023
lsf 99999 99999 06920022 06920022 06920023
wave 99999 99999 06920091 06920091,06920092 06920090
wave 99999 99999 06930003 06930003,06930004 06930002
lsf 99999 99999 06930020 06930020 06930001
lsf 99999 99999 06930021 06930021 06930001
lsf 99999 99999 06930022 06930022 06930024
lsf 99999 99999 06930023 06930023 06930024
wave 99999 99999 06930101 06930101,06930102 06930100
wave 99999 99999 06940004 06940004,06940005 06940003
lsf 99999 99999 06940019 06940019 06940001
lsf 99999 99999 06940020 06940020 06940001
lsf 99999 99999 06940021 06940021 06940023
lsf 99999 99999 06940022 06940022 06940023
wave 99999 99999 06940119 06940119,06940120 06940118
wave 99999 99999 06950003 06950003,06950004 06950002
lsf 99999 99999 06950018 06950018 06950001
lsf 99999 99999 06950019 06950019 06950001
lsf 99999 99999 06950020 06950020 06950022
lsf 99999 99999 06950021 06950021 06950022
wave 99999 99999 06950116 06950116,06950117 06950115
wave 99999 99999 06960004 06960004,06960005 06960003
lsf 99999 99999 06960019 06960019 06960001
lsf 99999 99999 06960020 06960020 06960001
lsf 99999 99999 06960021 06960021 06960023
lsf 99999 99999 06960022 06960022 06960023
wave 99999 99999 06960074 06960074,06960075 06960073
wave 99999 99999 06970004 06970004,06970005 06970003
lsf 99999 99999 06970019 06970019 06970001
lsf 99999 99999 06970020 06970020 06970001
lsf 99999 99999 06970021 06970021 06970023
lsf 99999 99999 06970022 06970022 06970023
wave 99999 99999 06970102 06970102,06970103 06970101
wave 99999 99999 06980004 06980004,06980005 06980003
lsf 99999 99999 06980019 06980019 06980001
lsf 99999 99999 06980020 06980020 06980001
lsf 99999 99999 06980021 06980021 06980023
lsf 99999 99999 06980022 06980022 06980023
wave 99999 99999 06980115 06980115,06980116 06980114
wave 99999 99999 06990003 06990003,06990004 06990002
lsf 99999 99999 06990018 06990018 06990001
lsf 99999 99999 06990019 06990019 06990001
lsf 99999 99999 06990020 06990020 06990022
lsf 99999 99999 06990021 06990021 06990022
wave 99999 99999 06990111 06990111,06990112 06990110
wave 99999 99999 07000004 07000004,07000005 07000003
lsf 99999 99999 07000030 07000030 07000019
lsf 99999 99999 07000031 07000031 07000019
lsf 99999 99999 07000032 07000032 07000034
lsf 99999 99999 07000033 07000033 07000034
wave 99999 99999 07000119 07000119,07000120 07000118
wave 99999 99999 07010004 07010004,07010005 07010003
lsf 99999 99999 07010021 07010021 07010001
lsf 99999 99999 07010022 07010022 07010001
lsf 99999 99999 07010023 07010023 07010025
lsf 99999 99999 07010024 07010024 07010025
wave 99999 99999 07010119 07010119,07010120 07010118
wave 99999 99999 07020004 07020004,07020005 07020003
lsf 99999 99999 07020019 07020019 07020001
lsf 99999 99999 07020020 07020020 07020001
lsf 99999 99999 07020021 07020021 07020023
lsf 99999 99999 07020022 07020022 07020023
wave 99999 99999 07020094 07020094,07020095 07020093
wave 99999 99999 07030003 07030003,07030004 07030002
lsf 99999 99999 07030018 07030018 07030001
lsf 99999 99999 07030019 07030019 07030001
lsf 99999 99999 07030020 07030020 07030022
lsf 99999 99999 07030021 07030021 07030022
wave 99999 99999 07030088 07030088,07030089 07030087
wave 99999 99999 07040004 07040004,07040005 07040003
lsf 99999 99999 07040019 07040019 07040001
lsf 99999 99999 07040020 07040020 07040001
lsf 99999 99999 07040021 07040021 07040023
lsf 99999 99999 07040022 07040022 07040023
wave 99999 99999 07040078 07040078,07040079 07040077
wave 99999 99999 07050004 07050004,07050005 07050003
lsf 99999 99999 07050019 07050019 07050001
lsf 99999 99999 07050020 07050020 07050001
lsf 99999 99999 07050021 07050021 07050023
lsf 99999 99999 07050022 07050022 07050023
wave 99999 99999 07050072 07050072,07050073 07050071
wave 99999 99999 07060008 07060008,07060009 07060007
wave 99999 99999 07080003 07080003,07080004 07080002
wave 99999 99999 07080014 07080014,07080015 07080013
wave 99999 99999 07090004 07090004,07090005 07090003
wave 99999 99999 07090015 07090015,07090016 07090014
wave 99999 99999 07100004 07100004,07100005 07100003
wave 99999 99999 07110004 07110004,07110005 07110003
wave 99999 99999 07110015 07110015,07110016 07110014
wave 99999 99999 07120004 07120004,07120005 07120003
wave 99999 99999 07130008 07130008,07130009 07130007
wave 99999 99999 07140007 07140007,07140008 07140006
wave 99999 99999 07150007 07150007,07150008 07150006
wave 99999 99999 07160008 07160008,07160009 07160007
wave 99999 99999 07170004 07170004,07170005 07170003
wave 99999 99999 07170015 07170015,07170016 07170014
wave 99999 99999 07180004 07180004,07180005 07180003
wave 99999 99999 07180016 07180016,07180017 07180015
wave 99999 99999 07190007 07190007,07190008 07190006
wave 99999 99999 07200004 07200004,07200005 07200003
lsf 99999 99999 07200019 07200019 07200001
lsf 99999 99999 07200020 07200020 07200001
lsf 99999 99999 07200021 07200021 07200023
lsf 99999 99999 07200022 07200022 07200023
wave 99999 99999 07200076 07200076,07200077 07200075
wave 99999 99999 07210004 07210004,07210005 07210003
lsf 99999 99999 07210019 07210019 07210001
lsf 99999 99999 07210020 07210020 07210001
lsf 99999 99999 07210021 07210021 07210023
lsf 99999 99999 07210022 07210022 07210023
wave 99999 99999 07210087 07210087,07210088 07210086
wave 99999 99999 07220004 07220004,07220005 07220003
wave 99999 99999 07220091 07220091,07220092 07220090
wave 99999 99999 07230004 07230004,07230005 07230003
lsf 99999 99999 07230019 07230019 07230001
lsf 99999 99999 07230020 07230020 07230001
lsf 99999 99999 07230021 07230021 07230023
lsf 99999 99999 07230022 07230022 07230023
wave 99999 99999 07230091 07230091,07230092 07230090
wave 99999 99999 07240004 07240004,07240005 07240003
wave 99999 99999 07240028 07240028,07240029 07240027
wave 99999 99999 07250006 07250006,07250007 07250005
wave 99999 99999 07250017 07250017,07250018 07250016
wave 99999 99999 07260005 07260005,07260006 07260004
lsf 99999 99999 07260031 07260031 07260020
lsf 99999 99999 07260032 07260032 07260020
lsf 99999 99999 07260033 07260033 07260035
lsf 99999 99999 07260034 07260034 07260035
wave 99999 99999 07260122 07260122,07260123 07260121
wave 99999 99999 07270004 07270004,07270005 07270003
wave 99999 99999 07270015 07270015,07270016 07270014
wave 99999 99999 07280004 07280004,07280005 07280003
lsf 99999 99999 07280019 07280019 07280001
lsf 99999 99999 07280020 07280020 07280001
lsf 99999 99999 07280021 07280021 07280023
lsf 99999 99999 07280022 07280022 07280023
wave 99999 99999 07280113 07280113,07280114 07280112
wave 99999 99999 07290004 07290004,07290005 07290003
lsf 99999 99999 07290019 07290019 07290001
lsf 99999 99999 07290020 07290020 07290001
lsf 99999 99999 07290021 07290021 07290023
lsf 99999 99999 07290022 07290022 07290023
wave 99999 99999 07290069 07290069,07290070 07290068
wave 99999 99999 07300003 07300003,07300004 07300002
wave 99999 99999 07300014 07300014,07300015 07300013
wave 99999 99999 07310003 07310003,07310004 07310002
wave 99999 99999 07310014 07310014,07310015 07310013
wave 99999 99999 07320004 07320004,07320005 07320003
wave 99999 99999 07320016 07320016,07320017 07320015
wave 99999 99999 07330003 07330003,07330004 07330002
wave 99999 99999 07330025 07330025,07330026 07330024
wave 99999 99999 07350007 07350007,07350008 07350006
wave 99999 99999 07360007 07360007,07360008 07360006
wave 99999 99999 07370007 07370007,07370008 07370006
wave 99999 99999 07380007 07380007,07380008 07380006
wave 99999 99999 07390007 07390007,07390008 07390006
wave 99999 99999 07390022 07390022,07390023 07390021
wave 99999 99999 07400007 07400007,07400008 07400006
wave 99999 99999 07410007 07410007,07410008 07410006
wave 99999 99999 07410022 07410022,07410023 07410021
wave 99999 99999 07420007 07420007,07420008 07420006
wave 99999 99999 07430007 07430007,07430008 07430006
wave 99999 99999 07430022 07430022,07430023 07430021
wave 99999 99999 07440007 07440007,07440008 07440006
wave 99999 99999 07450007 07450007,07450008 07450006
wave 99999 99999 07460007 07460007,07460008 07460006
wave 99999 99999 07470007 07470007,07470008 07470006
wave 99999 99999 07480217 07480217,07480218 07480216
wave 99999 99999 07490066 07490066,07490067 07490065
wave 99999 99999 07500008 07500008,07500009 07500007
wave 99999 99999 07500017 07500017,07500018 07500016
lsf 99999 99999 07500035 07500035 07500001
lsf 99999 99999 07500036 07500036 07500001
lsf 99999 99999 07500037 07500037 07500039
lsf 99999 99999 07500038 07500038 07500039
wave 99999 99999 07500098 07500098,07500099 07500097
wave 99999 99999 07510003 07510003,07510004 07510002
lsf 99999 99999 07510018 07510018 07510001
lsf 99999 99999 07510019 07510019 07510001
lsf 99999 99999 07510020 07510020 07510022
lsf 99999 99999 07510021 07510021 07510022
wave 99999 99999 07510090 07510090,07510091 07510089
wave 99999 99999 07520004 07520004,07520005 07520003
lsf 99999 99999 07520019 07520019 07520001
lsf 99999 99999 07520020 07520020 07520001
lsf 99999 99999 07520021 07520021 07520023
lsf 99999 99999 07520022 07520022 07520023
wave 99999 99999 07520095 07520095,07520096 07520094
wave 99999 99999 07530004 07530004,07530005 07530003
lsf 99999 99999 07530019 07530019 07530001
lsf 99999 99999 07530020 07530020 07530001
lsf 99999 99999 07530021 07530021 07530023
lsf 99999 99999 07530022 07530022 07530023
wave 99999 99999 07530117 07530117,07530118 07530116
wave 99999 99999 07540004 07540004,07540005 07540003
lsf 99999 99999 07540019 07540019 07540001
lsf 99999 99999 07540020 07540020 07540001
lsf 99999 99999 07540021 07540021 07540023
lsf 99999 99999 07540022 07540022 07540023
wave 99999 99999 07540117 07540117,07540118 07540116
wave 99999 99999 07550004 07550004,07550005 07550003
lsf 99999 99999 07550019 07550019 07550001
lsf 99999 99999 07550020 07550020 07550001
lsf 99999 99999 07550021 07550021 07550023
lsf 99999 99999 07550022 07550022 07550023
wave 99999 99999 07550032 07550032,07550033 07550031
wave 99999 99999 07560004 07560004,07560005 07560003
wave 99999 99999 07560035 07560035,07560036 07560034
wave 99999 99999 07570006 07570006,07570007 07570005
wave 99999 99999 07570017 07570017,07570018 07570016
wave 99999 99999 07580004 07580004,07580005 07580003
wave 99999 99999 07580017 07580017,07580018 07580016
wave 99999 99999 07590004 07590004,07590005 07590003
wave 99999 99999 07590015 07590015,07590016 07590014
wave 99999 99999 07600004 07600004,07600005 07600003
wave 99999 99999 07600015 07600015,07600016 07600014
wave 99999 99999 07610004 07610004,07610005 07610003
lsf 99999 99999 07610019 07610019 07610001
lsf 99999 99999 07610020 07610020 07610001
lsf 99999 99999 07610021 07610021 07610023
lsf 99999 99999 07610022 07610022 07610023
lsf 99999 99999 07610080 07610080 07610067
lsf 99999 99999 07610081 07610081 07610067
lsf 99999 99999 07610082 07610082 07610084
lsf 99999 99999 07610083 07610083 07610084
wave 99999 99999 07610093 07610093,07610094 07610092
wave 99999 99999 07620004 07620004,07620005 07620003
lsf 99999 99999 07620019 07620019 07620001
lsf 99999 99999 07620020 07620020 07620001
lsf 99999 99999 07620021 07620021 07620023
lsf 99999 99999 07620022 07620022 07620023
wave 99999 99999 07620075 07620075,07620076 07620074
wave 99999 99999 07630003 07630003,07630004 07630002
wave 99999 99999 07630069 07630069,07630070 07630068
wave 99999 99999 07640008 07640008,07640009 07640007
wave 99999 99999 07650004 07650004,07650005 07650003
wave 99999 99999 07650015 07650015,07650016 07650014
wave 99999 99999 07650030 07650030,07650031 07650029
wave 99999 99999 07660042 07660042,07660043 07660041
wave 99999 99999 07670162 07670162,07670163 07670161
wave 99999 99999 07680007 07680007,07680008 07680006
wave 99999 99999 07690157 07690157,07690158 07690156
wave 99999 99999 07700008 07700008,07700009 07700007
wave 99999 99999 07710007 07710007,07710008 07710006
wave 99999 99999 07720182 07720182,07720183 07720181
wave 99999 99999 07730007 07730007,07730008 07730006
wave 99999 99999 07740137 07740137,07740138 07740136
wave 99999 99999 07750174 07750174,07750175 07750173
wave 99999 99999 07760007 07760007,07760008 07760006
wave 99999 99999 07770133 07770133,07770134 07770132
wave 99999 99999 07780003 07780003,07780004 07780002
wave 99999 99999 07780153 07780153,07780154 07780152
wave 99999 99999 07790179 07790179,07790180 07790178
wave 99999 99999 07800004 07800004,07800005 07800003
lsf 99999 99999 07800019 07800019 07800001
lsf 99999 99999 07800020 07800020 07800001
lsf 99999 99999 07800021 07800021 07800023
lsf 99999 99999 07800022 07800022 07800023
wave 99999 99999 07800032 07800032,07800033 07800031
wave 99999 99999 07810004 07810004,07810005 07810003
wave 99999 99999 07810015 07810015,07810016 07810014
wave 99999 99999 07820004 07820004,07820005 07820003
wave 99999 99999 07820015 07820015,07820016 07820014
wave 99999 99999 07830014 07830014,07830015 07830013
lsf 99999 99999 07830029 07830029 07830001
lsf 99999 99999 07830030 07830030 07830001
lsf 99999 99999 07830031 07830031 07830033
lsf 99999 99999 07830032 07830032 07830033
wave 99999 99999 07840004 07840004,07840005 07840003
lsf 99999 99999 07840019 07840019 07840001
lsf 99999 99999 07840020 07840020 07840001
lsf 99999 99999 07840021 07840021 07840023
lsf 99999 99999 07840022 07840022 07840023
wave 99999 99999 07840088 07840088,07840089 07840087
wave 99999 99999 07850004 07850004,07850005 07850003
lsf 99999 99999 07850019 07850019 07850001
lsf 99999 99999 07850020 07850020 07850001
lsf 99999 99999 07850021 07850021 07850023
lsf 99999 99999 07850022 07850022 07850023
wave 99999 99999 07850113 07850113,07850114 07850112
wave 99999 99999 07860004 07860004,07860005 07860003
wave 99999 99999 07860015 07860015,07860016 07860014
wave 99999 99999 07870003 07870003,07870004 07870002
lsf 99999 99999 07870018 07870018 07870001
lsf 99999 99999 07870019 07870019 07870001
lsf 99999 99999 07870020 07870020 07870022
lsf 99999 99999 07870021 07870021 07870022
wave 99999 99999 07870110 07870110,07870111 07870109
wave 99999 99999 07880004 07880004,07880005 07880003
lsf 99999 99999 07880019 07880019 07880001
lsf 99999 99999 07880020 07880020 07880001
lsf 99999 99999 07880021 07880021 07880023
lsf 99999 99999 07880022 07880022 07880023
wave 99999 99999 07880060 07880060,07880061 07880059
wave 99999 99999 07890004 07890004,07890005 07890003
lsf 99999 99999 07890030 07890030 07890019
lsf 99999 99999 07890031 07890031 07890019
lsf 99999 99999 07890032 07890032 07890034
lsf 99999 99999 07890033 07890033 07890034
wave 99999 99999 07890111 07890111,07890112 07890110
wave 99999 99999 07900004 07900004,07900005 07900003
lsf 99999 99999 07900019 07900019 07900001
lsf 99999 99999 07900020 07900020 07900001
lsf 99999 99999 07900021 07900021 07900023
lsf 99999 99999 07900022 07900022 07900023
wave 99999 99999 07900087 07900087,07900088 07900086
wave 99999 99999 07910004 07910004,07910005 07910003
lsf 99999 99999 07910031 07910031 07910020
lsf 99999 99999 07910032 07910032 07910020
lsf 99999 99999 07910033 07910033 07910035
lsf 99999 99999 07910034 07910034 07910035
lsf 99999 99999 07910068 07910068 07910057
lsf 99999 99999 07910069 07910069 07910057
lsf 99999 99999 07910070 07910070 07910072
lsf 99999 99999 07910071 07910071 07910072
wave 99999 99999 07910081 07910081,07910082 07910080
wave 99999 99999 07920004 07920004,07920005 07920003
lsf 99999 99999 07920063 07920063 07920052
lsf 99999 99999 07920064 07920064 07920052
lsf 99999 99999 07920065 07920065 07920067
lsf 99999 99999 07920066 07920066 07920067
wave 99999 99999 07920091 07920091,07920092 07920090
wave 99999 99999 07930008 07930008,07930009 07930007
wave 99999 99999 07940004 07940004,07940005 07940003
wave 99999 99999 07940166 07940166,07940167 07940165
wave 99999 99999 07960004 07960004,07960005 07960003
wave 99999 99999 07960168 07960168,07960169 07960167
wave 99999 99999 07970004 07970004,07970005 07970003
wave 99999 99999 07970015 07970015,07970016 07970014
wave 99999 99999 07980004 07980004,07980005 07980003
wave 99999 99999 07980015 07980015,07980016 07980014
wave 99999 99999 07990004 07990004,07990005 07990003
wave 99999 99999 07990018 07990018,07990019 07990017
wave 99999 99999 08000004 08000004,08000005 08000003
wave 99999 99999 08000147 08000147,08000148 08000146
wave 99999 99999 08010005 08010005,08010006 08010004
wave 99999 99999 08010172 08010172,08010173 08010171
wave 99999 99999 08020030 08020030,08020031 08020029
wave 99999 99999 08020050 08020050,08020051 08020049
wave 99999 99999 08030004 08030004,08030005 08030003
wave 99999 99999 08030026 08030026,08030027 08030025
wave 99999 99999 08040004 08040004,08040005 08040003
wave 99999 99999 08040161 08040161,08040162 08040160
wave 99999 99999 08050004 08050004,08050005 08050003
wave 99999 99999 08050143 08050143,08050144 08050142
wave 99999 99999 08060005 08060005,08060006 08060004
wave 99999 99999 08060028 08060028,08060029 08060027
wave 99999 99999 08070004 08070004,08070005 08070003
wave 99999 99999 08070137 08070137,08070138 08070136
wave 99999 99999 08080003 08080003,08080004 08080002
wave 99999 99999 08080176 08080176,08080177 08080175
wave 99999 99999 08090004 08090004,08090005 08090003
wave 99999 99999 08090015 08090015,08090016 08090014
wave 99999 99999 08100004 08100004,08100005 08100003
lsf 99999 99999 08100019 08100019 08100001
lsf 99999 99999 08100020 08100020 08100001
lsf 99999 99999 08100021 08100021 08100023
lsf 99999 99999 08100022 08100022 08100023
wave 99999 99999 08100046 08100046,08100047 08100045
wave 99999 99999 08110004 08110004,08110005 08110003
wave 99999 99999 08110015 08110015,08110016 08110014
wave 99999 99999 08120004 08120004,08120005 08120003
wave 99999 99999 08120017 08120017,08120018 08120016
wave 99999 99999 08130004 08130004,08130005 08130003
lsf 99999 99999 08130024 08130024 08130013
lsf 99999 99999 08130025 08130025 08130013
lsf 99999 99999 08130026 08130026 08130028
lsf 99999 99999 08130027 08130027 08130028
wave 99999 99999 08130062 08130062,08130063 08130061
wave 99999 99999 08140004 08140004,08140005 08140003
lsf 99999 99999 08140019 08140019 08140001
lsf 99999 99999 08140020 08140020 08140001
lsf 99999 99999 08140021 08140021 08140023
lsf 99999 99999 08140022 08140022 08140023
wave 99999 99999 08140105 08140105,08140106 08140104
wave 99999 99999 08150004 08150004,08150005 08150003
lsf 99999 99999 08150019 08150019 08150001
lsf 99999 99999 08150020 08150020 08150001
lsf 99999 99999 08150021 08150021 08150023
lsf 99999 99999 08150022 08150022 08150023
wave 99999 99999 08150091 08150091,08150092 08150090
wave 99999 99999 08160003 08160003,08160004 08160002
lsf 99999 99999 08160018 08160018 08160001
lsf 99999 99999 08160019 08160019 08160001
lsf 99999 99999 08160020 08160020 08160022
lsf 99999 99999 08160021 08160021 08160022
wave 99999 99999 08160071 08160071,08160072 08160070
wave 99999 99999 08170004 08170004,08170005 08170003
wave 99999 99999 08170050 08170050,08170051 08170049
wave 99999 99999 08180003 08180003,08180004 08180002
wave 99999 99999 08180071 08180071,08180072 08180070
wave 99999 99999 08190003 08190003,08190004 08190002
lsf 99999 99999 08190018 08190018 08190001
lsf 99999 99999 08190019 08190019 08190001
lsf 99999 99999 08190020 08190020 08190022
lsf 99999 99999 08190021 08190021 08190022
wave 99999 99999 08190084 08190084,08190085 08190083
wave 99999 99999 08200004 08200004,08200005 08200003
wave 99999 99999 08200015 08200015,08200016 08200014
wave 99999 99999 08210004 08210004,08210005 08210003
lsf 99999 99999 08210041 08210041 08210030
lsf 99999 99999 08210042 08210042 08210030
lsf 99999 99999 08210043 08210043 08210045
lsf 99999 99999 08210044 08210044 08210045
wave 99999 99999 08210070 08210070,08210071 08210069
wave 99999 99999 08220004 08220004,08220005 08220003
wave 99999 99999 08220059 08220059,08220060 08220058
wave 99999 99999 08230004 08230004,08230005 08230003
lsf 99999 99999 08230013 08230013 08230001
lsf 99999 99999 08230014 08230014 08230001
lsf 99999 99999 08230015 08230015 08230017
lsf 99999 99999 08230016 08230016 08230017
wave 99999 99999 08230026 08230026,08230027 08230025
wave 99999 99999 08240004 08240004,08240005 08240003
lsf 99999 99999 08240015 08240015 08240001
lsf 99999 99999 08240016 08240016 08240001
lsf 99999 99999 08240017 08240017 08240019
lsf 99999 99999 08240018 08240018 08240019
wave 99999 99999 08240028 08240028,08240029 08240027
wave 99999 99999 08250004 08250004,08250005 08250003
wave 99999 99999 08250015 08250015,08250016 08250014
wave 99999 99999 08260003 08260003,08260004 08260002
wave 99999 99999 08260079 08260079,08260080 08260078
wave 99999 99999 08270004 08270004,08270005 08270003
wave 99999 99999 08270159 08270159,08270160 08270158
wave 99999 99999 08280003 08280003,08280004 08280002
wave 99999 99999 08280107 08280107,08280108 08280106
wave 99999 99999 08290004 08290004,08290005 08290003
wave 99999 99999 08290015 08290015,08290016 08290014
wave 99999 99999 08300004 08300004,08300005 08300003
wave 99999 99999 08300015 08300015,08300016 08300014
wave 99999 99999 08310004 08310004,08310005 08310003
wave 99999 99999 08310022 08310022,08310023 08310021
wave 99999 99999 08320003 08320003,08320004 08320002
wave 99999 99999 08320025 08320025,08320026 08320024
wave 99999 99999 08330003 08330003,08330004 08330002
wave 99999 99999 08330035 08330035,08330036 08330034
wave 99999 99999 08340003 08340003,08340004 08340002
wave 99999 99999 08340023 08340023,08340024 08340022
wave 99999 99999 08350005 08350005,08350006 08350004
wave 99999 99999 08350016 08350016,08350017 08350015
wave 99999 99999 08360004 08360004,08360005 08360003
wave 99999 99999 08360159 08360159,08360160 08360158
wave 99999 99999 08370004 08370004,08370005 08370003
wave 99999 99999 08380009 08380009,08380010 08380008
wave 99999 99999 08380029 08380029,08380030 08380028
wave 99999 99999 08390004 08390004,08390005 08390003
wave 99999 99999 08390058 08390058,08390059 08390057
wave 99999 99999 08400004 08400004,08400005 08400003
lsf 99999 99999 08400019 08400019 08400001
lsf 99999 99999 08400020 08400020 08400001
lsf 99999 99999 08400021 08400021 08400023
lsf 99999 99999 08400022 08400022 08400023
wave 99999 99999 08400083 08400083,08400084 08400082
wave 99999 99999 08410004 08410004,08410005 08410003
lsf 99999 99999 08410019 08410019 08410001
lsf 99999 99999 08410020 08410020 08410001
lsf 99999 99999 08410021 08410021 08410023
lsf 99999 99999 08410022 08410022 08410023
wave 99999 99999 08410098 08410098,08410099 08410097
wave 99999 99999 08420004 08420004,08420005 08420003
lsf 99999 99999 08420019 08420019 08420001
lsf 99999 99999 08420020 08420020 08420001
lsf 99999 99999 08420021 08420021 08420023
lsf 99999 99999 08420022 08420022 08420023
wave 99999 99999 08420100 08420100,08420101 08420099
wave 99999 99999 08430004 08430004,08430005 08430003
lsf 99999 99999 08430019 08430019 08430001
lsf 99999 99999 08430020 08430020 08430001
lsf 99999 99999 08430021 08430021 08430023
lsf 99999 99999 08430022 08430022 08430023
wave 99999 99999 08430098 08430098,08430099 08430097
wave 99999 99999 08440003 08440003,08440004 08440002
lsf 99999 99999 08440018 08440018 08440001
lsf 99999 99999 08440019 08440019 08440001
lsf 99999 99999 08440020 08440020 08440022
lsf 99999 99999 08440021 08440021 08440022
wave 99999 99999 08440084 08440084,08440085 08440083
wave 99999 99999 08450003 08450003,08450004 08450002
lsf 99999 99999 08450037 08450037 08450018
lsf 99999 99999 08450038 08450038 08450018
lsf 99999 99999 08450039 08450039 08450041
lsf 99999 99999 08450040 08450040 08450041
wave 99999 99999 08450061 08450061,08450062 08450060
wave 99999 99999 08460003 08460003,08460004 08460002
lsf 99999 99999 08460069 08460069 08460001
lsf 99999 99999 08460070 08460070 08460001
lsf 99999 99999 08460071 08460071 08460073
lsf 99999 99999 08460072 08460072 08460073
wave 99999 99999 08460131 08460131,08460132 08460130
wave 99999 99999 08470027 08470027,08470028 08470026
lsf 99999 99999 08470053 08470053 08470042
lsf 99999 99999 08470054 08470054 08470042
lsf 99999 99999 08470055 08470055 08470057
lsf 99999 99999 08470056 08470056 08470057
wave 99999 99999 08470119 08470119,08470120 08470118
wave 99999 99999 08480004 08480004,08480005 08480003
lsf 99999 99999 08480019 08480019 08480001
lsf 99999 99999 08480020 08480020 08480001
lsf 99999 99999 08480021 08480021 08480023
lsf 99999 99999 08480022 08480022 08480023
wave 99999 99999 08480092 08480092,08480093 08480091
wave 99999 99999 08490004 08490004,08490005 08490003
lsf 99999 99999 08490019 08490019 08490001
lsf 99999 99999 08490020 08490020 08490001
lsf 99999 99999 08490021 08490021 08490023
lsf 99999 99999 08490022 08490022 08490023
wave 99999 99999 08490074 08490074,08490075 08490073
wave 99999 99999 08500004 08500004,08500005 08500003
lsf 99999 99999 08500037 08500037 08500001
lsf 99999 99999 08500038 08500038 08500001
lsf 99999 99999 08500039 08500039 08500041
lsf 99999 99999 08500040 08500040 08500041
wave 99999 99999 08500085 08500085,08500086 08500084
wave 99999 99999 08510004 08510004,08510005 08510003
lsf 99999 99999 08510061 08510061 08510048
lsf 99999 99999 08510062 08510062 08510048
lsf 99999 99999 08510063 08510063 08510065
lsf 99999 99999 08510064 08510064 08510065
wave 99999 99999 08510074 08510074,08510075 08510073
wave 99999 99999 08520004 08520004,08520005 08520003
wave 99999 99999 08520046 08520046,08520047 08520045
wave 99999 99999 08530004 08530004,08530005 08530003
lsf 99999 99999 08530078 08530078 08530071
lsf 99999 99999 08530079 08530079 08530071
lsf 99999 99999 08530080 08530080 08530082
lsf 99999 99999 08530081 08530081 08530082
wave 99999 99999 08530091 08530091,08530092 08530090
wave 99999 99999 08540004 08540004,08540005 08540003
wave 99999 99999 08540024 08540024,08540025 08540023
wave 99999 99999 08550004 08550004,08550005 08550003
wave 99999 99999 08550015 08550015,08550016 08550014
wave 99999 99999 08560003 08560003,08560004 08560002
wave 99999 99999 08560014 08560014,08560015 08560013
wave 99999 99999 08570003 08570003,08570004 08570002
wave 99999 99999 08570051 08570051,08570052 08570050
wave 99999 99999 08580004 08580004,08580005 08580003
wave 99999 99999 08580015 08580015,08580016 08580014
wave 99999 99999 08590004 08590004,08590005 08590003
wave 99999 99999 08590022 08590022,08590023 08590021
wave 99999 99999 08600004 08600004,08600005 08600003
wave 99999 99999 08600015 08600015,08600016 08600014
wave 99999 99999 08610007 08610007,08610008 08610006
wave 99999 99999 08610014 08610014,08610015 08610013
wave 99999 99999 08620004 08620004,08620005 08620003
wave 99999 99999 08620015 08620015,08620016 08620014
wave 99999 99999 08630003 08630003,08630004 08630002
wave 99999 99999 08630034 08630034,08630035 08630033
wave 99999 99999 08640004 08640004,08640005 08640003
wave 99999 99999 08640024 08640024,08640025 08640023
wave 99999 99999 08650003 08650003,08650004 08650002
wave 99999 99999 08650014 08650014,08650015 08650013
wave 99999 99999 08660004 08660004,08660005 08660003
wave 99999 99999 08660028 08660028,08660029 08660027
wave 99999 99999 08670005 08670005,08670006 08670004
wave 99999 99999 08670023 08670023,08670024 08670022
wave 99999 99999 08680004 08680004,08680005 08680003
wave 99999 99999 08680105 08680105,08680106 08680104
wave 99999 99999 08690004 08690004,08690005 08690003
lsf 99999 99999 08690019 08690019 08690001
lsf 99999 99999 08690020 08690020 08690001
lsf 99999 99999 08690021 08690021 08690023
lsf 99999 99999 08690022 08690022 08690023
wave 99999 99999 08690050 08690050,08690051 08690049
wave 99999 99999 08700004 08700004,08700005 08700003
lsf 99999 99999 08700030 08700030 08700019
lsf 99999 99999 08700031 08700031 08700019
lsf 99999 99999 08700032 08700032 08700034
lsf 99999 99999 08700033 08700033 08700034
wave 99999 99999 08700074 08700074,08700075 08700073
wave 99999 99999 08710004 08710004,08710005 08710003
lsf 99999 99999 08710063 08710063 08710052
lsf 99999 99999 08710064 08710064 08710052
lsf 99999 99999 08710065 08710065 08710067
lsf 99999 99999 08710066 08710066 08710067
wave 99999 99999 08710076 08710076,08710077 08710075
wave 99999 99999 08720004 08720004,08720005 08720003
lsf 99999 99999 08720026 08720026 08720019
lsf 99999 99999 08720027 08720027 08720019
lsf 99999 99999 08720028 08720028 08720030
lsf 99999 99999 08720029 08720029 08720030
wave 99999 99999 08720050 08720050,08720051 08720049
wave 99999 99999 08730004 08730004,08730005 08730003
lsf 99999 99999 08730052 08730052 08730041
lsf 99999 99999 08730053 08730053 08730041
lsf 99999 99999 08730054 08730054 08730056
lsf 99999 99999 08730055 08730055 08730056
wave 99999 99999 08730092 08730092,08730093 08730091
wave 99999 99999 08740004 08740004,08740005 08740003
wave 99999 99999 08740032 08740032,08740033 08740031
wave 99999 99999 08750004 08750004,08750005 08750003
lsf 99999 99999 08750015 08750015 08750001
lsf 99999 99999 08750016 08750016 08750001
lsf 99999 99999 08750017 08750017 08750019
lsf 99999 99999 08750018 08750018 08750019
wave 99999 99999 08750052 08750052,08750053 08750051
wave 99999 99999 08760004 08760004,08760005 08760003
lsf 99999 99999 08760019 08760019 08760001
lsf 99999 99999 08760020 08760020 08760001
lsf 99999 99999 08760021 08760021 08760023
lsf 99999 99999 08760022 08760022 08760023
wave 99999 99999 08760093 08760093,08760094 08760092
wave 99999 99999 08760104 08760104,08760105 08760103
wave 99999 99999 08770003 08770003,08770004 08770002
lsf 99999 99999 08770040 08770040 08770029
lsf 99999 99999 08770041 08770041 08770029
lsf 99999 99999 08770042 08770042 08770044
lsf 99999 99999 08770043 08770043 08770044
wave 99999 99999 08770093 08770093,08770094 08770092
wave 99999 99999 08780003 08780003,08780004 08780002
lsf 99999 99999 08780042 08780042 08780031
lsf 99999 99999 08780043 08780043 08780031
lsf 99999 99999 08780044 08780044 08780046
lsf 99999 99999 08780045 08780045 08780046
wave 99999 99999 08780069 08780069,08780070 08780068
wave 99999 99999 08790003 08790003,08790004 08790002
wave 99999 99999 08790032 08790032,08790033 08790031
wave 99999 99999 08800004 08800004,08800005 08800003
lsf 99999 99999 08800039 08800039 08800032
lsf 99999 99999 08800040 08800040 08800032
lsf 99999 99999 08800041 08800041 08800043
lsf 99999 99999 08800042 08800042 08800043
wave 99999 99999 08800052 08800052,08800053 08800051
wave 99999 99999 08810004 08810004,08810005 08810003
lsf 99999 99999 08810019 08810019 08810001
lsf 99999 99999 08810020 08810020 08810001
lsf 99999 99999 08810021 08810021 08810023
lsf 99999 99999 08810022 08810022 08810023
wave 99999 99999 08810052 08810052,08810053 08810051
wave 99999 99999 08820004 08820004,08820005 08820003
lsf 99999 99999 08820019 08820019 08820001
lsf 99999 99999 08820020 08820020 08820001
lsf 99999 99999 08820021 08820021 08820023
lsf 99999 99999 08820022 08820022 08820023
wave 99999 99999 08820048 08820048,08820049 08820047
wave 99999 99999 08830003 08830003,08830004 08830002
lsf 99999 99999 08830018 08830018 08830001
lsf 99999 99999 08830019 08830019 08830001
lsf 99999 99999 08830020 08830020 08830022
lsf 99999 99999 08830021 08830021 08830022
wave 99999 99999 08830031 08830031,08830032 08830030
wave 99999 99999 08840004 08840004,08840005 08840003
wave 99999 99999 08840024 08840024,08840025 08840023
wave 99999 99999 08850004 08850004,08850005 08850003
wave 99999 99999 08850028 08850028,08850029 08850027
wave 99999 99999 08860003 08860003,08860004 08860002
wave 99999 99999 08860027 08860027,08860028 08860026
wave 99999 99999 08870003 08870003,08870004 08870002
wave 99999 99999 08870027 08870027,08870028 08870026
wave 99999 99999 08880003 08880003,08880004 08880002
wave 99999 99999 08880014 08880014,08880015 08880013
wave 99999 99999 08890004 08890004,08890005 08890003
wave 99999 99999 08890028 08890028,08890029 08890027
wave 99999 99999 08900003 08900003,08900004 08900002
wave 99999 99999 08900029 08900029,08900030 08900028
wave 99999 99999 08910004 08910004,08910005 08910003
wave 99999 99999 08910024 08910024,08910025 08910023
wave 99999 99999 08920003 08920003,08920004 08920002
wave 99999 99999 08920021 08920021,08920022 08920020
wave 99999 99999 08930004 08930004,08930005 08930003
wave 99999 99999 08930024 08930024,08930025 08930023
wave 99999 99999 08940004 08940004,08940005 08940003
wave 99999 99999 08940026 08940026,08940027 08940025
wave 99999 99999 08950004 08950004,08950005 08950003
wave 99999 99999 08950024 08950024,08950025 08950023
wave 99999 99999 08960004 08960004,08960005 08960003
wave 99999 99999 08960015 08960015,08960016 08960014
wave 99999 99999 08970004 08970004,08970005 08970003
wave 99999 99999 08970028 08970028,08970029 08970027
wave 99999 99999 08980003 08980003,08980004 08980002
wave 99999 99999 08980032 08980032,08980033 08980031
wave 99999 99999 08990004 08990004,08990005 08990003
wave 99999 99999 08990053 08990053,08990054 08990052
wave 99999 99999 09000004 09000004,09000005 09000003
wave 99999 99999 09000022 09000022,09000023 09000021
wave 99999 99999 09010003 09010003,09010004 09010002
lsf 99999 99999 09010027 09010027 09010014
lsf 99999 99999 09010028 09010028 09010014
lsf 99999 99999 09010029 09010029 09010031
lsf 99999 99999 09010030 09010030 09010031
wave 99999 99999 09010040 09010040,09010041 09010039
wave 99999 99999 09020005 09020005,09020006 09020004
wave 99999 99999 09020031 09020031,09020032 09020030
wave 99999 99999 09030003 09030003,09030004 09030002
wave 99999 99999 09030048 09030048,09030049 09030047
wave 99999 99999 09040004 09040004,09040005 09040003
lsf 99999 99999 09040015 09040015 09040001
lsf 99999 99999 09040016 09040016 09040001
lsf 99999 99999 09040017 09040017 09040019
lsf 99999 99999 09040018 09040018 09040019
wave 99999 99999 09040072 09040072,09040073 09040071
wave 99999 99999 09050004 09050004,09050005 09050003
lsf 99999 99999 09050019 09050019 09050001
lsf 99999 99999 09050020 09050020 09050001
lsf 99999 99999 09050021 09050021 09050023
lsf 99999 99999 09050022 09050022 09050023
wave 99999 99999 09050064 09050064,09050065 09050063
wave 99999 99999 09060004 09060004,09060005 09060003
lsf 99999 99999 09060052 09060052 09060041
lsf 99999 99999 09060053 09060053 09060041
lsf 99999 99999 09060054 09060054 09060056
lsf 99999 99999 09060055 09060055 09060056
wave 99999 99999 09060075 09060075,09060076 09060074
wave 99999 99999 09070003 09070003,09070004 09070002
lsf 99999 99999 09070018 09070018 09070001
lsf 99999 99999 09070019 09070019 09070001
lsf 99999 99999 09070020 09070020 09070022
lsf 99999 99999 09070021 09070021 09070022
wave 99999 99999 09070086 09070086,09070087 09070085
wave 99999 99999 09080004 09080004,09080005 09080003
lsf 99999 99999 09080019 09080019 09080001
lsf 99999 99999 09080020 09080020 09080001
lsf 99999 99999 09080021 09080021 09080023
lsf 99999 99999 09080022 09080022 09080023
wave 99999 99999 09080089 09080089,09080090 09080088
wave 99999 99999 09090004 09090004,09090005 09090003
wave 99999 99999 09090057 09090057,09090058 09090056
wave 99999 99999 09100004 09100004,09100005 09100003
wave 99999 99999 09100061 09100061,09100062 09100060
wave 99999 99999 09110004 09110004,09110005 09110003
wave 99999 99999 09110015 09110015,09110016 09110014
wave 99999 99999 09120004 09120004,09120005 09120003
wave 99999 99999 09120015 09120015,09120016 09120014
wave 99999 99999 09130004 09130004,09130005 09130003
wave 99999 99999 09130015 09130015,09130016 09130014
wave 99999 99999 09140004 09140004,09140005 09140003
wave 99999 99999 09140015 09140015,09140016 09140014
wave 99999 99999 09150004 09150004,09150005 09150003
wave 99999 99999 09150030 09150030,09150031 09150029
wave 99999 99999 09160004 09160004,09160005 09160003
wave 99999 99999 09160028 09160028,09160029 09160027
wave 99999 99999 09170004 09170004,09170005 09170003
wave 99999 99999 09170026 09170026,09170027 09170025
wave 99999 99999 09180004 09180004,09180005 09180003
wave 99999 99999 09180016 09180016,09180017 09180015
wave 99999 99999 09190004 09190004,09190005 09190003
wave 99999 99999 09190015 09190015,09190016 09190014
wave 99999 99999 09200004 09200004,09200005 09200003
wave 99999 99999 09200024 09200024,09200025 09200023
wave 99999 99999 09210003 09210003,09210004 09210002
wave 99999 99999 09210014 09210014,09210015 09210013
wave 99999 99999 09220004 09220004,09220005 09220003
wave 99999 99999 09220015 09220015,09220016 09220014
wave 99999 99999 09230003 09230003,09230004 09230002
wave 99999 99999 09230021 09230021,09230022 09230020
wave 99999 99999 09240004 09240004,09240005 09240003
wave 99999 99999 09240022 09240022,09240023 09240021
wave 99999 99999 09250003 09250003,09250004 09250002
wave 99999 99999 09250023 09250023,09250024 09250022
wave 99999 99999 09260004 09260004,09260005 09260003
wave 99999 99999 09260015 09260015,09260016 09260014
wave 99999 99999 09270004 09270004,09270005 09270003
wave 99999 99999 09270015 09270015,09270016 09270014
wave 99999 99999 09280004 09280004,09280005 09280003
wave 99999 99999 09280015 09280015,09280016 09280014
wave 99999 99999 09290004 09290004,09290005 09290003
wave 99999 99999 09290015 09290015,09290016 09290014
wave 99999 99999 09300004 09300004,09300005 09300003
wave 99999 99999 09300015 09300015,09300016 09300014
wave 99999 99999 09310004 09310004,09310005 09310003
wave 99999 99999 09310015 09310015,09310016 09310014
wave 99999 99999 09320004 09320004,09320005 09320003
wave 99999 99999 09320015 09320015,09320016 09320014
wave 99999 99999 09330004 09330004,09330005 09330003
wave 99999 99999 09330015 09330015,09330016 09330014
multiwave 99999 99999 05870000 05870007,05870008,05870018,05870019,05910004,05910005,05920004,05920005,05930004,05930005,05940003,05940004,05950003,05950004,05950014,05950015,05960003,05960004,05960014,05960015
multiwave 99999 99999 05970000 05970003,05970004,05970014,05970015,05980003,05980004,05980014,05980015,05990007,05990008,06000003,06000004,06000014,06000015,06010003,06010004,06010014,06010015,06020004,06020005
multiwave 99999 99999 06020000 06020052,06020053,06030004,06030005,06030024,06030025,06040004,06040005,06040015,06040016,06050004,06050005,06050029,06050030,06060003,06060004,06060080,06060081,06070003,06070004
multiwave 99999 99999 06070000 06070099,06070100,06080003,06080004,06080101,06080102,06090003,06090004,06090101,06090102,06100003,06100004,06100102,06100103,06110003,06110004,06110101,06110102,06120003,06120004
multiwave 99999 99999 06120000 06120010,06120011,06120048,06120049,06130004,06130005,06130039,06130040,06140004,06140005,06140024,06140025,06150004,06150005,06150064,06150065,06160003,06160004,06160014,06160015
multiwave 99999 99999 06170000 06170003,06170004,06170014,06170015,06180003,06180004,06180014,06180015,06190003,06190004,06190014,06190015,06200007,06200008,06200022,06200023,06210004,06210005,06210015,06210016
multiwave 99999 99999 06220000 06220003,06220004,06220014,06220015,06230005,06230006,06230023,06230024,06240003,06240004,06240021,06240022,06250003,06250004,06250021,06250022,06260004,06260005,06260020,06260021
multiwave 99999 99999 06270000 06270004,06270005,06270011,06270012,06270031,06270032,06280004,06280005,06280029,06280030,06290004,06290005,06290022,06290023,06300004,06300005,06300011,06300012,06300018,06300019
multiwave 99999 99999 06300000 06300060,06300061,06310004,06310005,06310058,06310059,06320004,06320005,06320065,06320066,06330004,06330005,06330078,06330079,06340003,06340004,06340062,06340063,06350004,06350005
multiwave 99999 99999 06350000 06350015,06350016,06360003,06360004,06360014,06360015,06370003,06370004,06370014,06370015,06380004,06380005,06380069,06380070,06390004,06390005,06390052,06390053,06400003,06400004
multiwave 99999 99999 06400000 06400110,06400111,06410003,06410004,06410107,06410108,06420004,06420005,06420109,06420110,06430003,06430004,06430091,06430092,06440004,06440005,06440083,06440084,06450003,06450004
multiwave 99999 99999 06450000 06450014,06450015,06460004,06460005,06460039,06460040,06470003,06470004,06470047,06470048,06480044,06480045,06490004,06490005,06490015,06490016,06500007,06500008,06500019,06500020
multiwave 99999 99999 06510000 06510004,06510005,06510033,06510034,06520003,06520004,06520044,06520045,06530018,06530019,06530139,06530140,06540008,06540009,06550004,06550005,06550015,06550016,06560003,06560004
multiwave 99999 99999 06560000 06560154,06560155,06580005,06580006,06580236,06580237,06590003,06590004,06590058,06590059,06600003,06600004,06600014,06600015,06610003,06610004,06610075,06610076,06620003,06620004
multiwave 99999 99999 06620000 06620077,06620078,06630004,06630005,06630073,06630074,06640003,06640004,06640097,06640098,06650004,06650005,06650113,06650114,06660003,06660004,06660110,06660111,06670004,06670005
multiwave 99999 99999 06670000 06670111,06670112,06680003,06680004,06680108,06680109,06690004,06690005,06690107,06690108,06700003,06700004,06700106,06700107,06710004,06710005,06710109,06710110,06720003,06720004
multiwave 99999 99999 06720000 06720055,06720056,06730004,06730005,06730087,06730088,06740003,06740004,06740082,06740083,06750003,06750004,06750058,06750059,06760003,06760004,06760056,06760057,06770003,06770004
multiwave 99999 99999 06770000 06770060,06770061,06780003,06780004,06780014,06780015,06790004,06790005,06790015,06790016,06800007,06800008,06810004,06810005,06810015,06810016,06820004,06820005,06820015,06820016
multiwave 99999 99999 06830000 06830007,06830008,06840007,06840008,06850007,06850008,06860007,06860008,06870003,06870004,06870014,06870015,06880004,06880005,06880015,06880016,06890004,06890005,06890043,06890044
multiwave 99999 99999 06900000 06900004,06900005,06900043,06900044,06910003,06910004,06910014,06910015,06920003,06920004,06920091,06920092,06930003,06930004,06930101,06930102,06940004,06940005,06940119,06940120
multiwave 99999 99999 06950000 06950003,06950004,06950116,06950117,06960004,06960005,06960074,06960075,06970004,06970005,06970102,06970103,06980004,06980005,06980115,06980116,06990003,06990004,06990111,06990112
multiwave 99999 99999 07000000 07000004,07000005,07000119,07000120,07010004,07010005,07010119,07010120,07020004,07020005,07020094,07020095,07030003,07030004,07030088,07030089,07040004,07040005,07040078,07040079
multiwave 99999 99999 07050000 07050004,07050005,07050072,07050073,07060008,07060009,07080003,07080004,07080014,07080015,07090004,07090005,07090015,07090016,07100004,07100005,07110004,07110005,07110015,07110016
multiwave 99999 99999 07120000 07120004,07120005,07130008,07130009,07140007,07140008,07150007,07150008,07160008,07160009,07170004,07170005,07170015,07170016,07180004,07180005,07180016,07180017,07190007,07190008
multiwave 99999 99999 07200000 07200004,07200005,07200076,07200077,07210004,07210005,07210087,07210088,07220004,07220005,07220091,07220092,07230004,07230005,07230091,07230092,07240004,07240005,07240028,07240029
multiwave 99999 99999 07250000 07250006,07250007,07250017,07250018,07260005,07260006,07260122,07260123,07270004,07270005,07270015,07270016,07280004,07280005,07280113,07280114,07290004,07290005,07290069,07290070
multiwave 99999 99999 07300000 07300003,07300004,07300014,07300015,07310003,07310004,07310014,07310015,07320004,07320005,07320016,07320017,07330003,07330004,07330025,07330026,07350007,07350008,07360007,07360008
multiwave 99999 99999 07370000 07370007,07370008,07380007,07380008,07390007,07390008,07390022,07390023,07400007,07400008,07410007,07410008,07410022,07410023,07420007,07420008,07430007,07430008,07430022,07430023
multiwave 99999 99999 07440000 07440007,07440008,07450007,07450008,07460007,07460008,07470007,07470008,07480217,07480218,07490066,07490067,07500008,07500009,07500017,07500018,07500098,07500099,07510003,07510004
multiwave 99999 99999 07510000 07510090,07510091,07520004,07520005,07520095,07520096,07530004,07530005,07530117,07530118,07540004,07540005,07540117,07540118,07550004,07550005,07550032,07550033,07560004,07560005
multiwave 99999 99999 07560000 07560035,07560036,07570006,07570007,07570017,07570018,07580004,07580005,07580017,07580018,07590004,07590005,07590015,07590016,07600004,07600005,07600015,07600016,07610004,07610005
multiwave 99999 99999 07610000 07610093,07610094,07620004,07620005,07620075,07620076,07630003,07630004,07630069,07630070,07640008,07640009,07650004,07650005,07650015,07650016,07650030,07650031,07660042,07660043
multiwave 99999 99999 07670000 07670162,07670163,07680007,07680008,07690157,07690158,07700008,07700009,07710007,07710008,07720182,07720183,07730007,07730008,07740137,07740138,07750174,07750175,07760007,07760008
multiwave 99999 99999 07770000 07770133,07770134,07780003,07780004,07780153,07780154,07790179,07790180,07800004,07800005,07800032,07800033,07810004,07810005,07810015,07810016,07820004,07820005,07820015,07820016
multiwave 99999 99999 07830000 07830014,07830015,07840004,07840005,07840088,07840089,07850004,07850005,07850113,07850114,07860004,07860005,07860015,07860016,07870003,07870004,07870110,07870111,07880004,07880005
multiwave 99999 99999 07880000 07880060,07880061,07890004,07890005,07890111,07890112,07900004,07900005,07900087,07900088,07910004,07910005,07910081,07910082,07920004,07920005,07920091,07920092,07930008,07930009
multiwave 99999 99999 07940000 07940004,07940005,07940166,07940167,07960004,07960005,07960168,07960169,07970004,07970005,07970015,07970016,07980004,07980005,07980015,07980016,07990004,07990005,07990018,07990019
multiwave 99999 99999 08000000 08000004,08000005,08000147,08000148,08010005,08010006,08010172,08010173,08020030,08020031,08020050,08020051,08030004,08030005,08030026,08030027,08040004,08040005,08040161,08040162
multiwave 99999 99999 08050000 08050004,08050005,08050143,08050144,08060005,08060006,08060028,08060029,08070004,08070005,08070137,08070138,08080003,08080004,08080176,08080177,08090004,08090005,08090015,08090016
multiwave 99999 99999 08100000 08100004,08100005,08100046,08100047,08110004,08110005,08110015,08110016,08120004,08120005,08120017,08120018,08130004,08130005,08130062,08130063,08140004,08140005,08140105,08140106
multiwave 99999 99999 08150000 08150004,08150005,08150091,08150092,08160003,08160004,08160071,08160072,08170004,08170005,08170050,08170051,08180003,08180004,08180071,08180072,08190003,08190004,08190084,08190085
multiwave 99999 99999 08200000 08200004,08200005,08200015,08200016,08210004,08210005,08210070,08210071,08220004,08220005,08220059,08220060,08230004,08230005,08230026,08230027,08240004,08240005,08240028,08240029
multiwave 99999 99999 08250000 08250004,08250005,08250015,08250016,08260003,08260004,08260079,08260080,08270004,08270005,08270159,08270160,08280003,08280004,08280107,08280108,08290004,08290005,08290015,08290016
multiwave 99999 99999 08300000 08300004,08300005,08300015,08300016,08310004,08310005,08310022,08310023,08320003,08320004,08320025,08320026,08330003,08330004,08330035,08330036,08340003,08340004,08340023,08340024
multiwave 99999 99999 08350000 08350005,08350006,08350016,08350017,08360004,08360005,08360159,08360160,08370004,08370005,08380009,08380010,08380029,08380030,08390004,08390005,08390058,08390059,08400004,08400005
multiwave 99999 99999 08400000 08400083,08400084,08410004,08410005,08410098,08410099,08420004,08420005,08420100,08420101,08430004,08430005,08430098,08430099,08440003,08440004,08440084,08440085,08450003,08450004
multiwave 99999 99999 08450000 08450061,08450062,08460003,08460004,08460131,08460132,08470027,08470028,08470119,08470120,08480004,08480005,08480092,08480093,08490004,08490005,08490074,08490075,08500004,08500005
multiwave 99999 99999 08500000 08500085,08500086,08510004,08510005,08510074,08510075,08520004,08520005,08520046,08520047,08530004,08530005,08530091,08530092,08540004,08540005,08540024,08540025,08550004,08550005
multiwave 99999 99999 08550000 08550015,08550016,08560003,08560004,08560014,08560015,08570003,08570004,08570051,08570052,08580004,08580005,08580015,08580016,08590004,08590005,08590022,08590023,08600004,08600005
multiwave 99999 99999 08600000 08600015,08600016,08610007,08610008,08610014,08610015,08620004,08620005,08620015,08620016,08630003,08630004,08630034,08630035,08640004,08640005,08640024,08640025,08650003,08650004
multiwave 99999 99999 08650000 08650014,08650015,08660004,08660005,08660028,08660029,08670005,08670006,08670023,08670024,08680004,08680005,08680105,08680106,08690004,08690005,08690050,08690051,08700004,08700005
multiwave 99999 99999 08700000 08700074,08700075,08710004,08710005,08710076,08710077,08720004,08720005,08720050,08720051,08730004,08730005,08730092,08730093,08740004,08740005,08740032,08740033,08750004,08750005
multiwave 99999 99999 08750000 08750052,08750053,08760004,08760005,08760093,08760094,08760104,08760105,08770003,08770004,08770093,08770094,08780003,08780004,08780069,08780070,08790003,08790004,08790032,08790033
multiwave 99999 99999 08800000 08800004,08800005,08800052,08800053,08810004,08810005,08810052,08810053,08820004,08820005,08820048,08820049,08830003,08830004,08830031,08830032,08840004,08840005,08840024,08840025
multiwave 99999 99999 08850000 08850004,08850005,08850028,08850029,08860003,08860004,08860027,08860028,08870003,08870004,08870027,08870028,08880003,08880004,08880014,08880015,08890004,08890005,08890028,08890029
multiwave 99999 99999 08900000 08900003,08900004,08900029,08900030,08910004,08910005,08910024,08910025,08920003,08920004,08920021,08920022,08930004,08930005,08930024,08930025,08940004,08940005,08940026,08940027
multiwave 99999 99999 08950000 08950004,08950005,08950024,08950025,08960004,08960005,08960015,08960016,08970004,08970005,08970028,08970029,08980003,08980004,08980032,08980033,08990004,08990005,08990053,08990054
multiwave 99999 99999 09000000 09000004,09000005,09000022,09000023,09010003,09010004,09010040,09010041,09020005,09020006,09020031,09020032,09030003,09030004,09030048,09030049,09040004,09040005,09040072,09040073
multiwave 99999 99999 09050000 09050004,09050005,09050064,09050065,09060004,09060005,09060075,09060076,09070003,09070004,09070086,09070087,09080004,09080005,09080089,09080090,09090004,09090005,09090057,09090058
multiwave 99999 99999 09100000 09100004,09100005,09100061,09100062,09110004,09110005,09110015,09110016,09120004,09120005,09120015,09120016,09130004,09130005,09130015,09130016,09140004,09140005,09140015,09140016
multiwave 99999 99999 09150000 09150004,09150005,09150030,09150031,09160004,09160005,09160028,09160029,09170004,09170005,09170026,09170027,09180004,09180005,09180016,09180017,09190004,09190005,09190015,09190016
multiwave 99999 99999 09200000 09200004,09200005,09200024,09200025,09210003,09210004,09210014,09210015,09220004,09220005,09220015,09220016,09230003,09230004,09230021,09230022,09240004,09240005,09240022,09240023
multiwave 99999 99999 09250000 09250003,09250004,09250023,09250024,09260004,09260005,09260015,09260016,09270004,09270005,09270015,09270016,09280004,09280005,09280015,09280016,09290004,09290005,09290015,09290016
multiwave 99999 99999 09300000 09300004,09300005,09300015,09300016,09310004,09310005,09310015,09310016,09320004,09320005,09320015,09320016,09330004,09330005,09330015,09330016
