wave 99999 99999 09670004 09670004,09670005 09670003
wave 99999 99999 09690003 09690003,09690004 09690002
wave 99999 99999 09690014 09690014,09690015 09690013
wave 99999 99999 09700004 09700004,09700005 09700003
wave 99999 99999 09700015 09700015,09700016 09700014
wave 99999 99999 09710005 09710005,09710006 09710004
wave 99999 99999 09710016 09710016,09710017 09710015
wave 99999 99999 09720008 09720008,09720009 09720007
wave 99999 99999 09720053 09720053,09720054 09720052
wave 99999 99999 09730004 09730004,09730005 09730003
wave 99999 99999 09730035 09730035,09730036 09730034
wave 99999 99999 09740003 09740003,09740004 09740002
lsf 99999 99999 09740021 09740021 09740014
lsf 99999 99999 09740022 09740022 09740014
lsf 99999 99999 09740023 09740023 09740025
lsf 99999 99999 09740024 09740024 09740025
wave 99999 99999 09740041 09740041,09740042 09740040
wave 99999 99999 09750004 09750004,09750005 09750003
wave 99999 99999 09750024 09750024,09750025 09750023
wave 99999 99999 09760004 09760004,09760005 09760003
wave 99999 99999 09760015 09760015,09760016 09760014
wave 99999 99999 09770007 09770007,09770008 09770006
wave 99999 99999 09770052 09770052,09770053 09770051
wave 99999 99999 09780007 09780007,09780008 09780006
lsf 99999 99999 09780042 09780042 09780033
lsf 99999 99999 09780043 09780043 09780033
lsf 99999 99999 09780044 09780044 09780046
lsf 99999 99999 09780045 09780045 09780046
wave 99999 99999 09780055 09780055,09780056 09780054
wave 99999 99999 09790019 09790019,09790020 09790018
wave 99999 99999 09790180 09790180,09790181 09790179
wave 99999 99999 09800003 09800003,09800004 09800002
wave 99999 99999 09800023 09800023,09800024 09800022
wave 99999 99999 09810004 09810004,09810005 09810003
wave 99999 99999 09810048 09810048,09810049 09810047
wave 99999 99999 09820004 09820004,09820005 09820003
wave 99999 99999 09820042 09820042,09820043 09820041
wave 99999 99999 09830003 09830003,09830004 09830002
wave 99999 99999 09830014 09830014,09830015 09830013
wave 99999 99999 09840003 09840003,09840004 09840002
wave 99999 99999 09840014 09840014,09840015 09840013
wave 99999 99999 09850003 09850003,09850004 09850002
wave 99999 99999 09860004 09860004,09860005 09860003
wave 99999 99999 09860015 09860015,09860016 09860014
wave 99999 99999 09870004 09870004,09870005 09870003
wave 99999 99999 09870015 09870015,09870016 09870014
wave 99999 99999 09880004 09880004,09880005 09880003
wave 99999 99999 09880022 09880022,09880023 09880021
wave 99999 99999 09890004 09890004,09890005 09890003
wave 99999 99999 09890015 09890015,09890016 09890014
wave 99999 99999 09900004 09900004,09900005 09900003
wave 99999 99999 09900015 09900015,09900016 09900014
wave 99999 99999 09910003 09910003,09910004 09910002
wave 99999 99999 09910014 09910014,09910015 09910013
wave 99999 99999 09920004 09920004,09920005 09920003
wave 99999 99999 09920015 09920015,09920016 09920014
wave 99999 99999 09930003 09930003,09930004 09930002
wave 99999 99999 09930014 09930014,09930015 09930013
wave 99999 99999 09940004 09940004,09940005 09940003
wave 99999 99999 09940015 09940015,09940016 09940014
lsf 99999 99999 09950008 09950008 09950001
lsf 99999 99999 09950009 09950009 09950001
lsf 99999 99999 09950010 09950010 09950012
lsf 99999 99999 09950011 09950011 09950012
wave 99999 99999 09950063 09950063,09950064 09950062
wave 99999 99999 09960003 09960003,09960004 09960002
wave 99999 99999 09960011 09960011,09960012 09960010
wave 99999 99999 09960040 09960040,09960041 09960039
wave 99999 99999 09970004 09970004,09970005 09970003
lsf 99999 99999 09970026 09970026 09970019
lsf 99999 99999 09970027 09970027 09970019
lsf 99999 99999 09970028 09970028 09970030
lsf 99999 99999 09970029 09970029 09970030
wave 99999 99999 09970105 09970105,09970106 09970104
wave 99999 99999 09980004 09980004,09980005 09980003
lsf 99999 99999 09980068 09980068 09980056
lsf 99999 99999 09980069 09980069 09980056
lsf 99999 99999 09980070 09980070 09980072
lsf 99999 99999 09980071 09980071 09980072
wave 99999 99999 09980103 09980103,09980104 09980102
wave 99999 99999 09990004 09990004,09990005 09990003
lsf 99999 99999 09990057 09990057 09990045
lsf 99999 99999 09990058 09990058 09990045
lsf 99999 99999 09990059 09990059 09990061
lsf 99999 99999 09990060 09990060 09990061
wave 99999 99999 09990090 09990090,09990091 09990089
wave 99999 99999 10000003 10000003,10000004 10000002
wave 99999 99999 10000052 10000052,10000053 10000051
wave 99999 99999 10010004 10010004,10010005 10010003
wave 99999 99999 10010194 10010194,10010195 10010193
wave 99999 99999 10020004 10020004,10020005 10020003
wave 99999 99999 10020220 10020220,10020221 10020219
wave 99999 99999 10030004 10030004,10030005 10030003
wave 99999 99999 10030225 10030225,10030226 10030224
wave 99999 99999 10040004 10040004,10040005 10040003
wave 99999 99999 10040210 10040210,10040211 10040209
wave 99999 99999 10050004 10050004,10050005 10050003
wave 99999 99999 10050208 10050208,10050209 10050207
wave 99999 99999 10060003 10060003,10060004 10060002
wave 99999 99999 10060215 10060215,10060216 10060214
wave 99999 99999 10070006 10070006,10070007 10070005
wave 99999 99999 10070122 10070122,10070123 10070121
wave 99999 99999 10080003 10080003,10080004 10080002
wave 99999 99999 10080027 10080027,10080028 10080026
wave 99999 99999 10090004 10090004,10090005 10090003
lsf 99999 99999 10090020 10090020 10090001
lsf 99999 99999 10090021 10090021 10090001
lsf 99999 99999 10090022 10090022 10090024
lsf 99999 99999 10090023 10090023 10090024
wave 99999 99999 10090192 10090192,10090193 10090191
wave 99999 99999 10100004 10100004,10100005 10100003
wave 99999 99999 10100106 10100106,10100107 10100105
wave 99999 99999 10110003 10110003,10110004 10110002
wave 99999 99999 10110102 10110102,10110103 10110101
wave 99999 99999 10120003 10120003,10120004 10120002
wave 99999 99999 10120051 10120051,10120052 10120050
wave 99999 99999 10130004 10130004,10130005 10130003
wave 99999 99999 10130043 10130043,10130044 10130042
wave 99999 99999 10140004 10140004,10140005 10140003
wave 99999 99999 10140024 10140024,10140025 10140023
wave 99999 99999 10150004 10150004,10150005 10150003
lsf 99999 99999 10150019 10150019 10150001
lsf 99999 99999 10150020 10150020 10150001
lsf 99999 99999 10150021 10150021 10150023
lsf 99999 99999 10150022 10150022 10150023
wave 99999 99999 10150065 10150065,10150066 10150064
wave 99999 99999 10160006 10160006,10160007 10160005
lsf 99999 99999 10160021 10160021 10160003
lsf 99999 99999 10160022 10160022 10160003
lsf 99999 99999 10160023 10160023 10160025
lsf 99999 99999 10160024 10160024 10160025
wave 99999 99999 10160070 10160070,10160071 10160069
wave 99999 99999 10170004 10170004,10170005 10170003
wave 99999 99999 10170015 10170015,10170016 10170014
wave 99999 99999 10180004 10180004,10180005 10180003
wave 99999 99999 10180015 10180015,10180016 10180014
wave 99999 99999 10190004 10190004,10190005 10190003
wave 99999 99999 10190015 10190015,10190016 10190014
wave 99999 99999 10200004 10200004,10200005 10200003
lsf 99999 99999 10200019 10200019 10200001
lsf 99999 99999 10200020 10200020 10200001
lsf 99999 99999 10200021 10200021 10200023
lsf 99999 99999 10200022 10200022 10200023
wave 99999 99999 10200111 10200111,10200112 10200110
wave 99999 99999 10210004 10210004,10210005 10210003
lsf 99999 99999 10210019 10210019 10210001
lsf 99999 99999 10210020 10210020 10210001
lsf 99999 99999 10210021 10210021 10210023
lsf 99999 99999 10210022 10210022 10210023
wave 99999 99999 10210113 10210113,10210114 10210112
wave 99999 99999 10220005 10220005,10220006 10220004
lsf 99999 99999 10220020 10220020 10220001
lsf 99999 99999 10220021 10220021 10220001
lsf 99999 99999 10220022 10220022 10220024
lsf 99999 99999 10220023 10220023 10220024
wave 99999 99999 10220113 10220113,10220114 10220112
wave 99999 99999 10230005 10230005,10230006 10230004
lsf 99999 99999 10230020 10230020 10230001
lsf 99999 99999 10230021 10230021 10230001
lsf 99999 99999 10230022 10230022 10230024
lsf 99999 99999 10230023 10230023 10230024
wave 99999 99999 10230114 10230114,10230115 10230113
wave 99999 99999 10240004 10240004,10240005 10240003
lsf 99999 99999 10240019 10240019 10240001
lsf 99999 99999 10240020 10240020 10240001
lsf 99999 99999 10240021 10240021 10240023
lsf 99999 99999 10240022 10240022 10240023
wave 99999 99999 10240109 10240109,10240110 10240108
wave 99999 99999 10250004 10250004,10250005 10250003
lsf 99999 99999 10250019 10250019 10250001
lsf 99999 99999 10250020 10250020 10250001
lsf 99999 99999 10250021 10250021 10250023
lsf 99999 99999 10250022 10250022 10250023
wave 99999 99999 10250113 10250113,10250114 10250112
wave 99999 99999 10260003 10260003,10260004 10260002
lsf 99999 99999 10260018 10260018 10260001
lsf 99999 99999 10260019 10260019 10260001
lsf 99999 99999 10260020 10260020 10260022
lsf 99999 99999 10260021 10260021 10260022
wave 99999 99999 10260114 10260114,10260115 10260113
wave 99999 99999 10270004 10270004,10270005 10270003
wave 99999 99999 10270096 10270096,10270097 10270095
wave 99999 99999 10280004 10280004,10280005 10280003
wave 99999 99999 10280046 10280046,10280047 10280045
wave 99999 99999 10290004 10290004,10290005 10290003
lsf 99999 99999 10290023 10290023 10290001
lsf 99999 99999 10290024 10290024 10290001
lsf 99999 99999 10290025 10290025 10290027
lsf 99999 99999 10290026 10290026 10290027
wave 99999 99999 10290047 10290047,10290048 10290046
wave 99999 99999 10300004 10300004,10300005 10300003
wave 99999 99999 10300057 10300057,10300058 10300056
wave 99999 99999 10310004 10310004,10310005 10310003
wave 99999 99999 10310061 10310061,10310062 10310060
wave 99999 99999 10320004 10320004,10320005 10320003
wave 99999 99999 10320015 10320015,10320016 10320014
wave 99999 99999 10330003 10330003,10330004 10330002
wave 99999 99999 10330023 10330023,10330024 10330022
wave 99999 99999 10340004 10340004,10340005 10340003
wave 99999 99999 10340024 10340024,10340025 10340023
wave 99999 99999 10350003 10350003,10350004 10350002
wave 99999 99999 10350096 10350096,10350097 10350095
wave 99999 99999 10360004 10360004,10360005 10360003
wave 99999 99999 10360082 10360082,10360083 10360081
wave 99999 99999 10370004 10370004,10370005 10370003
lsf 99999 99999 10370019 10370019 10370001
lsf 99999 99999 10370020 10370020 10370001
lsf 99999 99999 10370021 10370021 10370023
lsf 99999 99999 10370022 10370022 10370023
wave 99999 99999 10370096 10370096,10370097 10370095
wave 99999 99999 10380004 10380004,10380005 10380003
wave 99999 99999 10380015 10380015,10380016 10380014
wave 99999 99999 10390004 10390004,10390005 10390003
wave 99999 99999 10390015 10390015,10390016 10390014
wave 99999 99999 10400004 10400004,10400005 10400003
wave 99999 99999 10400015 10400015,10400016 10400014
wave 99999 99999 10410004 10410004,10410005 10410003
wave 99999 99999 10410144 10410144,10410145 10410143
wave 99999 99999 10420004 10420004,10420005 10420003
wave 99999 99999 10420085 10420085,10420086 10420084
wave 99999 99999 10430004 10430004,10430005 10430003
lsf 99999 99999 10430041 10430041 10430030
lsf 99999 99999 10430042 10430042 10430030
lsf 99999 99999 10430043 10430043 10430045
lsf 99999 99999 10430044 10430044 10430045
wave 99999 99999 10430167 10430167,10430168 10430166
wave 99999 99999 10440003 10440003,10440004 10440002
lsf 99999 99999 10440018 10440018 10440001
lsf 99999 99999 10440019 10440019 10440001
lsf 99999 99999 10440020 10440020 10440022
lsf 99999 99999 10440021 10440021 10440022
wave 99999 99999 10440066 10440066,10440067 10440065
wave 99999 99999 10450004 10450004,10450005 10450003
wave 99999 99999 10450093 10450093,10450094 10450092
wave 99999 99999 10460004 10460004,10460005 10460003
lsf 99999 99999 10460019 10460019 10460001
lsf 99999 99999 10460020 10460020 10460001
lsf 99999 99999 10460021 10460021 10460023
lsf 99999 99999 10460022 10460022 10460023
wave 99999 99999 10460087 10460087,10460088 10460086
wave 99999 99999 10470004 10470004,10470005 10470003
wave 99999 99999 10470015 10470015,10470016 10470014
wave 99999 99999 10480007 10480007,10480008 10480006
wave 99999 99999 10480018 10480018,10480019 10480017
wave 99999 99999 10490004 10490004,10490005 10490003
lsf 99999 99999 10490021 10490021 10490001
lsf 99999 99999 10490022 10490022 10490001
lsf 99999 99999 10490023 10490023 10490025
lsf 99999 99999 10490024 10490024 10490025
wave 99999 99999 10490106 10490106,10490107 10490105
wave 99999 99999 10500004 10500004,10500005 10500003
wave 99999 99999 10500015 10500015,10500016 10500014
wave 99999 99999 10510003 10510003,10510004 10510002
wave 99999 99999 10510025 10510025,10510026 10510024
wave 99999 99999 10520003 10520003,10520004 10520002
wave 99999 99999 10520041 10520041,10520042 10520040
wave 99999 99999 10530004 10530004,10530005 10530003
wave 99999 99999 10530070 10530070,10530071 10530069
wave 99999 99999 10540004 10540004,10540005 10540003
lsf 99999 99999 10540019 10540019 10540001
lsf 99999 99999 10540020 10540020 10540001
lsf 99999 99999 10540021 10540021 10540023
lsf 99999 99999 10540022 10540022 10540023
wave 99999 99999 10540117 10540117,10540118 10540116
wave 99999 99999 10550004 10550004,10550005 10550003
wave 99999 99999 10550028 10550028,10550029 10550027
wave 99999 99999 10560004 10560004,10560005 10560003
wave 99999 99999 10560015 10560015,10560016 10560014
wave 99999 99999 10570004 10570004,10570005 10570003
wave 99999 99999 10570015 10570015,10570016 10570014
wave 99999 99999 10580004 10580004,10580005 10580003
wave 99999 99999 10580015 10580015,10580016 10580014
wave 99999 99999 10590004 10590004,10590005 10590003
wave 99999 99999 10590015 10590015,10590016 10590014
wave 99999 99999 10600004 10600004,10600005 10600003
wave 99999 99999 10600015 10600015,10600016 10600014
wave 99999 99999 10610004 10610004,10610005 10610003
lsf 99999 99999 10610019 10610019 10610001
lsf 99999 99999 10610020 10610020 10610001
lsf 99999 99999 10610021 10610021 10610023
lsf 99999 99999 10610022 10610022 10610023
wave 99999 99999 10610071 10610071,10610072 10610070
wave 99999 99999 10620004 10620004,10620005 10620003
wave 99999 99999 10620015 10620015,10620016 10620014
wave 99999 99999 10630004 10630004,10630005 10630003
lsf 99999 99999 10630019 10630019 10630001
lsf 99999 99999 10630020 10630020 10630001
lsf 99999 99999 10630021 10630021 10630023
lsf 99999 99999 10630022 10630022 10630023
wave 99999 99999 10630032 10630032,10630033 10630031
wave 99999 99999 10640004 10640004,10640005 10640003
wave 99999 99999 10640043 10640043,10640044 10640042
wave 99999 99999 10650004 10650004,10650005 10650003
wave 99999 99999 10650015 10650015,10650016 10650014
wave 99999 99999 10660004 10660004,10660005 10660003
wave 99999 99999 10660041 10660041,10660042 10660040
wave 99999 99999 10670003 10670003,10670004 10670002
wave 99999 99999 10670038 10670038,10670039 10670037
wave 99999 99999 10680004 10680004,10680005 10680003
wave 99999 99999 10680045 10680045,10680046 10680044
wave 99999 99999 10690004 10690004,10690005 10690003
wave 99999 99999 10690015 10690015,10690016 10690014
wave 99999 99999 10700004 10700004,10700005 10700003
wave 99999 99999 10700015 10700015,10700016 10700014
wave 99999 99999 10710004 10710004,10710005 10710003
wave 99999 99999 10710015 10710015,10710016 10710014
wave 99999 99999 10720004 10720004,10720005 10720003
wave 99999 99999 10720015 10720015,10720016 10720014
wave 99999 99999 10730004 10730004,10730005 10730003
wave 99999 99999 10730052 10730052,10730053 10730051
wave 99999 99999 10740015 10740015,10740016 10740014
wave 99999 99999 10740059 10740059,10740060 10740058
wave 99999 99999 10750004 10750004,10750005 10750003
lsf 99999 99999 10750030 10750030 10750019
lsf 99999 99999 10750031 10750031 10750019
lsf 99999 99999 10750032 10750032 10750034
lsf 99999 99999 10750033 10750033 10750034
wave 99999 99999 10750089 10750089,10750090 10750088
wave 99999 99999 10760006 10760006,10760007 10760005
wave 99999 99999 10760030 10760030,10760031 10760029
wave 99999 99999 10770004 10770004,10770005 10770003
wave 99999 99999 10770015 10770015,10770016 10770014
wave 99999 99999 10780004 10780004,10780005 10780003
lsf 99999 99999 10780019 10780019 10780001
lsf 99999 99999 10780020 10780020 10780001
lsf 99999 99999 10780021 10780021 10780023
lsf 99999 99999 10780022 10780022 10780023
wave 99999 99999 10780051 10780051,10780052 10780050
wave 99999 99999 10790003 10790003,10790004 10790002
lsf 99999 99999 10790018 10790018 10790001
lsf 99999 99999 10790019 10790019 10790001
lsf 99999 99999 10790020 10790020 10790022
lsf 99999 99999 10790021 10790021 10790022
wave 99999 99999 10790118 10790118,10790119 10790117
wave 99999 99999 10800004 10800004,10800005 10800003
lsf 99999 99999 10800019 10800019 10800001
lsf 99999 99999 10800020 10800020 10800001
lsf 99999 99999 10800021 10800021 10800023
lsf 99999 99999 10800022 10800022 10800023
wave 99999 99999 10800119 10800119,10800120 10800118
wave 99999 99999 10810004 10810004,10810005 10810003
lsf 99999 99999 10810043 10810043 10810030
lsf 99999 99999 10810044 10810044 10810030
lsf 99999 99999 10810045 10810045 10810047
lsf 99999 99999 10810046 10810046 10810047
wave 99999 99999 10810102 10810102,10810103 10810101
wave 99999 99999 10820004 10820004,10820005 10820003
lsf 99999 99999 10820054 10820054 10820043
lsf 99999 99999 10820055 10820055 10820043
lsf 99999 99999 10820056 10820056 10820058
lsf 99999 99999 10820057 10820057 10820058
wave 99999 99999 10820119 10820119,10820120 10820118
wave 99999 99999 10830004 10830004,10830005 10830003
wave 99999 99999 10830050 10830050,10830051 10830049
wave 99999 99999 10840004 10840004,10840005 10840003
lsf 99999 99999 10840019 10840019 10840001
lsf 99999 99999 10840020 10840020 10840001
lsf 99999 99999 10840021 10840021 10840023
lsf 99999 99999 10840022 10840022 10840023
wave 99999 99999 10840074 10840074,10840075 10840073
wave 99999 99999 10850003 10850003,10850004 10850002
wave 99999 99999 10850014 10850014,10850015 10850013
wave 99999 99999 10860003 10860003,10860004 10860002
wave 99999 99999 10860014 10860014,10860015 10860013
wave 99999 99999 10870005 10870005,10870006 10870004
wave 99999 99999 10870016 10870016,10870017 10870015
wave 99999 99999 10880003 10880003,10880004 10880002
lsf 99999 99999 10880018 10880018 10880001
lsf 99999 99999 10880019 10880019 10880001
lsf 99999 99999 10880020 10880020 10880022
lsf 99999 99999 10880021 10880021 10880022
wave 99999 99999 10880116 10880116,10880117 10880115
wave 99999 99999 10890004 10890004,10890005 10890003
lsf 99999 99999 10890019 10890019 10890001
lsf 99999 99999 10890020 10890020 10890001
lsf 99999 99999 10890021 10890021 10890023
lsf 99999 99999 10890022 10890022 10890023
wave 99999 99999 10890119 10890119,10890120 10890118
wave 99999 99999 10900004 10900004,10900005 10900003
lsf 99999 99999 10900048 10900048 10900041
lsf 99999 99999 10900049 10900049 10900041
lsf 99999 99999 10900050 10900050 10900052
lsf 99999 99999 10900051 10900051 10900052
wave 99999 99999 10900078 10900078,10900079 10900077
wave 99999 99999 10910004 10910004,10910005 10910003
lsf 99999 99999 10910019 10910019 10910001
lsf 99999 99999 10910020 10910020 10910001
lsf 99999 99999 10910021 10910021 10910023
lsf 99999 99999 10910022 10910022 10910023
wave 99999 99999 10910098 10910098,10910099 10910097
wave 99999 99999 10920004 10920004,10920005 10920003
lsf 99999 99999 10920034 10920034 10920019
lsf 99999 99999 10920035 10920035 10920019
lsf 99999 99999 10920036 10920036 10920038
lsf 99999 99999 10920037 10920037 10920038
wave 99999 99999 10920095 10920095,10920096 10920094
wave 99999 99999 10930004 10930004,10930005 10930003
wave 99999 99999 10930071 10930071,10930072 10930070
wave 99999 99999 10940004 10940004,10940005 10940003
lsf 99999 99999 10940043 10940043 10940032
lsf 99999 99999 10940044 10940044 10940032
lsf 99999 99999 10940045 10940045 10940047
lsf 99999 99999 10940046 10940046 10940047
wave 99999 99999 10940093 10940093,10940094 10940092
wave 99999 99999 10950004 10950004,10950005 10950003
wave 99999 99999 10950034 10950034,10950035 10950033
wave 99999 99999 10960025 10960025,10960026 10960024
wave 99999 99999 10970007 10970007,10970008 10970006
wave 99999 99999 10980013 10980013,10980014 10980012
wave 99999 99999 10980024 10980024,10980025 10980023
wave 99999 99999 10990007 10990007,10990008 10990006
wave 99999 99999 11000007 11000007,11000008 11000006
wave 99999 99999 11020004 11020004,11020005 11020003
wave 99999 99999 11020015 11020015,11020016 11020014
wave 99999 99999 11030004 11030004,11030005 11030003
wave 99999 99999 11030015 11030015,11030016 11030014
wave 99999 99999 11040005 11040005,11040006 11040004
lsf 99999 99999 11040020 11040020 11040001
lsf 99999 99999 11040021 11040021 11040001
lsf 99999 99999 11040022 11040022 11040024
lsf 99999 99999 11040023 11040023 11040024
wave 99999 99999 11040081 11040081,11040082 11040080
wave 99999 99999 11050006 11050006,11050007 11050005
wave 99999 99999 11050032 11050032,11050033 11050031
wave 99999 99999 11060004 11060004,11060005 11060003
lsf 99999 99999 11060019 11060019 11060001
lsf 99999 99999 11060020 11060020 11060001
lsf 99999 99999 11060021 11060021 11060023
lsf 99999 99999 11060022 11060022 11060023
wave 99999 99999 11060091 11060091,11060092 11060090
wave 99999 99999 11070004 11070004,11070005 11070003
lsf 99999 99999 11070030 11070030 11070019
lsf 99999 99999 11070031 11070031 11070019
lsf 99999 99999 11070032 11070032 11070034
lsf 99999 99999 11070033 11070033 11070034
wave 99999 99999 11070093 11070093,11070094 11070092
wave 99999 99999 11080004 11080004,11080005 11080003
lsf 99999 99999 11080019 11080019 11080001
lsf 99999 99999 11080020 11080020 11080001
lsf 99999 99999 11080021 11080021 11080023
lsf 99999 99999 11080022 11080022 11080023
wave 99999 99999 11080076 11080076,11080077 11080075
wave 99999 99999 11090005 11090005,11090006 11090004
lsf 99999 99999 11090031 11090031 11090020
lsf 99999 99999 11090032 11090032 11090020
lsf 99999 99999 11090033 11090033 11090035
lsf 99999 99999 11090034 11090034 11090035
wave 99999 99999 11090112 11090112,11090113 11090111
wave 99999 99999 11100004 11100004,11100005 11100003
lsf 99999 99999 11100019 11100019 11100001
lsf 99999 99999 11100020 11100020 11100001
lsf 99999 99999 11100021 11100021 11100023
lsf 99999 99999 11100022 11100022 11100023
wave 99999 99999 11100117 11100117,11100118 11100116
wave 99999 99999 11110004 11110004,11110005 11110003
lsf 99999 99999 11110052 11110052 11110041
lsf 99999 99999 11110053 11110053 11110041
lsf 99999 99999 11110054 11110054 11110056
lsf 99999 99999 11110055 11110055 11110056
wave 99999 99999 11110119 11110119,11110120 11110118
wave 99999 99999 11120004 11120004,11120005 11120003
lsf 99999 99999 11120019 11120019 11120001
lsf 99999 99999 11120020 11120020 11120001
lsf 99999 99999 11120021 11120021 11120023
lsf 99999 99999 11120022 11120022 11120023
wave 99999 99999 11120121 11120121,11120122 11120120
wave 99999 99999 11130004 11130004,11130005 11130003
lsf 99999 99999 11130063 11130063 11130052
lsf 99999 99999 11130064 11130064 11130052
lsf 99999 99999 11130065 11130065 11130067
lsf 99999 99999 11130066 11130066 11130067
wave 99999 99999 11130121 11130121,11130122 11130120
wave 99999 99999 11140004 11140004,11140005 11140003
lsf 99999 99999 11140043 11140043 11140032
lsf 99999 99999 11140044 11140044 11140032
lsf 99999 99999 11140045 11140045 11140047
lsf 99999 99999 11140046 11140046 11140047
wave 99999 99999 11140119 11140119,11140120 11140118
wave 99999 99999 11150004 11150004,11150005 11150003
lsf 99999 99999 11150030 11150030 11150019
lsf 99999 99999 11150031 11150031 11150019
lsf 99999 99999 11150032 11150032 11150034
lsf 99999 99999 11150033 11150033 11150034
wave 99999 99999 11150095 11150095,11150096 11150094
wave 99999 99999 11160004 11160004,11160005 11160003
lsf 99999 99999 11160054 11160054 11160043
lsf 99999 99999 11160055 11160055 11160043
lsf 99999 99999 11160056 11160056 11160058
lsf 99999 99999 11160057 11160057 11160058
wave 99999 99999 11160078 11160078,11160079 11160077
wave 99999 99999 11170004 11170004,11170005 11170003
wave 99999 99999 11170095 11170095,11170096 11170094
wave 99999 99999 11180004 11180004,11180005 11180003
wave 99999 99999 11180050 11180050,11180051 11180049
wave 99999 99999 11190004 11190004,11190005 11190003
wave 99999 99999 11190026 11190026,11190027 11190025
wave 99999 99999 11200005 11200005,11200006 11200004
wave 99999 99999 11200016 11200016,11200017 11200015
wave 99999 99999 11210004 11210004,11210005 11210003
wave 99999 99999 11210015 11210015,11210016 11210014
wave 99999 99999 11220004 11220004,11220005 11220003
wave 99999 99999 11220091 11220091,11220092 11220090
wave 99999 99999 11230004 11230004,11230005 11230003
wave 99999 99999 11230137 11230137,11230138 11230136
wave 99999 99999 11240003 11240003,11240004 11240002
wave 99999 99999 11240195 11240195,11240196 11240194
wave 99999 99999 11250004 11250004,11250005 11250003
wave 99999 99999 11250081 11250081,11250082 11250080
wave 99999 99999 11260016 11260016,11260017 11260015
wave 99999 99999 11260057 11260057,11260058 11260056
wave 99999 99999 11270004 11270004,11270005 11270003
wave 99999 99999 11270015 11270015,11270016 11270014
wave 99999 99999 11280008 11280008,11280009 11280007
wave 99999 99999 11290008 11290008,11290009 11290007
wave 99999 99999 11300008 11300008,11300009 11300007
wave 99999 99999 11310073 11310073,11310074 11310072
wave 99999 99999 11320024 11320024,11320025 11320023
wave 99999 99999 11330012 11330012,11330013 11330011
wave 99999 99999 11330023 11330023,11330024 11330022
wave 99999 99999 11340004 11340004,11340005 11340003
wave 99999 99999 11340078 11340078,11340079 11340077
wave 99999 99999 11350003 11350003,11350004 11350002
wave 99999 99999 11350088 11350088,11350089 11350087
wave 99999 99999 11360004 11360004,11360005 11360003
lsf 99999 99999 11360019 11360019 11360001
lsf 99999 99999 11360020 11360020 11360001
lsf 99999 99999 11360021 11360021 11360023
lsf 99999 99999 11360022 11360022 11360023
wave 99999 99999 11360118 11360118,11360119 11360117
wave 99999 99999 11370004 11370004,11370005 11370003
wave 99999 99999 11370050 11370050,11370051 11370049
wave 99999 99999 11380004 11380004,11380005 11380003
lsf 99999 99999 11380019 11380019 11380001
lsf 99999 99999 11380020 11380020 11380001
lsf 99999 99999 11380021 11380021 11380023
lsf 99999 99999 11380022 11380022 11380023
wave 99999 99999 11380116 11380116,11380117 11380115
wave 99999 99999 11390004 11390004,11390005 11390003
wave 99999 99999 11390107 11390107,11390108 11390106
wave 99999 99999 11400004 11400004,11400005 11400003
lsf 99999 99999 11400045 11400045 11400034
lsf 99999 99999 11400046 11400046 11400034
lsf 99999 99999 11400047 11400047 11400049
lsf 99999 99999 11400048 11400048 11400049
wave 99999 99999 11400102 11400102,11400103 11400101
wave 99999 99999 11410004 11410004,11410005 11410003
lsf 99999 99999 11410066 11410066 11410063
lsf 99999 99999 11410099 11410099 11410086
lsf 99999 99999 11410100 11410100 11410086
lsf 99999 99999 11410101 11410101 11410103
lsf 99999 99999 11410102 11410102 11410103
wave 99999 99999 11410112 11410112,11410113 11410111
wave 99999 99999 11420004 11420004,11420005 11420003
wave 99999 99999 11420096 11420096,11420097 11420095
wave 99999 99999 11430004 11430004,11430005 11430003
wave 99999 99999 11430080 11430080,11430081 11430079
wave 99999 99999 11440004 11440004,11440005 11440003
lsf 99999 99999 11440050 11440050 11440039
lsf 99999 99999 11440051 11440051 11440039
lsf 99999 99999 11440052 11440052 11440054
lsf 99999 99999 11440053 11440053 11440054
wave 99999 99999 11440096 11440096,11440097 11440095
wave 99999 99999 11450004 11450004,11450005 11450003
wave 99999 99999 11450072 11450072,11450073 11450071
wave 99999 99999 11460004 11460004,11460005 11460003
lsf 99999 99999 11460017 11460017 11460001
lsf 99999 99999 11460018 11460018 11460001
lsf 99999 99999 11460019 11460019 11460021
lsf 99999 99999 11460020 11460020 11460021
wave 99999 99999 11460041 11460041,11460042 11460040
wave 99999 99999 11470004 11470004,11470005 11470003
wave 99999 99999 11470072 11470072,11470073 11470071
wave 99999 99999 11480004 11480004,11480005 11480003
wave 99999 99999 11480026 11480026,11480027 11480025
wave 99999 99999 11490004 11490004,11490005 11490003
wave 99999 99999 11490028 11490028,11490029 11490027
wave 99999 99999 11500004 11500004,11500005 11500003
wave 99999 99999 11500015 11500015,11500016 11500014
wave 99999 99999 11510008 11510008,11510009 11510007
wave 99999 99999 11510026 11510026,11510027 11510025
wave 99999 99999 11520004 11520004,11520005 11520003
wave 99999 99999 11520015 11520015,11520016 11520014
wave 99999 99999 11530004 11530004,11530005 11530003
wave 99999 99999 11530022 11530022,11530023 11530021
wave 99999 99999 11540004 11540004,11540005 11540003
wave 99999 99999 11540028 11540028,11540029 11540027
wave 99999 99999 11550004 11550004,11550005 11550003
wave 99999 99999 11550030 11550030,11550031 11550029
wave 99999 99999 11560003 11560003,11560004 11560002
wave 99999 99999 11560014 11560014,11560015 11560013
wave 99999 99999 11570004 11570004,11570005 11570003
wave 99999 99999 11570015 11570015,11570016 11570014
wave 99999 99999 11580004 11580004,11580005 11580003
wave 99999 99999 11580076 11580076,11580077 11580075
wave 99999 99999 11590004 11590004,11590005 11590003
wave 99999 99999 11590033 11590033,11590034 11590032
wave 99999 99999 11600004 11600004,11600005 11600003
lsf 99999 99999 11600019 11600019 11600001
lsf 99999 99999 11600020 11600020 11600001
lsf 99999 99999 11600021 11600021 11600023
lsf 99999 99999 11600022 11600022 11600023
wave 99999 99999 11600037 11600037,11600038 11600036
wave 99999 99999 11610004 11610004,11610005 11610003
wave 99999 99999 11610033 11610033,11610034 11610032
wave 99999 99999 11620004 11620004,11620005 11620003
wave 99999 99999 11620024 11620024,11620025 11620023
wave 99999 99999 11630004 11630004,11630005 11630003
wave 99999 99999 11630015 11630015,11630016 11630014
wave 99999 99999 11640004 11640004,11640005 11640003
lsf 99999 99999 11640021 11640021 11640001
lsf 99999 99999 11640022 11640022 11640001
lsf 99999 99999 11640023 11640023 11640025
lsf 99999 99999 11640024 11640024 11640025
wave 99999 99999 11640078 11640078,11640079 11640077
wave 99999 99999 11650004 11650004,11650005 11650003
lsf 99999 99999 11650036 11650036 11650019
lsf 99999 99999 11650037 11650037 11650019
lsf 99999 99999 11650038 11650038 11650040
lsf 99999 99999 11650039 11650039 11650040
wave 99999 99999 11650089 11650089,11650090 11650088
wave 99999 99999 11660004 11660004,11660005 11660003
lsf 99999 99999 11660023 11660023 11660001
lsf 99999 99999 11660024 11660024 11660001
lsf 99999 99999 11660025 11660025 11660027
lsf 99999 99999 11660026 11660026 11660027
wave 99999 99999 11660058 11660058,11660059 11660057
wave 99999 99999 11670003 11670003,11670004 11670002
lsf 99999 99999 11670018 11670018 11670001
lsf 99999 99999 11670019 11670019 11670001
lsf 99999 99999 11670020 11670020 11670022
lsf 99999 99999 11670021 11670021 11670022
wave 99999 99999 11670108 11670108,11670109 11670107
wave 99999 99999 11680003 11680003,11680004 11680002
lsf 99999 99999 11680018 11680018 11680001
lsf 99999 99999 11680019 11680019 11680001
lsf 99999 99999 11680020 11680020 11680022
lsf 99999 99999 11680021 11680021 11680022
wave 99999 99999 11680043 11680043,11680044 11680042
wave 99999 99999 11690047 11690047,11690048 11690046
wave 99999 99999 11690058 11690058,11690059 11690057
wave 99999 99999 11700003 11700003,11700004 11700002
wave 99999 99999 11700014 11700014,11700015 11700013
wave 99999 99999 11710004 11710004,11710005 11710003
lsf 99999 99999 11710019 11710019 11710001
lsf 99999 99999 11710020 11710020 11710001
lsf 99999 99999 11710021 11710021 11710023
lsf 99999 99999 11710022 11710022 11710023
wave 99999 99999 11710109 11710109,11710110 11710108
wave 99999 99999 11720004 11720004,11720005 11720003
lsf 99999 99999 11720019 11720019 11720001
lsf 99999 99999 11720020 11720020 11720001
lsf 99999 99999 11720021 11720021 11720023
lsf 99999 99999 11720022 11720022 11720023
wave 99999 99999 11720102 11720102,11720103 11720101
wave 99999 99999 11730004 11730004,11730005 11730003
wave 99999 99999 11730105 11730105,11730106 11730104
wave 99999 99999 11740004 11740004,11740005 11740003
wave 99999 99999 11740015 11740015,11740016 11740014
wave 99999 99999 11750004 11750004,11750005 11750003
wave 99999 99999 11750015 11750015,11750016 11750014
wave 99999 99999 11760003 11760003,11760004 11760002
wave 99999 99999 11760062 11760062,11760063 11760061
wave 99999 99999 11770004 11770004,11770005 11770003
wave 99999 99999 11770024 11770024,11770025 11770023
wave 99999 99999 11780004 11780004,11780005 11780003
lsf 99999 99999 11780019 11780019 11780001
lsf 99999 99999 11780020 11780020 11780001
lsf 99999 99999 11780021 11780021 11780023
lsf 99999 99999 11780022 11780022 11780023
wave 99999 99999 11780043 11780043,11780044 11780042
wave 99999 99999 11790004 11790004,11790005 11790003
wave 99999 99999 11790054 11790054,11790055 11790053
wave 99999 99999 11800003 11800003,11800004 11800002
wave 99999 99999 11800014 11800014,11800015 11800013
wave 99999 99999 11810003 11810003,11810004 11810002
wave 99999 99999 11810014 11810014,11810015 11810013
wave 99999 99999 11820003 11820003,11820004 11820002
wave 99999 99999 11820014 11820014,11820015 11820013
wave 99999 99999 11830003 11830003,11830004 11830002
wave 99999 99999 11830032 11830032,11830033 11830031
wave 99999 99999 11840003 11840003,11840004 11840002
wave 99999 99999 11840025 11840025,11840026 11840024
wave 99999 99999 11850004 11850004,11850005 11850003
wave 99999 99999 11850024 11850024,11850025 11850023
wave 99999 99999 11860004 11860004,11860005 11860003
wave 99999 99999 11860095 11860095,11860096 11860094
wave 99999 99999 11870025 11870025,11870026 11870024
wave 99999 99999 11870109 11870109,11870110 11870108
wave 99999 99999 11880004 11880004,11880005 11880003
wave 99999 99999 11880035 11880035,11880036 11880034
wave 99999 99999 11890003 11890003,11890004 11890002
wave 99999 99999 11890110 11890110,11890111 11890109
wave 99999 99999 11900003 11900003,11900004 11900002
wave 99999 99999 11900014 11900014,11900015 11900013
wave 99999 99999 11910003 11910003,11910004 11910002
lsf 99999 99999 11910018 11910018 11910019
wave 99999 99999 11910033 11910033,11910034 11910032
wave 99999 99999 11920003 11920003,11920004 11920002
wave 99999 99999 11920040 11920040,11920041 11920039
wave 99999 99999 11930035 11930035,11930036 11930034
wave 99999 99999 11940004 11940004,11940005 11940003
lsf 99999 99999 11940019 11940019 11940001
lsf 99999 99999 11940020 11940020 11940001
lsf 99999 99999 11940021 11940021 11940023
lsf 99999 99999 11940022 11940022 11940023
wave 99999 99999 11940100 11940100,11940101 11940099
wave 99999 99999 11950003 11950003,11950004 11950002
lsf 99999 99999 11950029 11950029 11950018
lsf 99999 99999 11950030 11950030 11950018
lsf 99999 99999 11950031 11950031 11950033
lsf 99999 99999 11950032 11950032 11950033
wave 99999 99999 11950104 11950104,11950105 11950103
wave 99999 99999 11960021 11960021,11960022 11960020
wave 99999 99999 11960071 11960071,11960072 11960070
wave 99999 99999 11970004 11970004,11970005 11970003
wave 99999 99999 11970072 11970072,11970073 11970071
wave 99999 99999 11980004 11980004,11980005 11980003
wave 99999 99999 11980050 11980050,11980051 11980049
wave 99999 99999 11990004 11990004,11990005 11990003
wave 99999 99999 11990063 11990063,11990064 11990062
wave 99999 99999 12000004 12000004,12000005 12000003
wave 99999 99999 12000090 12000090,12000091 12000089
wave 99999 99999 12010004 12010004,12010005 12010003
wave 99999 99999 12010062 12010062,12010063 12010061
wave 99999 99999 12020004 12020004,12020005 12020003
wave 99999 99999 12020058 12020058,12020059 12020057
wave 99999 99999 12030004 12030004,12030005 12030003
lsf 99999 99999 12030019 12030019 12030001
lsf 99999 99999 12030020 12030020 12030001
lsf 99999 99999 12030021 12030021 12030023
lsf 99999 99999 12030022 12030022 12030023
wave 99999 99999 12030098 12030098,12030099 12030097
wave 99999 99999 12040004 12040004,12040005 12040003
wave 99999 99999 12040015 12040015,12040016 12040014
wave 99999 99999 12050004 12050004,12050005 12050003
wave 99999 99999 12050015 12050015,12050016 12050014
wave 99999 99999 12060004 12060004,12060005 12060003
wave 99999 99999 12060120 12060120,12060121 12060119
wave 99999 99999 12070004 12070004,12070005 12070003
wave 99999 99999 12070105 12070105,12070106 12070104
wave 99999 99999 12080004 12080004,12080005 12080003
wave 99999 99999 12080039 12080039,12080040 12080038
wave 99999 99999 12090004 12090004,12090005 12090003
wave 99999 99999 12090086 12090086,12090087 12090085
wave 99999 99999 12100004 12100004,12100005 12100003
lsf 99999 99999 12100091 12100091 12100001
lsf 99999 99999 12100092 12100092 12100001
lsf 99999 99999 12100093 12100093 12100095
lsf 99999 99999 12100094 12100094 12100095
wave 99999 99999 12100126 12100126,12100127 12100125
wave 99999 99999 12110004 12110004,12110005 12110003
wave 99999 99999 12110050 12110050,12110051 12110049
wave 99999 99999 12120004 12120004,12120005 12120003
wave 99999 99999 12120028 12120028,12120029 12120027
wave 99999 99999 12130004 12130004,12130005 12130003
lsf 99999 99999 12130019 12130019 12130001
lsf 99999 99999 12130020 12130020 12130001
lsf 99999 99999 12130021 12130021 12130023
lsf 99999 99999 12130022 12130022 12130023
wave 99999 99999 12130054 12130054,12130055 12130053
wave 99999 99999 12140004 12140004,12140005 12140003
wave 99999 99999 12140082 12140082,12140083 12140081
wave 99999 99999 12150004 12150004,12150005 12150003
lsf 99999 99999 12150055 12150055 12150001
lsf 99999 99999 12150056 12150056 12150001
lsf 99999 99999 12150057 12150057 12150059
lsf 99999 99999 12150058 12150058 12150059
wave 99999 99999 12150075 12150075,12150076 12150074
wave 99999 99999 12160004 12160004,12160005 12160003
wave 99999 99999 12160037 12160037,12160038 12160036
wave 99999 99999 12170004 12170004,12170005 12170003
wave 99999 99999 12170046 12170046,12170047 12170045
wave 99999 99999 12180004 12180004,12180005 12180003
wave 99999 99999 12180050 12180050,12180051 12180049
wave 99999 99999 12190003 12190003,12190004 12190002
wave 99999 99999 12190088 12190088,12190089 12190087
wave 99999 99999 12200004 12200004,12200005 12200003
wave 99999 99999 12200050 12200050,12200051 12200049
wave 99999 99999 12210006 12210006,12210007 12210005
lsf 99999 99999 12210019 12210019 12210003
lsf 99999 99999 12210020 12210020 12210003
lsf 99999 99999 12210021 12210021 12210023
lsf 99999 99999 12210022 12210022 12210023
wave 99999 99999 12210054 12210054,12210055 12210053
wave 99999 99999 12220004 12220004,12220005 12220003
wave 99999 99999 12220050 12220050,12220051 12220049
wave 99999 99999 12230004 12230004,12230005 12230003
lsf 99999 99999 12230019 12230019 12230001
lsf 99999 99999 12230020 12230020 12230001
lsf 99999 99999 12230021 12230021 12230023
lsf 99999 99999 12230022 12230022 12230023
wave 99999 99999 12230065 12230065,12230066 12230064
wave 99999 99999 12240004 12240004,12240005 12240003
wave 99999 99999 12240092 12240092,12240093 12240091
wave 99999 99999 12250004 12250004,12250005 12250003
lsf 99999 99999 12250030 12250030 12250019
lsf 99999 99999 12250031 12250031 12250019
lsf 99999 99999 12250032 12250032 12250034
lsf 99999 99999 12250033 12250033 12250034
wave 99999 99999 12250094 12250094,12250095 12250093
wave 99999 99999 12260004 12260004,12260005 12260003
lsf 99999 99999 12260041 12260041 12260030
lsf 99999 99999 12260042 12260042 12260030
lsf 99999 99999 12260043 12260043 12260045
lsf 99999 99999 12260044 12260044 12260045
wave 99999 99999 12260085 12260085,12260086 12260084
wave 99999 99999 12270004 12270004,12270005 12270003
wave 99999 99999 12270015 12270015,12270016 12270014
wave 99999 99999 12280004 12280004,12280005 12280003
wave 99999 99999 12280039 12280039,12280040 12280038
wave 99999 99999 12290004 12290004,12290005 12290003
wave 99999 99999 12290070 12290070,12290071 12290069
wave 99999 99999 12300004 12300004,12300005 12300003
wave 99999 99999 12300052 12300052,12300053 12300051
wave 99999 99999 12310004 12310004,12310005 12310003
wave 99999 99999 12310090 12310090,12310091 12310089
wave 99999 99999 12320004 12320004,12320005 12320003
wave 99999 99999 12320088 12320088,12320089 12320087
wave 99999 99999 12330004 12330004,12330005 12330003
wave 99999 99999 12330066 12330066,12330067 12330065
wave 99999 99999 12340004 12340004,12340005 12340003
wave 99999 99999 12340055 12340055,12340056 12340054
wave 99999 99999 12350004 12350004,12350005 12350003
wave 99999 99999 12350043 12350043,12350044 12350042
wave 99999 99999 12360004 12360004,12360005 12360003
wave 99999 99999 12360015 12360015,12360016 12360014
wave 99999 99999 12370004 12370004,12370005 12370003
wave 99999 99999 12370046 12370046,12370047 12370045
wave 99999 99999 12380004 12380004,12380005 12380003
wave 99999 99999 12380024 12380024,12380025 12380023
wave 99999 99999 12390004 12390004,12390005 12390003
wave 99999 99999 12390015 12390015,12390016 12390014
wave 99999 99999 12400008 12400008,12400009 12400007
wave 99999 99999 12400056 12400056,12400057 12400055
wave 99999 99999 12410004 12410004,12410005 12410003
wave 99999 99999 12410032 12410032,12410033 12410031
wave 99999 99999 12420004 12420004,12420005 12420003
wave 99999 99999 12420037 12420037,12420038 12420036
wave 99999 99999 12430004 12430004,12430005 12430003
wave 99999 99999 12430057 12430057,12430058 12430056
wave 99999 99999 12440004 12440004,12440005 12440003
wave 99999 99999 12440050 12440050,12440051 12440049
wave 99999 99999 12450004 12450004,12450005 12450003
wave 99999 99999 12450015 12450015,12450016 12450014
wave 99999 99999 12460003 12460003,12460004 12460002
lsf 99999 99999 12460020 12460020 12460001
lsf 99999 99999 12460021 12460021 12460001
lsf 99999 99999 12460022 12460022 12460024
lsf 99999 99999 12460023 12460023 12460024
wave 99999 99999 12460049 12460049,12460050 12460048
wave 99999 99999 12470004 12470004,12470005 12470003
wave 99999 99999 12470055 12470055,12470056 12470054
wave 99999 99999 12480004 12480004,12480005 12480003
wave 99999 99999 12480057 12480057,12480058 12480056
wave 99999 99999 12490004 12490004,12490005 12490003
wave 99999 99999 12490059 12490059,12490060 12490058
wave 99999 99999 12500004 12500004,12500005 12500003
lsf 99999 99999 12500045 12500045 12500034
lsf 99999 99999 12500046 12500046 12500034
lsf 99999 99999 12500047 12500047 12500049
lsf 99999 99999 12500048 12500048 12500049
wave 99999 99999 12500069 12500069,12500070 12500068
wave 99999 99999 12510011 12510011,12510012 12510010
lsf 99999 99999 12510028 12510028 12510001
lsf 99999 99999 12510029 12510029 12510001
lsf 99999 99999 12510030 12510030 12510032
lsf 99999 99999 12510031 12510031 12510032
wave 99999 99999 12510054 12510054,12510055 12510053
wave 99999 99999 12520004 12520004,12520005 12520003
lsf 99999 99999 12520052 12520052 12520041
lsf 99999 99999 12520053 12520053 12520041
lsf 99999 99999 12520054 12520054 12520056
lsf 99999 99999 12520055 12520055 12520056
wave 99999 99999 12520089 12520089,12520090 12520088
wave 99999 99999 12530004 12530004,12530005 12530003
lsf 99999 99999 12530019 12530019 12530001
lsf 99999 99999 12530020 12530020 12530001
lsf 99999 99999 12530021 12530021 12530023
lsf 99999 99999 12530022 12530022 12530023
wave 99999 99999 12530083 12530083,12530084 12530082
wave 99999 99999 12540004 12540004,12540005 12540003
lsf 99999 99999 12540019 12540019 12540001
lsf 99999 99999 12540020 12540020 12540001
lsf 99999 99999 12540021 12540021 12540023
lsf 99999 99999 12540022 12540022 12540023
wave 99999 99999 12540061 12540061,12540062 12540060
wave 99999 99999 12550004 12550004,12550005 12550003
lsf 99999 99999 12550019 12550019 12550001
lsf 99999 99999 12550020 12550020 12550001
lsf 99999 99999 12550021 12550021 12550023
lsf 99999 99999 12550022 12550022 12550023
wave 99999 99999 12550087 12550087,12550088 12550086
wave 99999 99999 12560004 12560004,12560005 12560003
lsf 99999 99999 12560019 12560019 12560001
lsf 99999 99999 12560020 12560020 12560001
lsf 99999 99999 12560021 12560021 12560023
lsf 99999 99999 12560022 12560022 12560023
wave 99999 99999 12560087 12560087,12560088 12560086
wave 99999 99999 12570004 12570004,12570005 12570003
wave 99999 99999 12570083 12570083,12570084 12570082
wave 99999 99999 12580004 12580004,12580005 12580003
wave 99999 99999 12580062 12580062,12580063 12580061
wave 99999 99999 12590006 12590006,12590007 12590005
lsf 99999 99999 12590021 12590021 12590001
lsf 99999 99999 12590022 12590022 12590001
lsf 99999 99999 12590023 12590023 12590025
lsf 99999 99999 12590024 12590024 12590025
wave 99999 99999 12590063 12590063,12590064 12590062
wave 99999 99999 12600004 12600004,12600005 12600003
wave 99999 99999 12600031 12600031,12600032 12600030
wave 99999 99999 12610004 12610004,12610005 12610003
wave 99999 99999 12610089 12610089,12610090 12610088
wave 99999 99999 12620004 12620004,12620005 12620003
wave 99999 99999 12620085 12620085,12620086 12620084
wave 99999 99999 12630004 12630004,12630005 12630003
wave 99999 99999 12630061 12630061,12630062 12630060
wave 99999 99999 12640004 12640004,12640005 12640003
wave 99999 99999 12640015 12640015,12640016 12640014
wave 99999 99999 12650004 12650004,12650005 12650003
wave 99999 99999 12650015 12650015,12650016 12650014
wave 99999 99999 12660004 12660004,12660005 12660003
lsf 99999 99999 12660030 12660030 12660019
lsf 99999 99999 12660031 12660031 12660019
lsf 99999 99999 12660032 12660032 12660034
lsf 99999 99999 12660033 12660033 12660034
wave 99999 99999 12660087 12660087,12660088 12660086
wave 99999 99999 12670004 12670004,12670005 12670003
wave 99999 99999 12670050 12670050,12670051 12670049
wave 99999 99999 12680004 12680004,12680005 12680003
lsf 99999 99999 12680019 12680019 12680001
lsf 99999 99999 12680020 12680020 12680001
lsf 99999 99999 12680021 12680021 12680023
lsf 99999 99999 12680022 12680022 12680023
wave 99999 99999 12680087 12680087,12680088 12680086
wave 99999 99999 12690004 12690004,12690005 12690003
wave 99999 99999 12690052 12690052,12690053 12690051
wave 99999 99999 12700008 12700008,12700009 12700007
wave 99999 99999 12700019 12700019,12700020 12700018
wave 99999 99999 12710010 12710010,12710011 12710009
wave 99999 99999 12710063 12710063,12710064 12710062
wave 99999 99999 12720016 12720016,12720017 12720015
lsf 99999 99999 12720042 12720042 12720031
lsf 99999 99999 12720043 12720043 12720031
lsf 99999 99999 12720044 12720044 12720046
lsf 99999 99999 12720045 12720045 12720046
wave 99999 99999 12720099 12720099,12720100 12720098
wave 99999 99999 12730004 12730004,12730005 12730003
wave 99999 99999 12730085 12730085,12730086 12730084
wave 99999 99999 12740014 12740014,12740015 12740013
lsf 99999 99999 12740051 12740051 12740040
lsf 99999 99999 12740052 12740052 12740040
lsf 99999 99999 12740053 12740053 12740055
lsf 99999 99999 12740054 12740054 12740055
wave 99999 99999 12740099 12740099,12740100 12740098
wave 99999 99999 12750003 12750003,12750004 12750002
lsf 99999 99999 12750018 12750018 12750001
lsf 99999 99999 12750019 12750019 12750001
lsf 99999 99999 12750020 12750020 12750022
lsf 99999 99999 12750021 12750021 12750022
wave 99999 99999 12750064 12750064,12750065 12750063
wave 99999 99999 12760010 12760010,12760011 12760009
lsf 99999 99999 12760025 12760025 12760001
lsf 99999 99999 12760026 12760026 12760001
lsf 99999 99999 12760027 12760027 12760029
lsf 99999 99999 12760028 12760028 12760029
wave 99999 99999 12760060 12760060,12760061 12760059
wave 99999 99999 12770010 12770010,12770011 12770009
wave 99999 99999 12770043 12770043,12770044 12770042
wave 99999 99999 12780010 12780010,12780011 12780009
wave 99999 99999 12780021 12780021,12780022 12780020
wave 99999 99999 12790003 12790003,12790004 12790002
wave 99999 99999 12790014 12790014,12790015 12790013
wave 99999 99999 12810031 12810031,12810032 12810030
wave 99999 99999 12820031 12820031,12820032 12820030
wave 99999 99999 12830014 12830014,12830015 12830013
lsf 99999 99999 12840008 12840008 12840001
lsf 99999 99999 12840009 12840009 12840001
lsf 99999 99999 12840010 12840010 12840012
lsf 99999 99999 12840011 12840011 12840012
lsf 99999 99999 12840034 12840034 12840030
lsf 99999 99999 12840035 12840035 12840030
lsf 99999 99999 12840037 12840037 12840030
lsf 99999 99999 12840039 12840039 12840030
lsf 99999 99999 12840040 12840040 12840030
lsf 99999 99999 12840041 12840041 12840030
lsf 99999 99999 12840042 12840042 12840030
lsf 99999 99999 12840043 12840043 12840030
wave 99999 99999 12840054 12840054,12840055 12840053
wave 99999 99999 12850025 12850025,12850026 12850024
wave 99999 99999 12860051 12860051,12860052 12860050
wave 99999 99999 12870043 12870043,12870044 12870042
wave 99999 99999 12880066 12880066,12880067 12880065
wave 99999 99999 12920043 12920043,12920044 12920042
multiwave 99999 99999 09670000 09670004,09670005,09690003,09690004,09690014,09690015,09700004,09700005,09700015,09700016,09710005,09710006,09710016,09710017,09720008,09720009,09720053,09720054,09730004,09730005
multiwave 99999 99999 09730000 09730035,09730036,09740003,09740004,09740041,09740042,09750004,09750005,09750024,09750025,09760004,09760005,09760015,09760016,09770007,09770008,09770052,09770053,09780007,09780008
multiwave 99999 99999 09780000 09780055,09780056,09790019,09790020,09790180,09790181,09800003,09800004,09800023,09800024,09810004,09810005,09810048,09810049,09820004,09820005,09820042,09820043,09830003,09830004
multiwave 99999 99999 09830000 09830014,09830015,09840003,09840004,09840014,09840015,09850003,09850004,09860004,09860005,09860015,09860016,09870004,09870005,09870015,09870016,09880004,09880005,09880022,09880023
multiwave 99999 99999 09890000 09890004,09890005,09890015,09890016,09900004,09900005,09900015,09900016,09910003,09910004,09910014,09910015,09920004,09920005,09920015,09920016,09930003,09930004,09930014,09930015
multiwave 99999 99999 09940000 09940004,09940005,09940015,09940016,09950063,09950064,09960003,09960004,09960011,09960012,09960040,09960041,09970004,09970005,09970105,09970106,09980004,09980005,09980103,09980104
multiwave 99999 99999 09990000 09990004,09990005,09990090,09990091,10000003,10000004,10000052,10000053,10010004,10010005,10010194,10010195,10020004,10020005,10020220,10020221,10030004,10030005,10030225,10030226
multiwave 99999 99999 10040000 10040004,10040005,10040210,10040211,10050004,10050005,10050208,10050209,10060003,10060004,10060215,10060216,10070006,10070007,10070122,10070123,10080003,10080004,10080027,10080028
multiwave 99999 99999 10090000 10090004,10090005,10090192,10090193,10100004,10100005,10100106,10100107,10110003,10110004,10110102,10110103,10120003,10120004,10120051,10120052,10130004,10130005,10130043,10130044
multiwave 99999 99999 10140000 10140004,10140005,10140024,10140025,10150004,10150005,10150065,10150066,10160006,10160007,10160070,10160071,10170004,10170005,10170015,10170016,10180004,10180005,10180015,10180016
multiwave 99999 99999 10190000 10190004,10190005,10190015,10190016,10200004,10200005,10200111,10200112,10210004,10210005,10210113,10210114,10220005,10220006,10220113,10220114,10230005,10230006,10230114,10230115
multiwave 99999 99999 10240000 10240004,10240005,10240109,10240110,10250004,10250005,10250113,10250114,10260003,10260004,10260114,10260115,10270004,10270005,10270096,10270097,10280004,10280005,10280046,10280047
multiwave 99999 99999 10290000 10290004,10290005,10290047,10290048,10300004,10300005,10300057,10300058,10310004,10310005,10310061,10310062,10320004,10320005,10320015,10320016,10330003,10330004,10330023,10330024
multiwave 99999 99999 10340000 10340004,10340005,10340024,10340025,10350003,10350004,10350096,10350097,10360004,10360005,10360082,10360083,10370004,10370005,10370096,10370097,10380004,10380005,10380015,10380016
multiwave 99999 99999 10390000 10390004,10390005,10390015,10390016,10400004,10400005,10400015,10400016,10410004,10410005,10410144,10410145,10420004,10420005,10420085,10420086,10430004,10430005,10430167,10430168
multiwave 99999 99999 10440000 10440003,10440004,10440066,10440067,10450004,10450005,10450093,10450094,10460004,10460005,10460087,10460088,10470004,10470005,10470015,10470016,10480007,10480008,10480018,10480019
multiwave 99999 99999 10490000 10490004,10490005,10490106,10490107,10500004,10500005,10500015,10500016,10510003,10510004,10510025,10510026,10520003,10520004,10520041,10520042,10530004,10530005,10530070,10530071
multiwave 99999 99999 10540000 10540004,10540005,10540117,10540118,10550004,10550005,10550028,10550029,10560004,10560005,10560015,10560016,10570004,10570005,10570015,10570016,10580004,10580005,10580015,10580016
multiwave 99999 99999 10590000 10590004,10590005,10590015,10590016,10600004,10600005,10600015,10600016,10610004,10610005,10610071,10610072,10620004,10620005,10620015,10620016,10630004,10630005,10630032,10630033
multiwave 99999 99999 10640000 10640004,10640005,10640043,10640044,10650004,10650005,10650015,10650016,10660004,10660005,10660041,10660042,10670003,10670004,10670038,10670039,10680004,10680005,10680045,10680046
multiwave 99999 99999 10690000 10690004,10690005,10690015,10690016,10700004,10700005,10700015,10700016,10710004,10710005,10710015,10710016,10720004,10720005,10720015,10720016,10730004,10730005,10730052,10730053
multiwave 99999 99999 10740000 10740015,10740016,10740059,10740060,10750004,10750005,10750089,10750090,10760006,10760007,10760030,10760031,10770004,10770005,10770015,10770016,10780004,10780005,10780051,10780052
multiwave 99999 99999 10790000 10790003,10790004,10790118,10790119,10800004,10800005,10800119,10800120,10810004,10810005,10810102,10810103,10820004,10820005,10820119,10820120,10830004,10830005,10830050,10830051
multiwave 99999 99999 10840000 10840004,10840005,10840074,10840075,10850003,10850004,10850014,10850015,10860003,10860004,10860014,10860015,10870005,10870006,10870016,10870017,10880003,10880004,10880116,10880117
multiwave 99999 99999 10890000 10890004,10890005,10890119,10890120,10900004,10900005,10900078,10900079,10910004,10910005,10910098,10910099,10920004,10920005,10920095,10920096,10930004,10930005,10930071,10930072
multiwave 99999 99999 10940000 10940004,10940005,10940093,10940094,10950004,10950005,10950034,10950035,10960025,10960026,10970007,10970008,10980013,10980014,10980024,10980025,10990007,10990008,11000007,11000008
multiwave 99999 99999 11020000 11020004,11020005,11020015,11020016,11030004,11030005,11030015,11030016,11040005,11040006,11040081,11040082,11050006,11050007,11050032,11050033,11060004,11060005,11060091,11060092
multiwave 99999 99999 11070000 11070004,11070005,11070093,11070094,11080004,11080005,11080076,11080077,11090005,11090006,11090112,11090113,11100004,11100005,11100117,11100118,11110004,11110005,11110119,11110120
multiwave 99999 99999 11120000 11120004,11120005,11120121,11120122,11130004,11130005,11130121,11130122,11140004,11140005,11140119,11140120,11150004,11150005,11150095,11150096,11160004,11160005,11160078,11160079
multiwave 99999 99999 11170000 11170004,11170005,11170095,11170096,11180004,11180005,11180050,11180051,11190004,11190005,11190026,11190027,11200005,11200006,11200016,11200017,11210004,11210005,11210015,11210016
multiwave 99999 99999 11220000 11220004,11220005,11220091,11220092,11230004,11230005,11230137,11230138,11240003,11240004,11240195,11240196,11250004,11250005,11250081,11250082,11260016,11260017,11260057,11260058
multiwave 99999 99999 11270000 11270004,11270005,11270015,11270016,11280008,11280009,11290008,11290009,11300008,11300009,11310073,11310074,11320024,11320025,11330012,11330013,11330023,11330024,11340004,11340005
multiwave 99999 99999 11340000 11340078,11340079,11350003,11350004,11350088,11350089,11360004,11360005,11360118,11360119,11370004,11370005,11370050,11370051,11380004,11380005,11380116,11380117,11390004,11390005
multiwave 99999 99999 11390000 11390107,11390108,11400004,11400005,11400102,11400103,11410004,11410005,11410112,11410113,11420004,11420005,11420096,11420097,11430004,11430005,11430080,11430081,11440004,11440005
multiwave 99999 99999 11440000 11440096,11440097,11450004,11450005,11450072,11450073,11460004,11460005,11460041,11460042,11470004,11470005,11470072,11470073,11480004,11480005,11480026,11480027,11490004,11490005
multiwave 99999 99999 11490000 11490028,11490029,11500004,11500005,11500015,11500016,11510008,11510009,11510026,11510027,11520004,11520005,11520015,11520016,11530004,11530005,11530022,11530023,11540004,11540005
multiwave 99999 99999 11540000 11540028,11540029,11550004,11550005,11550030,11550031,11560003,11560004,11560014,11560015,11570004,11570005,11570015,11570016,11580004,11580005,11580076,11580077,11590004,11590005
multiwave 99999 99999 11590000 11590033,11590034,11600004,11600005,11600037,11600038,11610004,11610005,11610033,11610034,11620004,11620005,11620024,11620025,11630004,11630005,11630015,11630016,11640004,11640005
multiwave 99999 99999 11640000 11640078,11640079,11650004,11650005,11650089,11650090,11660004,11660005,11660058,11660059,11670003,11670004,11670108,11670109,11680003,11680004,11680043,11680044,11690047,11690048
multiwave 99999 99999 11690000 11690058,11690059,11700003,11700004,11700014,11700015,11710004,11710005,11710109,11710110,11720004,11720005,11720102,11720103,11730004,11730005,11730105,11730106,11740004,11740005
multiwave 99999 99999 11740000 11740015,11740016,11750004,11750005,11750015,11750016,11760003,11760004,11760062,11760063,11770004,11770005,11770024,11770025,11780004,11780005,11780043,11780044,11790004,11790005
multiwave 99999 99999 11790000 11790054,11790055,11800003,11800004,11800014,11800015,11810003,11810004,11810014,11810015,11820003,11820004,11820014,11820015,11830003,11830004,11830032,11830033,11840003,11840004
multiwave 99999 99999 11840000 11840025,11840026,11850004,11850005,11850024,11850025,11860004,11860005,11860095,11860096,11870025,11870026,11870109,11870110,11880004,11880005,11880035,11880036,11890003,11890004
multiwave 99999 99999 11890000 11890110,11890111,11900003,11900004,11900014,11900015,11910003,11910004,11910033,11910034,11920003,11920004,11920040,11920041,11930035,11930036,11940004,11940005,11940100,11940101
multiwave 99999 99999 11950000 11950003,11950004,11950104,11950105,11960021,11960022,11960071,11960072,11970004,11970005,11970072,11970073,11980004,11980005,11980050,11980051,11990004,11990005,11990063,11990064
multiwave 99999 99999 12000000 12000004,12000005,12000090,12000091,12010004,12010005,12010062,12010063,12020004,12020005,12020058,12020059,12030004,12030005,12030098,12030099,12040004,12040005,12040015,12040016
multiwave 99999 99999 12050000 12050004,12050005,12050015,12050016,12060004,12060005,12060120,12060121,12070004,12070005,12070105,12070106,12080004,12080005,12080039,12080040,12090004,12090005,12090086,12090087
multiwave 99999 99999 12100000 12100004,12100005,12100126,12100127,12110004,12110005,12110050,12110051,12120004,12120005,12120028,12120029,12130004,12130005,12130054,12130055,12140004,12140005,12140082,12140083
multiwave 99999 99999 12150000 12150004,12150005,12150075,12150076,12160004,12160005,12160037,12160038,12170004,12170005,12170046,12170047,12180004,12180005,12180050,12180051,12190003,12190004,12190088,12190089
multiwave 99999 99999 12200000 12200004,12200005,12200050,12200051,12210006,12210007,12210054,12210055,12220004,12220005,12220050,12220051,12230004,12230005,12230065,12230066,12240004,12240005,12240092,12240093
multiwave 99999 99999 12250000 12250004,12250005,12250094,12250095,12260004,12260005,12260085,12260086,12270004,12270005,12270015,12270016,12280004,12280005,12280039,12280040,12290004,12290005,12290070,12290071
multiwave 99999 99999 12300000 12300004,12300005,12300052,12300053,12310004,12310005,12310090,12310091,12320004,12320005,12320088,12320089,12330004,12330005,12330066,12330067,12340004,12340005,12340055,12340056
multiwave 99999 99999 12350000 12350004,12350005,12350043,12350044,12360004,12360005,12360015,12360016,12370004,12370005,12370046,12370047,12380004,12380005,12380024,12380025,12390004,12390005,12390015,12390016
multiwave 99999 99999 12400000 12400008,12400009,12400056,12400057,12410004,12410005,12410032,12410033,12420004,12420005,12420037,12420038,12430004,12430005,12430057,12430058,12440004,12440005,12440050,12440051
multiwave 99999 99999 12450000 12450004,12450005,12450015,12450016,12460003,12460004,12460049,12460050,12470004,12470005,12470055,12470056,12480004,12480005,12480057,12480058,12490004,12490005,12490059,12490060
multiwave 99999 99999 12500000 12500004,12500005,12500069,12500070,12510011,12510012,12510054,12510055,12520004,12520005,12520089,12520090,12530004,12530005,12530083,12530084,12540004,12540005,12540061,12540062
multiwave 99999 99999 12550000 12550004,12550005,12550087,12550088,12560004,12560005,12560087,12560088,12570004,12570005,12570083,12570084,12580004,12580005,12580062,12580063,12590006,12590007,12590063,12590064
multiwave 99999 99999 12600000 12600004,12600005,12600031,12600032,12610004,12610005,12610089,12610090,12620004,12620005,12620085,12620086,12630004,12630005,12630061,12630062,12640004,12640005,12640015,12640016
multiwave 99999 99999 12650000 12650004,12650005,12650015,12650016,12660004,12660005,12660087,12660088,12670004,12670005,12670050,12670051,12680004,12680005,12680087,12680088,12690004,12690005,12690052,12690053
multiwave 99999 99999 12700000 12700008,12700009,12700019,12700020,12710010,12710011,12710063,12710064,12720016,12720017,12720099,12720100,12730004,12730005,12730085,12730086,12740014,12740015,12740099,12740100
multiwave 99999 99999 12750000 12750003,12750004,12750064,12750065,12760010,12760011,12760060,12760061,12770010,12770011,12770043,12770044,12780010,12780011,12780021,12780022,12790003,12790004,12790014,12790015
multiwave 99999 99999 12810000 12810031,12810032,12820031,12820032,12830014,12830015,12840054,12840055,12850025,12850026,12860051,12860052,12870043,12870044,12880066,12880067,12920043,12920044
