wave 99999 99999 13370023 13370023,13370024 13370022
wave 99999 99999 13400006 13400006,13400007 13400005
lsf 99999 99999 13400033 13400033 13400022
lsf 99999 99999 13400034 13400034 13400022
lsf 99999 99999 13400035 13400035 13400037
lsf 99999 99999 13400036 13400036 13400037
wave 99999 99999 13400053 13400053,13400054 13400052
wave 99999 99999 13410004 13410004,13410005 13410003
lsf 99999 99999 13410019 13410019 13410001
lsf 99999 99999 13410020 13410020 13410001
lsf 99999 99999 13410021 13410021 13410023
lsf 99999 99999 13410022 13410022 13410023
wave 99999 99999 13410061 13410061,13410062 13410060
wave 99999 99999 13420004 13420004,13420005 13420003
lsf 99999 99999 13420030 13420030 13420019
lsf 99999 99999 13420031 13420031 13420019
lsf 99999 99999 13420032 13420032 13420019
lsf 99999 99999 13420033 13420033 13420019
wave 99999 99999 13420064 13420064,13420065 13420063
wave 99999 99999 13430005 13430005,13430006 13430004
wave 99999 99999 13430016 13430016,13430017 13430015
wave 99999 99999 13440005 13440005,13440006 13440004
wave 99999 99999 13440016 13440016,13440017 13440015
wave 99999 99999 13450004 13450004,13450005 13450003
wave 99999 99999 13450015 13450015,13450016 13450014
wave 99999 99999 13460005 13460005,13460006 13460004
wave 99999 99999 13460016 13460016,13460017 13460015
wave 99999 99999 13470012 13470012,13470013 13470011
wave 99999 99999 13470024 13470024,13470025 13470023
wave 99999 99999 13480009 13480009,13480010 13480008
lsf 99999 99999 13480047 13480047 13480036
lsf 99999 99999 13480048 13480048 13480036
lsf 99999 99999 13480049 13480049 13480051
lsf 99999 99999 13480050 13480050 13480051
wave 99999 99999 13480071 13480071,13480072 13480070
wave 99999 99999 13490004 13490004,13490005 13490003
wave 99999 99999 13490044 13490044,13490045 13490043
wave 99999 99999 13500009 13500009,13500010 13500008
wave 99999 99999 13500035 13500035,13500036 13500034
wave 99999 99999 13500046 13500046,13500047 13500045
wave 99999 99999 13510003 13510003,13510004 13510002
wave 99999 99999 13510014 13510014,13510015 13510013
wave 99999 99999 13520004 13520004,13520005 13520003
wave 99999 99999 13520015 13520015,13520016 13520014
wave 99999 99999 13530003 13530003,13530004 13530002
wave 99999 99999 13530017 13530017,13530018 13530016
wave 99999 99999 13540003 13540003,13540004 13540002
wave 99999 99999 13540011 13540011,13540012 13540010
wave 99999 99999 13540022 13540022,13540023 13540021
wave 99999 99999 13550004 13550004,13550005 13550003
wave 99999 99999 13550015 13550015,13550016 13550014
wave 99999 99999 13560004 13560004,13560005 13560003
wave 99999 99999 13560015 13560015,13560016 13560014
wave 99999 99999 13570008 13570008,13570009 13570007
wave 99999 99999 13580003 13580003,13580004 13580002
wave 99999 99999 13580014 13580014,13580015 13580013
wave 99999 99999 13590007 13590007,13590008 13590006
wave 99999 99999 13600003 13600003,13600004 13600002
wave 99999 99999 13600014 13600014,13600015 13600013
wave 99999 99999 13610004 13610004,13610005 13610003
wave 99999 99999 13610011 13610011,13610012 13610010
wave 99999 99999 13610012 13610012,13610013 13610011
wave 99999 99999 13610013 13610013,13610014 13610012
wave 99999 99999 13610014 13610014,13610015 13610013
wave 99999 99999 13610015 13610015,13610016 13610014
wave 99999 99999 13610016 13610016,13610017 13610015
wave 99999 99999 13610016 13610016,13610017 13610018
wave 99999 99999 13610018 13610018,13610019 13610017
wave 99999 99999 13610018 13610018,13610019 13610020
wave 99999 99999 13610020 13610020,13610021 13610019
wave 99999 99999 13610022 13610022,13610023 13610021
wave 99999 99999 13620002 13620002,13620003 13620001
wave 99999 99999 13620003 13620003,13620004 13620002
wave 99999 99999 13620004 13620004,13620005 13620003
wave 99999 99999 13620004 13620004,13620005 13620006
wave 99999 99999 13620006 13620006,13620007 13620005
wave 99999 99999 13620006 13620006,13620007 13620008
wave 99999 99999 13620008 13620008,13620009 13620007
wave 99999 99999 13630002 13630002,13630003 13630001
wave 99999 99999 13630003 13630003,13630004 13630002
wave 99999 99999 13630004 13630004,13630005 13630003
wave 99999 99999 13630005 13630005,13630006 13630004
wave 99999 99999 13630006 13630006,13630007 13630005
wave 99999 99999 13630007 13630007,13630008 13630006
wave 99999 99999 13630008 13630008,13630009 13630007
wave 99999 99999 13630008 13630008,13630009 13630010
wave 99999 99999 13630010 13630010,13630011 13630009
wave 99999 99999 13630010 13630010,13630011 13630012
wave 99999 99999 13630012 13630012,13630013 13630011
wave 99999 99999 13630014 13630014,13630015 13630013
wave 99999 99999 13640010 13640010,13640011 13640009
wave 99999 99999 13650008 13650008,13650009 13650007
wave 99999 99999 13660008 13660008,13660009 13660007
wave 99999 99999 13670003 13670003,13670004 13670002
wave 99999 99999 13670014 13670014,13670015 13670013
wave 99999 99999 13680004 13680004,13680005 13680003
wave 99999 99999 13680015 13680015,13680016 13680014
wave 99999 99999 13690004 13690004,13690005 13690003
lsf 99999 99999 13690019 13690019 13690001
lsf 99999 99999 13690020 13690020 13690001
lsf 99999 99999 13690021 13690021 13690023
lsf 99999 99999 13690022 13690022 13690023
wave 99999 99999 13690054 13690054,13690055 13690053
wave 99999 99999 13700004 13700004,13700005 13700003
lsf 99999 99999 13700019 13700019 13700001
lsf 99999 99999 13700020 13700020 13700001
lsf 99999 99999 13700021 13700021 13700023
lsf 99999 99999 13700022 13700022 13700023
wave 99999 99999 13710003 13710003,13710004 13710002
lsf 99999 99999 13710033 13710033 13710021
lsf 99999 99999 13710034 13710034 13710021
lsf 99999 99999 13710035 13710035 13710037
lsf 99999 99999 13710036 13710036 13710037
wave 99999 99999 13710064 13710064,13710065 13710063
wave 99999 99999 13720004 13720004,13720005 13720003
lsf 99999 99999 13720019 13720019 13720001
lsf 99999 99999 13720020 13720020 13720001
lsf 99999 99999 13720021 13720021 13720023
lsf 99999 99999 13720022 13720022 13720023
wave 99999 99999 13720082 13720082,13720083 13720081
wave 99999 99999 13730003 13730003,13730004 13730002
lsf 99999 99999 13730018 13730018 13730001
lsf 99999 99999 13730019 13730019 13730001
lsf 99999 99999 13730020 13730020 13730022
lsf 99999 99999 13730021 13730021 13730022
wave 99999 99999 13730093 13730093,13730094 13730092
wave 99999 99999 13740004 13740004,13740005 13740003
lsf 99999 99999 13740019 13740019 13740001
lsf 99999 99999 13740020 13740020 13740001
lsf 99999 99999 13740021 13740021 13740023
lsf 99999 99999 13740022 13740022 13740023
wave 99999 99999 13740111 13740111,13740112 13740110
wave 99999 99999 13750003 13750003,13750004 13750002
lsf 99999 99999 13750018 13750018 13750001
lsf 99999 99999 13750019 13750019 13750021
lsf 99999 99999 13750020 13750020 13750021
wave 99999 99999 13750109 13750109,13750110 13750108
wave 99999 99999 13760004 13760004,13760005 13760003
wave 99999 99999 13760107 13760107,13760108 13760106
wave 99999 99999 13770003 13770003,13770004 13770002
wave 99999 99999 13770048 13770048,13770049 13770047
wave 99999 99999 13780004 13780004,13780005 13780003
wave 99999 99999 13780015 13780015,13780016 13780014
wave 99999 99999 13790004 13790004,13790005 13790003
wave 99999 99999 13790015 13790015,13790016 13790014
wave 99999 99999 13800004 13800004,13800005 13800003
lsf 99999 99999 13800022 13800022 13800013
lsf 99999 99999 13800023 13800023 13800013
lsf 99999 99999 13800024 13800024 13800026
lsf 99999 99999 13800025 13800025 13800026
wave 99999 99999 13810022 13810022,13810023 13810021
lsf 99999 99999 13810033 13810033 13810001
lsf 99999 99999 13810034 13810034 13810001
lsf 99999 99999 13810035 13810035 13810037
lsf 99999 99999 13810036 13810036 13810037
wave 99999 99999 13810090 13810090,13810091 13810089
wave 99999 99999 13820004 13820004,13820005 13820003
lsf 99999 99999 13820030 13820030 13820019
lsf 99999 99999 13820031 13820031 13820019
lsf 99999 99999 13820032 13820032 13820034
lsf 99999 99999 13820033 13820033 13820034
wave 99999 99999 13820080 13820080,13820081 13820079
wave 99999 99999 13830003 13830003,13830004 13830002
lsf 99999 99999 13830029 13830029 13830018
lsf 99999 99999 13830030 13830030 13830018
lsf 99999 99999 13830031 13830031 13830033
lsf 99999 99999 13830032 13830032 13830033
wave 99999 99999 13830073 13830073,13830074 13830072
wave 99999 99999 13840004 13840004,13840005 13840003
lsf 99999 99999 13840019 13840019 13840001
lsf 99999 99999 13840020 13840020 13840001
lsf 99999 99999 13840021 13840021 13840023
lsf 99999 99999 13840022 13840022 13840023
wave 99999 99999 13840065 13840065,13840066 13840064
wave 99999 99999 13850004 13850004,13850005 13850003
lsf 99999 99999 13850030 13850030 13850019
lsf 99999 99999 13850031 13850031 13850019
lsf 99999 99999 13850032 13850032 13850034
lsf 99999 99999 13850033 13850033 13850034
wave 99999 99999 13850059 13850059,13850060 13850058
wave 99999 99999 13860004 13860004,13860005 13860003
wave 99999 99999 13860015 13860015,13860016 13860014
wave 99999 99999 13870003 13870003,13870004 13870002
wave 99999 99999 13870014 13870014,13870015 13870013
wave 99999 99999 13880008 13880008,13880009 13880007
wave 99999 99999 13890003 13890003,13890004 13890002
wave 99999 99999 13890018 13890018,13890019 13890017
wave 99999 99999 13900004 13900004,13900005 13900003
wave 99999 99999 13900015 13900015,13900016 13900014
wave 99999 99999 13910014 13910014,13910015 13910013
wave 99999 99999 13920004 13920004,13920005 13920003
wave 99999 99999 13920043 13920043,13920044 13920042
wave 99999 99999 13930004 13930004,13930005 13930003
wave 99999 99999 13930050 13930050,13930051 13930049
wave 99999 99999 13940004 13940004,13940005 13940003
wave 99999 99999 13940049 13940049,13940050 13940048
wave 99999 99999 13950004 13950004,13950005 13950003
wave 99999 99999 13950049 13950049,13950050 13950048
wave 99999 99999 13960003 13960003,13960004 13960002
wave 99999 99999 13960049 13960049,13960050 13960048
wave 99999 99999 13970004 13970004,13970005 13970003
wave 99999 99999 13970049 13970049,13970050 13970048
wave 99999 99999 13980004 13980004,13980005 13980003
wave 99999 99999 13980049 13980049,13980050 13980048
wave 99999 99999 13990004 13990004,13990005 13990003
lsf 99999 99999 13990030 13990030 13990019
lsf 99999 99999 13990031 13990031 13990019
lsf 99999 99999 13990032 13990032 13990034
lsf 99999 99999 13990033 13990033 13990034
wave 99999 99999 13990065 13990065,13990066 13990064
wave 99999 99999 14000004 14000004,14000005 14000003
wave 99999 99999 14000043 14000043,14000044 14000042
wave 99999 99999 14010004 14010004,14010005 14010003
wave 99999 99999 14010015 14010015,14010016 14010014
wave 99999 99999 14020005 14020005,14020006 14020004
wave 99999 99999 14020016 14020016,14020017 14020015
wave 99999 99999 14030003 14030003,14030004 14030002
wave 99999 99999 14040011 14040011,14040012 14040010
wave 99999 99999 14050003 14050003,14050004 14050002
wave 99999 99999 14050014 14050014,14050015 14050013
wave 99999 99999 14060004 14060004,14060005 14060003
lsf 99999 99999 14060019 14060019 14060001
lsf 99999 99999 14060020 14060020 14060001
lsf 99999 99999 14060021 14060021 14060023
lsf 99999 99999 14060022 14060022 14060023
wave 99999 99999 14060079 14060079,14060080 14060078
wave 99999 99999 14070004 14070004,14070005 14070003
wave 99999 99999 14070015 14070015,14070016 14070014
wave 99999 99999 14080004 14080004,14080005 14080003
wave 99999 99999 14080015 14080015,14080016 14080014
wave 99999 99999 14090004 14090004,14090005 14090003
lsf 99999 99999 14090019 14090019 14090001
lsf 99999 99999 14090020 14090020 14090001
lsf 99999 99999 14090021 14090021 14090023
lsf 99999 99999 14090022 14090022 14090023
wave 99999 99999 14090098 14090098,14090099 14090097
wave 99999 99999 14100004 14100004,14100005 14100003
lsf 99999 99999 14100019 14100019 14100001
lsf 99999 99999 14100020 14100020 14100001
lsf 99999 99999 14100021 14100021 14100023
lsf 99999 99999 14100022 14100022 14100023
wave 99999 99999 14100093 14100093,14100094 14100092
wave 99999 99999 14110004 14110004,14110005 14110003
wave 99999 99999 14110015 14110015,14110016 14110014
wave 99999 99999 14120011 14120011,14120012 14120010
wave 99999 99999 14120022 14120022,14120023 14120021
wave 99999 99999 14130004 14130004,14130005 14130003
wave 99999 99999 14130015 14130015,14130016 14130014
wave 99999 99999 14140003 14140003,14140004 14140002
wave 99999 99999 14140014 14140014,14140015 14140013
wave 99999 99999 14150010 14150010,14150011 14150009
wave 99999 99999 14150045 14150045,14150046 14150044
wave 99999 99999 14160017 14160017,14160018 14160016
wave 99999 99999 14160057 14160057,14160058 14160056
wave 99999 99999 14170004 14170004,14170005 14170003
wave 99999 99999 14170047 14170047,14170048 14170046
wave 99999 99999 14180003 14180003,14180004 14180002
wave 99999 99999 14180074 14180074,14180075 14180073
wave 99999 99999 14190009 14190009,14190010 14190008
wave 99999 99999 14190042 14190042,14190043 14190041
wave 99999 99999 14200004 14200004,14200005 14200003
wave 99999 99999 14200038 14200038,14200039 14200037
wave 99999 99999 14210004 14210004,14210005 14210003
wave 99999 99999 14210015 14210015,14210016 14210014
wave 99999 99999 14220004 14220004,14220005 14220003
wave 99999 99999 14220080 14220080,14220081 14220079
wave 99999 99999 14230004 14230004,14230005 14230003
wave 99999 99999 14230064 14230064,14230065 14230063
wave 99999 99999 14240004 14240004,14240005 14240003
wave 99999 99999 14240050 14240050,14240051 14240049
wave 99999 99999 14250011 14250011,14250012 14250010
wave 99999 99999 14250022 14250022,14250023 14250021
wave 99999 99999 14260004 14260004,14260005 14260003
wave 99999 99999 14260092 14260092,14260093 14260091
wave 99999 99999 14270004 14270004,14270005 14270003
wave 99999 99999 14270087 14270087,14270088 14270086
wave 99999 99999 14280004 14280004,14280005 14280003
lsf 99999 99999 14280026 14280026 14280015
lsf 99999 99999 14280027 14280027 14280015
lsf 99999 99999 14280028 14280028 14280030
lsf 99999 99999 14280029 14280029 14280030
wave 99999 99999 14280070 14280070,14280071 14280069
wave 99999 99999 14290004 14290004,14290005 14290003
lsf 99999 99999 14290019 14290019 14290001
lsf 99999 99999 14290020 14290020 14290001
lsf 99999 99999 14290021 14290021 14290023
lsf 99999 99999 14290022 14290022 14290023
wave 99999 99999 14290081 14290081,14290082 14290080
wave 99999 99999 14300004 14300004,14300005 14300003
lsf 99999 99999 14300063 14300063 14300052
lsf 99999 99999 14300064 14300064 14300052
lsf 99999 99999 14300065 14300065 14300067
lsf 99999 99999 14300066 14300066 14300067
wave 99999 99999 14300078 14300078,14300079 14300077
wave 99999 99999 14310004 14310004,14310005 14310003
wave 99999 99999 14310094 14310094,14310095 14310093
wave 99999 99999 14320004 14320004,14320005 14320003
wave 99999 99999 14320015 14320015,14320016 14320014
wave 99999 99999 14330004 14330004,14330005 14330003
wave 99999 99999 14330035 14330035,14330036 14330034
wave 99999 99999 14340004 14340004,14340005 14340003
wave 99999 99999 14340015 14340015,14340016 14340014
wave 99999 99999 14350004 14350004,14350005 14350003
wave 99999 99999 14350095 14350095,14350096 14350094
wave 99999 99999 14360004 14360004,14360005 14360003
wave 99999 99999 14360015 14360015,14360016 14360014
wave 99999 99999 14370004 14370004,14370005 14370003
lsf 99999 99999 14370019 14370019 14370001
lsf 99999 99999 14370020 14370020 14370001
lsf 99999 99999 14370021 14370021 14370023
lsf 99999 99999 14370022 14370022 14370023
wave 99999 99999 14370070 14370070,14370071 14370069
wave 99999 99999 14380004 14380004,14380005 14380003
wave 99999 99999 14380096 14380096,14380097 14380095
wave 99999 99999 14390004 14390004,14390005 14390003
wave 99999 99999 14390015 14390015,14390016 14390014
wave 99999 99999 14400004 14400004,14400005 14400003
lsf 99999 99999 14400019 14400019 14400001
lsf 99999 99999 14400020 14400020 14400001
lsf 99999 99999 14400021 14400021 14400023
lsf 99999 99999 14400022 14400022 14400023
wave 99999 99999 14400083 14400083,14400084 14400082
wave 99999 99999 14410004 14410004,14410005 14410003
lsf 99999 99999 14410019 14410019 14410001
lsf 99999 99999 14410020 14410020 14410001
lsf 99999 99999 14410021 14410021 14410023
lsf 99999 99999 14410022 14410022 14410023
wave 99999 99999 14410059 14410059,14410060 14410058
wave 99999 99999 14420004 14420004,14420005 14420003
wave 99999 99999 14420074 14420074,14420075 14420073
wave 99999 99999 14430004 14430004,14430005 14430003
wave 99999 99999 14430015 14430015,14430016 14430014
wave 99999 99999 14440004 14440004,14440005 14440003
wave 99999 99999 14440088 14440088,14440089 14440087
wave 99999 99999 14450004 14450004,14450005 14450003
lsf 99999 99999 14450046 14450046 14450031
lsf 99999 99999 14450047 14450047 14450031
lsf 99999 99999 14450048 14450048 14450050
lsf 99999 99999 14450049 14450049 14450050
wave 99999 99999 14450059 14450059,14450060 14450058
wave 99999 99999 14460016 14460016,14460017 14460015
wave 99999 99999 14470016 14470016,14470017 14470015
wave 99999 99999 14480004 14480004,14480005 14480003
wave 99999 99999 14480015 14480015,14480016 14480014
wave 99999 99999 14490004 14490004,14490005 14490003
wave 99999 99999 14490044 14490044,14490045 14490043
wave 99999 99999 14500004 14500004,14500005 14500003
wave 99999 99999 14500033 14500033,14500034 14500032
wave 99999 99999 14510004 14510004,14510005 14510003
wave 99999 99999 14510049 14510049,14510050 14510048
wave 99999 99999 14520004 14520004,14520005 14520003
wave 99999 99999 14520015 14520015,14520016 14520014
wave 99999 99999 14530003 14530003,14530004 14530002
wave 99999 99999 14530035 14530035,14530036 14530034
wave 99999 99999 14540004 14540004,14540005 14540003
wave 99999 99999 14540015 14540015,14540016 14540014
wave 99999 99999 14550004 14550004,14550005 14550003
wave 99999 99999 14550015 14550015,14550016 14550014
wave 99999 99999 14560004 14560004,14560005 14560003
wave 99999 99999 14560015 14560015,14560016 14560014
wave 99999 99999 14570004 14570004,14570005 14570003
wave 99999 99999 14570015 14570015,14570016 14570014
wave 99999 99999 14580004 14580004,14580005 14580003
wave 99999 99999 14580088 14580088,14580089 14580087
wave 99999 99999 14590004 14590004,14590005 14590003
lsf 99999 99999 14590019 14590019 14590001
lsf 99999 99999 14590020 14590020 14590001
lsf 99999 99999 14590021 14590021 14590023
lsf 99999 99999 14590022 14590022 14590023
wave 99999 99999 14590115 14590115,14590116 14590114
wave 99999 99999 14600003 14600003,14600004 14600002
lsf 99999 99999 14600018 14600018 14600001
lsf 99999 99999 14600019 14600019 14600001
lsf 99999 99999 14600020 14600020 14600022
lsf 99999 99999 14600021 14600021 14600022
wave 99999 99999 14600098 14600098,14600099 14600097
wave 99999 99999 14610004 14610004,14610005 14610003
wave 99999 99999 14610015 14610015,14610016 14610014
wave 99999 99999 14620004 14620004,14620005 14620003
wave 99999 99999 14620017 14620017,14620018 14620016
wave 99999 99999 14630004 14630004,14630005 14630003
wave 99999 99999 14630015 14630015,14630016 14630014
wave 99999 99999 14640004 14640004,14640005 14640003
wave 99999 99999 14640030 14640030,14640031 14640029
wave 99999 99999 14650004 14650004,14650005 14650003
lsf 99999 99999 14650030 14650030 14650019
lsf 99999 99999 14650031 14650031 14650019
lsf 99999 99999 14650032 14650032 14650034
lsf 99999 99999 14650033 14650033 14650034
wave 99999 99999 14650122 14650122,14650123 14650121
wave 99999 99999 14660004 14660004,14660005 14660003
wave 99999 99999 14660072 14660072,14660073 14660071
wave 99999 99999 14670004 14670004,14670005 14670003
wave 99999 99999 14670114 14670114,14670115 14670113
wave 99999 99999 14680004 14680004,14680005 14680003
wave 99999 99999 14680040 14680040,14680041 14680039
wave 99999 99999 14690004 14690004,14690005 14690003
wave 99999 99999 14690015 14690015,14690016 14690014
wave 99999 99999 14700006 14700006,14700007 14700005
wave 99999 99999 14700017 14700017,14700018 14700016
wave 99999 99999 14710004 14710004,14710005 14710003
wave 99999 99999 14710015 14710015,14710016 14710014
wave 99999 99999 14720004 14720004,14720005 14720003
wave 99999 99999 14720031 14720031,14720032 14720030
wave 99999 99999 14730004 14730004,14730005 14730003
wave 99999 99999 14730015 14730015,14730016 14730014
wave 99999 99999 14740007 14740007,14740008 14740006
wave 99999 99999 14740014 14740014,14740015 14740013
wave 99999 99999 14740022 14740022,14740023 14740021
wave 99999 99999 14740033 14740033,14740034 14740032
wave 99999 99999 14750004 14750004,14750005 14750003
wave 99999 99999 14750039 14750039,14750040 14750038
wave 99999 99999 14760004 14760004,14760005 14760003
wave 99999 99999 14760015 14760015,14760016 14760014
wave 99999 99999 14770004 14770004,14770005 14770003
wave 99999 99999 14770053 14770053,14770054 14770052
wave 99999 99999 14780004 14780004,14780005 14780003
wave 99999 99999 14780044 14780044,14780045 14780043
wave 99999 99999 14790004 14790004,14790005 14790003
wave 99999 99999 14790043 14790043,14790044 14790042
wave 99999 99999 14800004 14800004,14800005 14800003
wave 99999 99999 14800059 14800059,14800060 14800058
wave 99999 99999 14810010 14810010,14810011 14810009
wave 99999 99999 14810067 14810067,14810068 14810066
wave 99999 99999 14820004 14820004,14820005 14820003
wave 99999 99999 14820015 14820015,14820016 14820014
wave 99999 99999 14830007 14830007,14830008 14830006
wave 99999 99999 14840004 14840004,14840005 14840003
wave 99999 99999 14840062 14840062,14840063 14840061
wave 99999 99999 14850004 14850004,14850005 14850003
wave 99999 99999 14850057 14850057,14850058 14850056
wave 99999 99999 14860004 14860004,14860005 14860003
wave 99999 99999 14860059 14860059,14860060 14860058
wave 99999 99999 14870004 14870004,14870005 14870003
wave 99999 99999 14870052 14870052,14870053 14870051
wave 99999 99999 14880004 14880004,14880005 14880003
lsf 99999 99999 14880030 14880030 14880019
lsf 99999 99999 14880031 14880031 14880019
lsf 99999 99999 14880032 14880032 14880034
lsf 99999 99999 14880033 14880033 14880034
wave 99999 99999 14880065 14880065,14880066 14880064
wave 99999 99999 14890004 14890004,14890005 14890003
wave 99999 99999 14890059 14890059,14890060 14890058
wave 99999 99999 14900004 14900004,14900005 14900003
wave 99999 99999 14900015 14900015,14900016 14900014
wave 99999 99999 14910004 14910004,14910005 14910003
wave 99999 99999 14920004 14920004,14920005 14920003
wave 99999 99999 14920015 14920015,14920016 14920014
wave 99999 99999 14930004 14930004,14930005 14930003
wave 99999 99999 14930033 14930033,14930034 14930032
wave 99999 99999 14940004 14940004,14940005 14940003
lsf 99999 99999 14940019 14940019 14940001
lsf 99999 99999 14940020 14940020 14940001
lsf 99999 99999 14940021 14940021 14940023
lsf 99999 99999 14940022 14940022 14940023
wave 99999 99999 14940112 14940112,14940113 14940111
wave 99999 99999 14950004 14950004,14950005 14950003
lsf 99999 99999 14950032 14950032 14950021
lsf 99999 99999 14950033 14950033 14950021
lsf 99999 99999 14950034 14950034 14950036
lsf 99999 99999 14950035 14950035 14950036
wave 99999 99999 14950098 14950098,14950099 14950097
wave 99999 99999 14960004 14960004,14960005 14960003
lsf 99999 99999 14960019 14960019 14960001
lsf 99999 99999 14960020 14960020 14960001
lsf 99999 99999 14960021 14960021 14960023
lsf 99999 99999 14960022 14960022 14960023
wave 99999 99999 14960113 14960113,14960114 14960112
wave 99999 99999 14970007 14970007,14970008 14970006
lsf 99999 99999 14970079 14970079 14970066
lsf 99999 99999 14970080 14970080 14970066
lsf 99999 99999 14970081 14970081 14970083
lsf 99999 99999 14970082 14970082 14970083
wave 99999 99999 14970116 14970116,14970117 14970115
wave 99999 99999 14980004 14980004,14980005 14980003
lsf 99999 99999 14980019 14980019 14980001
lsf 99999 99999 14980020 14980020 14980001
lsf 99999 99999 14980021 14980021 14980023
lsf 99999 99999 14980022 14980022 14980023
wave 99999 99999 14980098 14980098,14980099 14980097
wave 99999 99999 14990004 14990004,14990005 14990003
lsf 99999 99999 14990034 14990034 14990019
lsf 99999 99999 14990035 14990035 14990019
lsf 99999 99999 14990036 14990036 14990038
lsf 99999 99999 14990037 14990037 14990038
wave 99999 99999 14990082 14990082,14990083 14990081
wave 99999 99999 15000004 15000004,15000005 15000003
lsf 99999 99999 15000052 15000052 15000041
lsf 99999 99999 15000053 15000053 15000041
lsf 99999 99999 15000054 15000054 15000056
lsf 99999 99999 15000055 15000055 15000056
wave 99999 99999 15000081 15000081,15000082 15000080
wave 99999 99999 15010004 15010004,15010005 15010003
lsf 99999 99999 15010050 15010050 15010039
lsf 99999 99999 15010051 15010051 15010039
lsf 99999 99999 15010052 15010052 15010054
lsf 99999 99999 15010053 15010053 15010054
wave 99999 99999 15010074 15010074,15010075 15010073
wave 99999 99999 15020004 15020004,15020005 15020003
lsf 99999 99999 15020041 15020041 15020030
lsf 99999 99999 15020042 15020042 15020030
lsf 99999 99999 15020043 15020043 15020045
lsf 99999 99999 15020044 15020044 15020045
wave 99999 99999 15020063 15020063,15020064 15020062
wave 99999 99999 15030005 15030005,15030006 15030004
wave 99999 99999 15030016 15030016,15030017 15030015
wave 99999 99999 15040004 15040004,15040005 15040003
wave 99999 99999 15040035 15040035,15040036 15040034
wave 99999 99999 15050004 15050004,15050005 15050003
wave 99999 99999 15050053 15050053,15050054 15050052
wave 99999 99999 15060004 15060004,15060005 15060003
wave 99999 99999 15060015 15060015,15060016 15060014
wave 99999 99999 15070004 15070004,15070005 15070003
wave 99999 99999 15070015 15070015,15070016 15070014
wave 99999 99999 15080004 15080004,15080005 15080003
wave 99999 99999 15080028 15080028,15080029 15080027
wave 99999 99999 15090008 15090008,15090009 15090007
wave 99999 99999 15090051 15090051,15090052 15090050
wave 99999 99999 15100008 15100008,15100009 15100007
wave 99999 99999 15100061 15100061,15100062 15100060
wave 99999 99999 15110004 15110004,15110005 15110003
wave 99999 99999 15110061 15110061,15110062 15110060
wave 99999 99999 15120004 15120004,15120005 15120003
wave 99999 99999 15120015 15120015,15120016 15120014
wave 99999 99999 15130004 15130004,15130005 15130003
wave 99999 99999 15130016 15130016,15130017 15130015
wave 99999 99999 15140004 15140004,15140005 15140003
wave 99999 99999 15140015 15140015,15140016 15140014
wave 99999 99999 15150003 15150003,15150004 15150002
wave 99999 99999 15150051 15150051,15150052 15150050
wave 99999 99999 15160008 15160008,15160009 15160007
wave 99999 99999 15160019 15160019,15160020 15160018
wave 99999 99999 15170004 15170004,15170005 15170003
wave 99999 99999 15170064 15170064,15170065 15170063
wave 99999 99999 15180004 15180004,15180005 15180003
wave 99999 99999 15180015 15180015,15180016 15180014
wave 99999 99999 15190004 15190004,15190005 15190003
wave 99999 99999 15190056 15190056,15190057 15190055
wave 99999 99999 15200004 15200004,15200005 15200003
wave 99999 99999 15200048 15200048,15200049 15200047
wave 99999 99999 15210004 15210004,15210005 15210003
wave 99999 99999 15210061 15210061,15210062 15210060
wave 99999 99999 15220004 15220004,15220005 15220003
wave 99999 99999 15220015 15220015,15220016 15220014
wave 99999 99999 15230004 15230004,15230005 15230003
wave 99999 99999 15230021 15230021,15230022 15230020
wave 99999 99999 15240023 15240023,15240024 15240022
wave 99999 99999 15250004 15250004,15250005 15250003
lsf 99999 99999 15250019 15250019 15250001
lsf 99999 99999 15250020 15250020 15250001
lsf 99999 99999 15250021 15250021 15250023
lsf 99999 99999 15250022 15250022 15250023
wave 99999 99999 15250109 15250109,15250110 15250108
wave 99999 99999 15260004 15260004,15260005 15260003
lsf 99999 99999 15260019 15260019 15260001
lsf 99999 99999 15260020 15260020 15260001
lsf 99999 99999 15260021 15260021 15260023
lsf 99999 99999 15260022 15260022 15260023
wave 99999 99999 15260098 15260098,15260099 15260097
wave 99999 99999 15270004 15270004,15270005 15270003
wave 99999 99999 15270015 15270015,15270016 15270014
wave 99999 99999 15280004 15280004,15280005 15280003
wave 99999 99999 15280015 15280015,15280016 15280014
wave 99999 99999 15290004 15290004,15290005 15290003
wave 99999 99999 15290070 15290070,15290071 15290069
wave 99999 99999 15300004 15300004,15300005 15300003
lsf 99999 99999 15300080 15300080 15300069
lsf 99999 99999 15300081 15300081 15300069
lsf 99999 99999 15300082 15300082 15300084
lsf 99999 99999 15300083 15300083 15300084
wave 99999 99999 15300100 15300100,15300101 15300099
wave 99999 99999 15310004 15310004,15310005 15310003
lsf 99999 99999 15310056 15310056 15310045
lsf 99999 99999 15310057 15310057 15310045
lsf 99999 99999 15310058 15310058 15310060
lsf 99999 99999 15310059 15310059 15310060
wave 99999 99999 15310082 15310082,15310083 15310081
wave 99999 99999 15320004 15320004,15320005 15320003
wave 99999 99999 15320057 15320057,15320058 15320056
wave 99999 99999 15330004 15330004,15330005 15330003
wave 99999 99999 15330015 15330015,15330016 15330014
wave 99999 99999 15340004 15340004,15340005 15340003
lsf 99999 99999 15340057 15340057 15340050
lsf 99999 99999 15340058 15340058 15340050
lsf 99999 99999 15340059 15340059 15340061
lsf 99999 99999 15340060 15340060 15340061
wave 99999 99999 15340086 15340086,15340087 15340085
wave 99999 99999 15350004 15350004,15350005 15350003
wave 99999 99999 15350044 15350044,15350045 15350043
wave 99999 99999 15360004 15360004,15360005 15360003
wave 99999 99999 15360049 15360049,15360050 15360048
wave 99999 99999 15370004 15370004,15370005 15370003
wave 99999 99999 15370015 15370015,15370016 15370014
wave 99999 99999 15380004 15380004,15380005 15380003
wave 99999 99999 15380015 15380015,15380016 15380014
wave 99999 99999 15390004 15390004,15390005 15390003
wave 99999 99999 15390015 15390015,15390016 15390014
wave 99999 99999 15400004 15400004,15400005 15400003
wave 99999 99999 15400015 15400015,15400016 15400014
wave 99999 99999 15410004 15410004,15410005 15410003
wave 99999 99999 15410015 15410015,15410016 15410014
wave 99999 99999 15420004 15420004,15420005 15420003
wave 99999 99999 15420048 15420048,15420049 15420047
wave 99999 99999 15430004 15430004,15430005 15430003
wave 99999 99999 15430060 15430060,15430061 15430059
wave 99999 99999 15440021 15440021,15440022 15440020
wave 99999 99999 15440071 15440071,15440072 15440070
wave 99999 99999 15450003 15450003,15450004 15450002
wave 99999 99999 15450027 15450027,15450028 15450026
wave 99999 99999 15460004 15460004,15460005 15460003
lsf 99999 99999 15460041 15460041 15460030
lsf 99999 99999 15460042 15460042 15460030
lsf 99999 99999 15460043 15460043 15460045
lsf 99999 99999 15460044 15460044 15460045
wave 99999 99999 15460093 15460093,15460094 15460092
wave 99999 99999 15470004 15470004,15470005 15470003
lsf 99999 99999 15470020 15470020 15470001
lsf 99999 99999 15470021 15470021 15470001
lsf 99999 99999 15470022 15470022 15470024
lsf 99999 99999 15470023 15470023 15470024
wave 99999 99999 15470101 15470101,15470102 15470100
wave 99999 99999 15480004 15480004,15480005 15480003
lsf 99999 99999 15480019 15480019 15480001
lsf 99999 99999 15480020 15480020 15480001
lsf 99999 99999 15480021 15480021 15480023
lsf 99999 99999 15480022 15480022 15480023
wave 99999 99999 15480100 15480100,15480101 15480099
wave 99999 99999 15490004 15490004,15490005 15490003
wave 99999 99999 15490011 15490011,15490012 15490010
wave 99999 99999 15490022 15490022,15490023 15490021
wave 99999 99999 15500004 15500004,15500005 15500003
wave 99999 99999 15500044 15500044,15500045 15500043
wave 99999 99999 15510003 15510003,15510004 15510002
lsf 99999 99999 15510025 15510025 15510014
lsf 99999 99999 15510026 15510026 15510014
lsf 99999 99999 15510027 15510027 15510029
lsf 99999 99999 15510028 15510028 15510029
wave 99999 99999 15520004 15520004,15520005 15520003
lsf 99999 99999 15520041 15520041 15520030
lsf 99999 99999 15520042 15520042 15520030
lsf 99999 99999 15520043 15520043 15520045
lsf 99999 99999 15520044 15520044 15520045
wave 99999 99999 15520098 15520098,15520099 15520097
wave 99999 99999 15530005 15530005,15530006 15530004
wave 99999 99999 15530097 15530097,15530098 15530096
wave 99999 99999 15540004 15540004,15540005 15540003
wave 99999 99999 15540045 15540045,15540046 15540044
wave 99999 99999 15550004 15550004,15550005 15550003
wave 99999 99999 15550090 15550090,15550091 15550089
wave 99999 99999 15560004 15560004,15560005 15560003
wave 99999 99999 15560063 15560063,15560064 15560062
wave 99999 99999 15570004 15570004,15570005 15570003
lsf 99999 99999 15570019 15570019 15570001
lsf 99999 99999 15570020 15570020 15570001
lsf 99999 99999 15570021 15570021 15570023
lsf 99999 99999 15570022 15570022 15570023
wave 99999 99999 15570098 15570098,15570099 15570097
wave 99999 99999 15580003 15580003,15580004 15580002
wave 99999 99999 15580065 15580065,15580066 15580064
wave 99999 99999 15590004 15590004,15590005 15590003
lsf 99999 99999 15590066 15590066 15590055
lsf 99999 99999 15590067 15590067 15590055
lsf 99999 99999 15590068 15590068 15590070
lsf 99999 99999 15590069 15590069 15590070
wave 99999 99999 15590092 15590092,15590093 15590091
wave 99999 99999 15600003 15600003,15600004 15600002
lsf 99999 99999 15600086 15600086 15600077
lsf 99999 99999 15600087 15600087 15600077
lsf 99999 99999 15600088 15600088 15600090
lsf 99999 99999 15600089 15600089 15600090
wave 99999 99999 15600099 15600099,15600100 15600098
wave 99999 99999 15610004 15610004,15610005 15610003
wave 99999 99999 15610061 15610061,15610062 15610060
wave 99999 99999 15620004 15620004,15620005 15620003
wave 99999 99999 15620015 15620015,15620016 15620014
wave 99999 99999 15630004 15630004,15630005 15630003
wave 99999 99999 15630015 15630015,15630016 15630014
wave 99999 99999 15640066 15640066,15640067 15640065
wave 99999 99999 15650012 15650012,15650013 15650011
wave 99999 99999 15650095 15650095,15650096 15650094
wave 99999 99999 15660004 15660004,15660005 15660003
wave 99999 99999 15660015 15660015,15660016 15660014
wave 99999 99999 15670004 15670004,15670005 15670003
wave 99999 99999 15670078 15670078,15670079 15670077
wave 99999 99999 15680004 15680004,15680005 15680003
wave 99999 99999 15680076 15680076,15680077 15680075
wave 99999 99999 15690004 15690004,15690005 15690003
wave 99999 99999 15690069 15690069,15690070 15690068
wave 99999 99999 15700004 15700004,15700005 15700003
wave 99999 99999 15700045 15700045,15700046 15700044
wave 99999 99999 15710004 15710004,15710005 15710003
wave 99999 99999 15710049 15710049,15710050 15710048
wave 99999 99999 15720003 15720003,15720004 15720002
wave 99999 99999 15720084 15720084,15720085 15720083
wave 99999 99999 15730004 15730004,15730005 15730003
wave 99999 99999 15730108 15730108,15730109 15730107
wave 99999 99999 15740003 15740003,15740004 15740002
wave 99999 99999 15740014 15740014,15740015 15740013
wave 99999 99999 15750004 15750004,15750005 15750003
wave 99999 99999 15750066 15750066,15750067 15750065
wave 99999 99999 15760004 15760004,15760005 15760003
wave 99999 99999 15760015 15760015,15760016 15760014
wave 99999 99999 15770004 15770004,15770005 15770003
wave 99999 99999 15770015 15770015,15770016 15770014
wave 99999 99999 15780004 15780004,15780005 15780003
wave 99999 99999 15780015 15780015,15780016 15780014
wave 99999 99999 15790004 15790004,15790005 15790003
lsf 99999 99999 15790030 15790030 15790019
lsf 99999 99999 15790031 15790031 15790019
lsf 99999 99999 15790032 15790032 15790019
lsf 99999 99999 15790033 15790033 15790019
wave 99999 99999 15790088 15790088,15790089 15790087
wave 99999 99999 15800005 15800005,15800006 15800004
wave 99999 99999 15800093 15800093,15800094 15800092
wave 99999 99999 15810006 15810006,15810007 15810005
lsf 99999 99999 15810043 15810043 15810032
lsf 99999 99999 15810044 15810044 15810032
lsf 99999 99999 15810045 15810045 15810047
lsf 99999 99999 15810046 15810046 15810047
wave 99999 99999 15810090 15810090,15810091 15810089
wave 99999 99999 15820008 15820008,15820009 15820007
wave 99999 99999 15820083 15820083,15820084 15820082
wave 99999 99999 15830004 15830004,15830005 15830003
wave 99999 99999 15830015 15830015,15830016 15830014
wave 99999 99999 15840004 15840004,15840005 15840003
wave 99999 99999 15840015 15840015,15840016 15840014
wave 99999 99999 15850003 15850003,15850004 15850002
wave 99999 99999 15850014 15850014,15850015 15850013
wave 99999 99999 15860004 15860004,15860005 15860003
wave 99999 99999 15860072 15860072,15860073 15860071
wave 99999 99999 15870003 15870003,15870004 15870002
wave 99999 99999 15870045 15870045,15870046 15870044
wave 99999 99999 15880004 15880004,15880005 15880003
wave 99999 99999 15880032 15880032,15880033 15880031
wave 99999 99999 15890004 15890004,15890005 15890003
wave 99999 99999 15890086 15890086,15890087 15890085
wave 99999 99999 15900004 15900004,15900005 15900003
lsf 99999 99999 15900062 15900062 15900051
lsf 99999 99999 15900063 15900063 15900051
lsf 99999 99999 15900064 15900064 15900066
lsf 99999 99999 15900065 15900065 15900066
wave 99999 99999 15900086 15900086,15900087 15900085
wave 99999 99999 15910004 15910004,15910005 15910003
wave 99999 99999 15910090 15910090,15910091 15910089
wave 99999 99999 15920004 15920004,15920005 15920003
wave 99999 99999 15920039 15920039,15920040 15920038
wave 99999 99999 15930004 15930004,15930005 15930003
wave 99999 99999 15930015 15930015,15930016 15930014
wave 99999 99999 15940004 15940004,15940005 15940003
wave 99999 99999 15940046 15940046,15940047 15940045
wave 99999 99999 15950004 15950004,15950005 15950003
wave 99999 99999 15950015 15950015,15950016 15950014
wave 99999 99999 15960004 15960004,15960005 15960003
wave 99999 99999 15960015 15960015,15960016 15960014
wave 99999 99999 15970003 15970003,15970004 15970002
wave 99999 99999 15970049 15970049,15970050 15970048
wave 99999 99999 15980004 15980004,15980005 15980003
wave 99999 99999 15980066 15980066,15980067 15980065
wave 99999 99999 15990004 15990004,15990005 15990003
wave 99999 99999 15990015 15990015,15990016 15990014
wave 99999 99999 16000003 16000003,16000004 16000002
wave 99999 99999 16000070 16000070,16000071 16000069
wave 99999 99999 16010004 16010004,16010005 16010003
wave 99999 99999 16010028 16010028,16010029 16010027
wave 99999 99999 16020003 16020003,16020004 16020002
wave 99999 99999 16020042 16020042,16020043 16020041
wave 99999 99999 16030004 16030004,16030005 16030003
wave 99999 99999 16030070 16030070,16030071 16030069
wave 99999 99999 16040004 16040004,16040005 16040003
wave 99999 99999 16040072 16040072,16040073 16040071
wave 99999 99999 16050004 16050004,16050005 16050003
wave 99999 99999 16050052 16050052,16050053 16050051
wave 99999 99999 16060004 16060004,16060005 16060003
wave 99999 99999 16060076 16060076,16060077 16060075
wave 99999 99999 16070004 16070004,16070005 16070003
wave 99999 99999 16070076 16070076,16070077 16070075
wave 99999 99999 16080004 16080004,16080005 16080003
wave 99999 99999 16080028 16080028,16080029 16080027
wave 99999 99999 16090004 16090004,16090005 16090003
lsf 99999 99999 16090042 16090042 16090031
lsf 99999 99999 16090043 16090043 16090031
lsf 99999 99999 16090044 16090044 16090046
lsf 99999 99999 16090045 16090045 16090046
wave 99999 99999 16090087 16090087,16090088 16090086
wave 99999 99999 16100004 16100004,16100005 16100003
wave 99999 99999 16100053 16100053,16100054 16100052
wave 99999 99999 16110004 16110004,16110005 16110003
wave 99999 99999 16110059 16110059,16110060 16110058
wave 99999 99999 16120004 16120004,16120005 16120003
wave 99999 99999 16120039 16120039,16120040 16120038
wave 99999 99999 16130004 16130004,16130005 16130003
wave 99999 99999 16130055 16130055,16130056 16130054
wave 99999 99999 16140004 16140004,16140005 16140003
wave 99999 99999 16140015 16140015,16140016 16140014
wave 99999 99999 16150004 16150004,16150005 16150003
wave 99999 99999 16150015 16150015,16150016 16150014
wave 99999 99999 16160004 16160004,16160005 16160003
wave 99999 99999 16160062 16160062,16160063 16160061
wave 99999 99999 16170004 16170004,16170005 16170003
wave 99999 99999 16170022 16170022,16170023 16170021
wave 99999 99999 16180004 16180004,16180005 16180003
wave 99999 99999 16180015 16180015,16180016 16180014
wave 99999 99999 16190004 16190004,16190005 16190003
wave 99999 99999 16190015 16190015,16190016 16190014
wave 99999 99999 16200004 16200004,16200005 16200003
wave 99999 99999 16200015 16200015,16200016 16200014
wave 99999 99999 16210004 16210004,16210005 16210003
wave 99999 99999 16210015 16210015,16210016 16210014
wave 99999 99999 16220008 16220008,16220009 16220007
wave 99999 99999 16220019 16220019,16220020 16220018
wave 99999 99999 16230009 16230009,16230010 16230008
wave 99999 99999 16230038 16230038,16230039 16230037
wave 99999 99999 16240004 16240004,16240005 16240003
wave 99999 99999 16240043 16240043,16240044 16240042
wave 99999 99999 16250004 16250004,16250005 16250003
wave 99999 99999 16250032 16250032,16250033 16250031
wave 99999 99999 16260003 16260003,16260004 16260002
wave 99999 99999 16260014 16260014,16260015 16260013
wave 99999 99999 16270004 16270004,16270005 16270003
wave 99999 99999 16270015 16270015,16270016 16270014
wave 99999 99999 16280003 16280003,16280004 16280002
wave 99999 99999 16280050 16280050,16280051 16280049
wave 99999 99999 16290004 16290004,16290005 16290003
wave 99999 99999 16290036 16290036,16290037 16290035
wave 99999 99999 16300004 16300004,16300005 16300003
wave 99999 99999 16300058 16300058,16300059 16300057
wave 99999 99999 16310004 16310004,16310005 16310003
wave 99999 99999 16310015 16310015,16310016 16310014
wave 99999 99999 16320004 16320004,16320005 16320003
wave 99999 99999 16320088 16320088,16320089 16320087
wave 99999 99999 16330004 16330004,16330005 16330003
wave 99999 99999 16330062 16330062,16330063 16330061
wave 99999 99999 16340004 16340004,16340005 16340003
wave 99999 99999 16340045 16340045,16340046 16340044
wave 99999 99999 16350004 16350004,16350005 16350003
wave 99999 99999 16350015 16350015,16350016 16350014
wave 99999 99999 16360004 16360004,16360005 16360003
wave 99999 99999 16360015 16360015,16360016 16360014
wave 99999 99999 16370004 16370004,16370005 16370003
wave 99999 99999 16370028 16370028,16370029 16370027
wave 99999 99999 16380004 16380004,16380005 16380003
wave 99999 99999 16380019 16380019,16380020 16380018
wave 99999 99999 16390003 16390003,16390004 16390002
wave 99999 99999 16390014 16390014,16390015 16390013
wave 99999 99999 16400004 16400004,16400005 16400003
wave 99999 99999 16400068 16400068,16400069 16400067
wave 99999 99999 16410004 16410004,16410005 16410003
wave 99999 99999 16410024 16410024,16410025 16410023
wave 99999 99999 16420004 16420004,16420005 16420003
wave 99999 99999 16420078 16420078,16420079 16420077
wave 99999 99999 16430004 16430004,16430005 16430003
lsf 99999 99999 16430026 16430026 16430015
lsf 99999 99999 16430027 16430027 16430015
lsf 99999 99999 16430028 16430028 16430030
lsf 99999 99999 16430029 16430029 16430030
wave 99999 99999 16430083 16430083,16430084 16430082
wave 99999 99999 16440004 16440004,16440005 16440003
wave 99999 99999 16440015 16440015,16440016 16440014
wave 99999 99999 16450004 16450004,16450005 16450003
wave 99999 99999 16450024 16450024,16450025 16450023
wave 99999 99999 16460004 16460004,16460005 16460003
wave 99999 99999 16460015 16460015,16460016 16460014
wave 99999 99999 16470004 16470004,16470005 16470003
wave 99999 99999 16470015 16470015,16470016 16470014
multiwave 99999 99999 13370000 13370023,13370024,13400006,13400007,13400053,13400054,13410004,13410005,13410061,13410062,13420004,13420005,13420064,13420065,13430005,13430006,13430016,13430017,13440005,13440006
multiwave 99999 99999 13440000 13440016,13440017,13450004,13450005,13450015,13450016,13460005,13460006,13460016,13460017,13470012,13470013,13470024,13470025,13480009,13480010,13480071,13480072,13490004,13490005
multiwave 99999 99999 13490000 13490044,13490045,13500009,13500010,13500035,13500036,13500046,13500047,13510003,13510004,13510014,13510015,13520004,13520005,13520015,13520016,13530003,13530004,13530017,13530018
multiwave 99999 99999 13540000 13540003,13540004,13540011,13540012,13540022,13540023,13550004,13550005,13550015,13550016,13560004,13560005,13560015,13560016,13570008,13570009,13580003,13580004,13580014,13580015
multiwave 99999 99999 13590000 13590007,13590008,13600003,13600004,13600014,13600015,13610004,13610005,13610011,13610012,13610012,13610013,13610013,13610014,13610014,13610015,13610015,13610016,13610016,13610017
multiwave 99999 99999 13610000 13610016,13610017,13610018,13610019,13610018,13610019,13610020,13610021,13610022,13610023,13620002,13620003,13620003,13620004,13620004,13620005,13620004,13620005,13620006,13620007
multiwave 99999 99999 13620000 13620006,13620007,13620008,13620009,13630002,13630003,13630003,13630004,13630004,13630005,13630005,13630006,13630006,13630007,13630007,13630008,13630008,13630009,13630008,13630009
multiwave 99999 99999 13630000 13630010,13630011,13630010,13630011,13630012,13630013,13630014,13630015,13640010,13640011,13650008,13650009,13660008,13660009,13670003,13670004,13670014,13670015,13680004,13680005
multiwave 99999 99999 13680000 13680015,13680016,13690004,13690005,13690054,13690055,13700004,13700005,13710003,13710004,13710064,13710065,13720004,13720005,13720082,13720083,13730003,13730004,13730093,13730094
multiwave 99999 99999 13740000 13740004,13740005,13740111,13740112,13750003,13750004,13750109,13750110,13760004,13760005,13760107,13760108,13770003,13770004,13770048,13770049,13780004,13780005,13780015,13780016
multiwave 99999 99999 13790000 13790004,13790005,13790015,13790016,13800004,13800005,13810022,13810023,13810090,13810091,13820004,13820005,13820080,13820081,13830003,13830004,13830073,13830074,13840004,13840005
multiwave 99999 99999 13840000 13840065,13840066,13850004,13850005,13850059,13850060,13860004,13860005,13860015,13860016,13870003,13870004,13870014,13870015,13880008,13880009,13890003,13890004,13890018,13890019
multiwave 99999 99999 13900000 13900004,13900005,13900015,13900016,13910014,13910015,13920004,13920005,13920043,13920044,13930004,13930005,13930050,13930051,13940004,13940005,13940049,13940050,13950004,13950005
multiwave 99999 99999 13950000 13950049,13950050,13960003,13960004,13960049,13960050,13970004,13970005,13970049,13970050,13980004,13980005,13980049,13980050,13990004,13990005,13990065,13990066,14000004,14000005
multiwave 99999 99999 14000000 14000043,14000044,14010004,14010005,14010015,14010016,14020005,14020006,14020016,14020017,14030003,14030004,14040011,14040012,14050003,14050004,14050014,14050015,14060004,14060005
multiwave 99999 99999 14060000 14060079,14060080,14070004,14070005,14070015,14070016,14080004,14080005,14080015,14080016,14090004,14090005,14090098,14090099,14100004,14100005,14100093,14100094,14110004,14110005
multiwave 99999 99999 14110000 14110015,14110016,14120011,14120012,14120022,14120023,14130004,14130005,14130015,14130016,14140003,14140004,14140014,14140015,14150010,14150011,14150045,14150046,14160017,14160018
multiwave 99999 99999 14160000 14160057,14160058,14170004,14170005,14170047,14170048,14180003,14180004,14180074,14180075,14190009,14190010,14190042,14190043,14200004,14200005,14200038,14200039,14210004,14210005
multiwave 99999 99999 14210000 14210015,14210016,14220004,14220005,14220080,14220081,14230004,14230005,14230064,14230065,14240004,14240005,14240050,14240051,14250011,14250012,14250022,14250023,14260004,14260005
multiwave 99999 99999 14260000 14260092,14260093,14270004,14270005,14270087,14270088,14280004,14280005,14280070,14280071,14290004,14290005,14290081,14290082,14300004,14300005,14300078,14300079,14310004,14310005
multiwave 99999 99999 14310000 14310094,14310095,14320004,14320005,14320015,14320016,14330004,14330005,14330035,14330036,14340004,14340005,14340015,14340016,14350004,14350005,14350095,14350096,14360004,14360005
multiwave 99999 99999 14360000 14360015,14360016,14370004,14370005,14370070,14370071,14380004,14380005,14380096,14380097,14390004,14390005,14390015,14390016,14400004,14400005,14400083,14400084,14410004,14410005
multiwave 99999 99999 14410000 14410059,14410060,14420004,14420005,14420074,14420075,14430004,14430005,14430015,14430016,14440004,14440005,14440088,14440089,14450004,14450005,14450059,14450060,14460016,14460017
multiwave 99999 99999 14470000 14470016,14470017,14480004,14480005,14480015,14480016,14490004,14490005,14490044,14490045,14500004,14500005,14500033,14500034,14510004,14510005,14510049,14510050,14520004,14520005
multiwave 99999 99999 14520000 14520015,14520016,14530003,14530004,14530035,14530036,14540004,14540005,14540015,14540016,14550004,14550005,14550015,14550016,14560004,14560005,14560015,14560016,14570004,14570005
multiwave 99999 99999 14570000 14570015,14570016,14580004,14580005,14580088,14580089,14590004,14590005,14590115,14590116,14600003,14600004,14600098,14600099,14610004,14610005,14610015,14610016,14620004,14620005
multiwave 99999 99999 14620000 14620017,14620018,14630004,14630005,14630015,14630016,14640004,14640005,14640030,14640031,14650004,14650005,14650122,14650123,14660004,14660005,14660072,14660073,14670004,14670005
multiwave 99999 99999 14670000 14670114,14670115,14680004,14680005,14680040,14680041,14690004,14690005,14690015,14690016,14700006,14700007,14700017,14700018,14710004,14710005,14710015,14710016,14720004,14720005
multiwave 99999 99999 14720000 14720031,14720032,14730004,14730005,14730015,14730016,14740007,14740008,14740014,14740015,14740022,14740023,14740033,14740034,14750004,14750005,14750039,14750040,14760004,14760005
multiwave 99999 99999 14760000 14760015,14760016,14770004,14770005,14770053,14770054,14780004,14780005,14780044,14780045,14790004,14790005,14790043,14790044,14800004,14800005,14800059,14800060,14810010,14810011
multiwave 99999 99999 14810000 14810067,14810068,14820004,14820005,14820015,14820016,14830007,14830008,14840004,14840005,14840062,14840063,14850004,14850005,14850057,14850058,14860004,14860005,14860059,14860060
multiwave 99999 99999 14870000 14870004,14870005,14870052,14870053,14880004,14880005,14880065,14880066,14890004,14890005,14890059,14890060,14900004,14900005,14900015,14900016,14910004,14910005,14920004,14920005
multiwave 99999 99999 14920000 14920015,14920016,14930004,14930005,14930033,14930034,14940004,14940005,14940112,14940113,14950004,14950005,14950098,14950099,14960004,14960005,14960113,14960114,14970007,14970008
multiwave 99999 99999 14970000 14970116,14970117,14980004,14980005,14980098,14980099,14990004,14990005,14990082,14990083,15000004,15000005,15000081,15000082,15010004,15010005,15010074,15010075,15020004,15020005
multiwave 99999 99999 15020000 15020063,15020064,15030005,15030006,15030016,15030017,15040004,15040005,15040035,15040036,15050004,15050005,15050053,15050054,15060004,15060005,15060015,15060016,15070004,15070005
multiwave 99999 99999 15070000 15070015,15070016,15080004,15080005,15080028,15080029,15090008,15090009,15090051,15090052,15100008,15100009,15100061,15100062,15110004,15110005,15110061,15110062,15120004,15120005
multiwave 99999 99999 15120000 15120015,15120016,15130004,15130005,15130016,15130017,15140004,15140005,15140015,15140016,15150003,15150004,15150051,15150052,15160008,15160009,15160019,15160020,15170004,15170005
multiwave 99999 99999 15170000 15170064,15170065,15180004,15180005,15180015,15180016,15190004,15190005,15190056,15190057,15200004,15200005,15200048,15200049,15210004,15210005,15210061,15210062,15220004,15220005
multiwave 99999 99999 15220000 15220015,15220016,15230004,15230005,15230021,15230022,15240023,15240024,15250004,15250005,15250109,15250110,15260004,15260005,15260098,15260099,15270004,15270005,15270015,15270016
multiwave 99999 99999 15280000 15280004,15280005,15280015,15280016,15290004,15290005,15290070,15290071,15300004,15300005,15300100,15300101,15310004,15310005,15310082,15310083,15320004,15320005,15320057,15320058
multiwave 99999 99999 15330000 15330004,15330005,15330015,15330016,15340004,15340005,15340086,15340087,15350004,15350005,15350044,15350045,15360004,15360005,15360049,15360050,15370004,15370005,15370015,15370016
multiwave 99999 99999 15380000 15380004,15380005,15380015,15380016,15390004,15390005,15390015,15390016,15400004,15400005,15400015,15400016,15410004,15410005,15410015,15410016,15420004,15420005,15420048,15420049
multiwave 99999 99999 15430000 15430004,15430005,15430060,15430061,15440021,15440022,15440071,15440072,15450003,15450004,15450027,15450028,15460004,15460005,15460093,15460094,15470004,15470005,15470101,15470102
multiwave 99999 99999 15480000 15480004,15480005,15480100,15480101,15490004,15490005,15490011,15490012,15490022,15490023,15500004,15500005,15500044,15500045,15510003,15510004,15520004,15520005,15520098,15520099
multiwave 99999 99999 15530000 15530005,15530006,15530097,15530098,15540004,15540005,15540045,15540046,15550004,15550005,15550090,15550091,15560004,15560005,15560063,15560064,15570004,15570005,15570098,15570099
multiwave 99999 99999 15580000 15580003,15580004,15580065,15580066,15590004,15590005,15590092,15590093,15600003,15600004,15600099,15600100,15610004,15610005,15610061,15610062,15620004,15620005,15620015,15620016
multiwave 99999 99999 15630000 15630004,15630005,15630015,15630016,15640066,15640067,15650012,15650013,15650095,15650096,15660004,15660005,15660015,15660016,15670004,15670005,15670078,15670079,15680004,15680005
multiwave 99999 99999 15680000 15680076,15680077,15690004,15690005,15690069,15690070,15700004,15700005,15700045,15700046,15710004,15710005,15710049,15710050,15720003,15720004,15720084,15720085,15730004,15730005
multiwave 99999 99999 15730000 15730108,15730109,15740003,15740004,15740014,15740015,15750004,15750005,15750066,15750067,15760004,15760005,15760015,15760016,15770004,15770005,15770015,15770016,15780004,15780005
multiwave 99999 99999 15780000 15780015,15780016,15790004,15790005,15790088,15790089,15800005,15800006,15800093,15800094,15810006,15810007,15810090,15810091,15820008,15820009,15820083,15820084,15830004,15830005
multiwave 99999 99999 15830000 15830015,15830016,15840004,15840005,15840015,15840016,15850003,15850004,15850014,15850015,15860004,15860005,15860072,15860073,15870003,15870004,15870045,15870046,15880004,15880005
multiwave 99999 99999 15880000 15880032,15880033,15890004,15890005,15890086,15890087,15900004,15900005,15900086,15900087,15910004,15910005,15910090,15910091,15920004,15920005,15920039,15920040,15930004,15930005
multiwave 99999 99999 15930000 15930015,15930016,15940004,15940005,15940046,15940047,15950004,15950005,15950015,15950016,15960004,15960005,15960015,15960016,15970003,15970004,15970049,15970050,15980004,15980005
multiwave 99999 99999 15980000 15980066,15980067,15990004,15990005,15990015,15990016,16000003,16000004,16000070,16000071,16010004,16010005,16010028,16010029,16020003,16020004,16020042,16020043,16030004,16030005
multiwave 99999 99999 16030000 16030070,16030071,16040004,16040005,16040072,16040073,16050004,16050005,16050052,16050053,16060004,16060005,16060076,16060077,16070004,16070005,16070076,16070077,16080004,16080005
multiwave 99999 99999 16080000 16080028,16080029,16090004,16090005,16090087,16090088,16100004,16100005,16100053,16100054,16110004,16110005,16110059,16110060,16120004,16120005,16120039,16120040,16130004,16130005
multiwave 99999 99999 16130000 16130055,16130056,16140004,16140005,16140015,16140016,16150004,16150005,16150015,16150016,16160004,16160005,16160062,16160063,16170004,16170005,16170022,16170023,16180004,16180005
multiwave 99999 99999 16180000 16180015,16180016,16190004,16190005,16190015,16190016,16200004,16200005,16200015,16200016,16210004,16210005,16210015,16210016,16220008,16220009,16220019,16220020,16230009,16230010
multiwave 99999 99999 16230000 16230038,16230039,16240004,16240005,16240043,16240044,16250004,16250005,16250032,16250033,16260003,16260004,16260014,16260015,16270004,16270005,16270015,16270016,16280003,16280004
multiwave 99999 99999 16280000 16280050,16280051,16290004,16290005,16290036,16290037,16300004,16300005,16300058,16300059,16310004,16310005,16310015,16310016,16320004,16320005,16320088,16320089,16330004,16330005
multiwave 99999 99999 16330000 16330062,16330063,16340004,16340005,16340045,16340046,16350004,16350005,16350015,16350016,16360004,16360005,16360015,16360016,16370004,16370005,16370028,16370029,16380004,16380005
multiwave 99999 99999 16380000 16380019,16380020,16390003,16390004,16390014,16390015,16400004,16400005,16400068,16400069,16410004,16410005,16410024,16410025,16420004,16420005,16420078,16420079,16430004,16430005
multiwave 99999 99999 16430000 16430083,16430084,16440004,16440005,16440015,16440016,16450004,16450005,16450024,16450025,16460004,16460005,16460015,16460016,16470004,16470005,16470015,16470016
