wave 99999 99999 24300003 24300003,24300004 24300002
wave 99999 99999 24330005 24330005,24330006 24330004
wave 99999 99999 24330016 24330016,24330017 24330015
wave 99999 99999 24340007 24340007,24340008 24340006
wave 99999 99999 24340048 24340048,24340049 24340047
wave 99999 99999 24350004 24350004,24350005 24350003
wave 99999 99999 24360003 24360003,24360004 24360002
wave 99999 99999 24360014 24360014,24360015 24360013
wave 99999 99999 24370004 24370004,24370005 24370003
wave 99999 99999 24370015 24370015,24370016 24370014
wave 99999 99999 24380003 24380003,24380004 24380002
wave 99999 99999 24380014 24380014,24380015 24380013
wave 99999 99999 24390004 24390004,24390005 24390003
wave 99999 99999 24390015 24390015,24390016 24390014
wave 99999 99999 24390031 24390031,24390032 24390030
wave 99999 99999 24400004 24400004,24400005 24400003
wave 99999 99999 24400070 24400070,24400071 24400069
wave 99999 99999 24410004 24410004,24410005 24410003
wave 99999 99999 24420004 24420004,24420005 24420003
wave 99999 99999 24420042 24420042,24420043 24420041
wave 99999 99999 24430004 24430004,24430005 24430003
wave 99999 99999 24430022 24430022,24430023 24430021
wave 99999 99999 24440004 24440004,24440005 24440003
wave 99999 99999 24440042 24440042,24440043 24440041
wave 99999 99999 24450004 24450004,24450005 24450003
lsf 99999 99999 24450066 24450066 24450055
lsf 99999 99999 24450067 24450067 24450055
lsf 99999 99999 24450068 24450068 24450070
lsf 99999 99999 24450069 24450069 24450070
wave 99999 99999 24450097 24450097,24450098 24450096
wave 99999 99999 24460004 24460004,24460005 24460003
wave 99999 99999 24460092 24460092,24460093 24460091
wave 99999 99999 24470004 24470004,24470005 24470003
wave 99999 99999 24470094 24470094,24470095 24470093
wave 99999 99999 24480004 24480004,24480005 24480003
wave 99999 99999 24480057 24480057,24480058 24480056
wave 99999 99999 24490004 24490004,24490005 24490003
wave 99999 99999 24490026 24490026,24490027 24490025
wave 99999 99999 24500006 24500006,24500007 24500005
wave 99999 99999 24500021 24500021,24500022 24500020
wave 99999 99999 24510004 24510004,24510005 24510003
wave 99999 99999 24510055 24510055,24510056 24510054
wave 99999 99999 24520004 24520004,24520005 24520003
wave 99999 99999 24520063 24520063,24520064 24520062
wave 99999 99999 24530007 24530007,24530008 24530006
wave 99999 99999 24530048 24530048,24530049 24530047
wave 99999 99999 24550013 24550013,24550014 24550012
wave 99999 99999 24550081 24550081,24550082 24550080
wave 99999 99999 24560004 24560004,24560005 24560003
wave 99999 99999 24560044 24560044,24560045 24560043
wave 99999 99999 24570004 24570004,24570005 24570003
wave 99999 99999 24570015 24570015,24570016 24570014
wave 99999 99999 24580004 24580004,24580005 24580003
wave 99999 99999 24590004 24590004,24590005 24590003
wave 99999 99999 24590037 24590037,24590038 24590036
wave 99999 99999 24600004 24600004,24600005 24600003
wave 99999 99999 24600073 24600073,24600074 24600072
wave 99999 99999 24610004 24610004,24610005 24610003
wave 99999 99999 24610015 24610015,24610016 24610014
wave 99999 99999 24620004 24620004,24620005 24620003
wave 99999 99999 24620015 24620015,24620016 24620014
wave 99999 99999 24630004 24630004,24630005 24630003
wave 99999 99999 24630015 24630015,24630016 24630014
wave 99999 99999 24640004 24640004,24640005 24640003
wave 99999 99999 24640015 24640015,24640016 24640014
wave 99999 99999 24650004 24650004,24650005 24650003
wave 99999 99999 24650015 24650015,24650016 24650014
wave 99999 99999 24660004 24660004,24660005 24660003
lsf 99999 99999 24660050 24660050 24660039
lsf 99999 99999 24660051 24660051 24660039
lsf 99999 99999 24660052 24660052 24660054
lsf 99999 99999 24660053 24660053 24660054
wave 99999 99999 24660077 24660077,24660078 24660076
wave 99999 99999 24670004 24670004,24670005 24670003
wave 99999 99999 24670087 24670087,24670088 24670086
wave 99999 99999 24680004 24680004,24680005 24680003
wave 99999 99999 24680026 24680026,24680027 24680025
wave 99999 99999 24690004 24690004,24690005 24690003
wave 99999 99999 24690015 24690015,24690016 24690014
wave 99999 99999 24700004 24700004,24700005 24700003
wave 99999 99999 24700026 24700026,24700027 24700025
wave 99999 99999 24710004 24710004,24710005 24710003
lsf 99999 99999 24710037 24710037 24710032
lsf 99999 99999 24710038 24710038 24710032
lsf 99999 99999 24710039 24710039 24710041
lsf 99999 99999 24710040 24710040 24710041
wave 99999 99999 24710091 24710091,24710092 24710090
wave 99999 99999 24720003 24720003,24720004 24720002
wave 99999 99999 24720010 24720010,24720011 24720009
wave 99999 99999 24720046 24720046,24720047 24720045
wave 99999 99999 24730004 24730004,24730005 24730003
wave 99999 99999 24730015 24730015,24730016 24730014
wave 99999 99999 24740003 24740003,24740004 24740002
wave 99999 99999 24740057 24740057,24740058 24740056
wave 99999 99999 24750004 24750004,24750005 24750003
wave 99999 99999 24750072 24750072,24750073 24750071
wave 99999 99999 24760004 24760004,24760005 24760003
wave 99999 99999 24760048 24760048,24760049 24760047
wave 99999 99999 24770004 24770004,24770005 24770003
wave 99999 99999 24770084 24770084,24770085 24770083
wave 99999 99999 24780003 24780003,24780004 24780002
wave 99999 99999 24790004 24790004,24790005 24790003
wave 99999 99999 24790080 24790080,24790081 24790079
wave 99999 99999 24800004 24800004,24800005 24800003
wave 99999 99999 24810004 24810004,24810005 24810003
wave 99999 99999 24810083 24810083,24810084 24810082
wave 99999 99999 24820004 24820004,24820005 24820003
wave 99999 99999 24820055 24820055,24820056 24820054
wave 99999 99999 24830004 24830004,24830005 24830003
wave 99999 99999 24830068 24830068,24830069 24830067
wave 99999 99999 24840004 24840004,24840005 24840003
wave 99999 99999 24840040 24840040,24840041 24840039
wave 99999 99999 24850005 24850005,24850006 24850004
wave 99999 99999 24850075 24850075,24850076 24850074
wave 99999 99999 24860004 24860004,24860005 24860003
wave 99999 99999 24860074 24860074,24860075 24860073
wave 99999 99999 24870004 24870004,24870005 24870003
wave 99999 99999 24870061 24870061,24870062 24870060
wave 99999 99999 24880005 24880005,24880006 24880004
wave 99999 99999 24880082 24880082,24880083 24880081
wave 99999 99999 24890005 24890005,24890006 24890004
wave 99999 99999 24890090 24890090,24890091 24890089
wave 99999 99999 24900004 24900004,24900005 24900003
wave 99999 99999 24900076 24900076,24900077 24900075
wave 99999 99999 24910004 24910004,24910005 24910003
wave 99999 99999 24910041 24910041,24910042 24910040
wave 99999 99999 24920005 24920005,24920006 24920004
wave 99999 99999 24920096 24920096,24920097 24920095
wave 99999 99999 24930004 24930004,24930005 24930003
wave 99999 99999 24930070 24930070,24930071 24930069
wave 99999 99999 24940003 24940003,24940004 24940002
lsf 99999 99999 24940032 24940032 24940023
lsf 99999 99999 24940033 24940033 24940023
lsf 99999 99999 24940034 24940034 24940036
lsf 99999 99999 24940035 24940035 24940036
wave 99999 99999 24940076 24940076,24940077 24940075
wave 99999 99999 24950004 24950004,24950005 24950003
wave 99999 99999 24950047 24950047,24950048 24950046
wave 99999 99999 24960004 24960004,24960005 24960003
wave 99999 99999 24960072 24960072,24960073 24960071
wave 99999 99999 24970004 24970004,24970005 24970003
wave 99999 99999 24970098 24970098,24970099 24970097
wave 99999 99999 24980005 24980005,24980006 24980004
lsf 99999 99999 24980043 24980043 24980030
lsf 99999 99999 24980044 24980044 24980030
lsf 99999 99999 24980045 24980045 24980047
lsf 99999 99999 24980046 24980046 24980047
wave 99999 99999 24980105 24980105,24980106 24980104
wave 99999 99999 24990004 24990004,24990005 24990003
wave 99999 99999 24990102 24990102,24990103 24990101
wave 99999 99999 25000004 25000004,25000005 25000003
wave 99999 99999 25000015 25000015,25000016 25000014
lsf 99999 99999 25010001 25010001 25010001
lsf 99999 99999 25010002 25010002 25010001
lsf 99999 99999 25010004 25010004 25010001
wave 99999 99999 25010015 25010015,25010016 25010014
wave 99999 99999 25010120 25010120,25010121 25010119
wave 99999 99999 25020005 25020005,25020006 25020004
wave 99999 99999 25020065 25020065,25020066 25020064
wave 99999 99999 25030004 25030004,25030005 25030003
wave 99999 99999 25030015 25030015,25030016 25030014
wave 99999 99999 25040004 25040004,25040005 25040003
wave 99999 99999 25040017 25040017,25040018 25040016
wave 99999 99999 25050004 25050004,25050005 25050003
wave 99999 99999 25050067 25050067,25050068 25050066
wave 99999 99999 25060004 25060004,25060005 25060003
wave 99999 99999 25060059 25060059,25060060 25060058
wave 99999 99999 25070004 25070004,25070005 25070003
wave 99999 99999 25070074 25070074,25070075 25070073
wave 99999 99999 25080003 25080003,25080004 25080002
wave 99999 99999 25080058 25080058,25080059 25080057
wave 99999 99999 25090004 25090004,25090005 25090003
lsf 99999 99999 25090020 25090020 25090017
lsf 99999 99999 25090021 25090021 25090017
lsf 99999 99999 25090022 25090022 25090017
lsf 99999 99999 25090023 25090023 25090017
lsf 99999 99999 25090024 25090024 25090026
lsf 99999 99999 25090025 25090025 25090026
wave 99999 99999 25090048 25090048,25090049 25090047
wave 99999 99999 25100003 25100003,25100004 25100002
lsf 99999 99999 25100010 25100010 25100001
lsf 99999 99999 25100011 25100011 25100001
lsf 99999 99999 25100012 25100012 25100001
lsf 99999 99999 25100013 25100013 25100015
lsf 99999 99999 25100014 25100014 25100015
wave 99999 99999 25100052 25100052,25100053 25100051
wave 99999 99999 25110004 25110004,25110005 25110003
lsf 99999 99999 25110011 25110011 25110013
lsf 99999 99999 25110012 25110012 25110013
lsf 99999 99999 25110016 25110016 25110013
lsf 99999 99999 25110017 25110017 25110013
lsf 99999 99999 25110018 25110018 25110020
lsf 99999 99999 25110019 25110019 25110020
wave 99999 99999 25110058 25110058,25110059 25110057
wave 99999 99999 25120004 25120004,25120005 25120003
lsf 99999 99999 25120011 25120011 25120001
lsf 99999 99999 25120012 25120012 25120001
lsf 99999 99999 25120013 25120013 25120001
lsf 99999 99999 25120014 25120014 25120001
lsf 99999 99999 25120015 25120015 25120001
lsf 99999 99999 25120016 25120016 25120001
lsf 99999 99999 25120017 25120017 25120019
lsf 99999 99999 25120018 25120018 25120019
wave 99999 99999 25120058 25120058,25120059 25120057
wave 99999 99999 25130004 25130004,25130005 25130003
wave 99999 99999 25130045 25130045,25130046 25130044
wave 99999 99999 25140004 25140004,25140005 25140003
lsf 99999 99999 25140038 25140038 25140001
lsf 99999 99999 25140039 25140039 25140001
lsf 99999 99999 25140040 25140040 25140001
lsf 99999 99999 25140041 25140041 25140001
lsf 99999 99999 25140042 25140042 25140044
lsf 99999 99999 25140043 25140043 25140044
wave 99999 99999 25140083 25140083,25140084 25140082
wave 99999 99999 25150004 25150004,25150005 25150003
lsf 99999 99999 25150011 25150011 25150001
lsf 99999 99999 25150012 25150012 25150001
lsf 99999 99999 25150013 25150013 25150001
lsf 99999 99999 25150014 25150014 25150001
lsf 99999 99999 25150015 25150015 25150017
lsf 99999 99999 25150016 25150016 25150017
wave 99999 99999 25150059 25150059,25150060 25150058
wave 99999 99999 25160004 25160004,25160005 25160003
lsf 99999 99999 25160011 25160011 25160001
lsf 99999 99999 25160012 25160012 25160001
lsf 99999 99999 25160013 25160013 25160001
lsf 99999 99999 25160014 25160014 25160001
lsf 99999 99999 25160015 25160015 25160017
lsf 99999 99999 25160016 25160016 25160017
wave 99999 99999 25160026 25160026,25160027 25160025
wave 99999 99999 25170004 25170004,25170005 25170003
lsf 99999 99999 25170011 25170011 25170001
lsf 99999 99999 25170012 25170012 25170001
lsf 99999 99999 25170013 25170013 25170001
lsf 99999 99999 25170014 25170014 25170001
lsf 99999 99999 25170015 25170015 25170017
lsf 99999 99999 25170016 25170016 25170017
wave 99999 99999 25170060 25170060,25170061 25170059
wave 99999 99999 25180004 25180004,25180005 25180003
lsf 99999 99999 25180011 25180011 25180001
lsf 99999 99999 25180012 25180012 25180001
lsf 99999 99999 25180013 25180013 25180001
lsf 99999 99999 25180014 25180014 25180001
lsf 99999 99999 25180015 25180015 25180017
lsf 99999 99999 25180016 25180016 25180017
wave 99999 99999 25180058 25180058,25180059 25180057
wave 99999 99999 25190004 25190004,25190005 25190003
lsf 99999 99999 25190011 25190011 25190001
lsf 99999 99999 25190012 25190012 25190001
lsf 99999 99999 25190013 25190013 25190015
lsf 99999 99999 25190014 25190014 25190015
wave 99999 99999 25190059 25190059,25190060 25190058
wave 99999 99999 25200004 25200004,25200005 25200003
lsf 99999 99999 25200011 25200011 25200013
lsf 99999 99999 25200012 25200012 25200013
wave 99999 99999 25200058 25200058,25200059 25200057
wave 99999 99999 25210004 25210004,25210005 25210003
wave 99999 99999 25210060 25210060,25210061 25210059
wave 99999 99999 25220004 25220004,25220005 25220003
wave 99999 99999 25220068 25220068,25220069 25220067
wave 99999 99999 25230004 25230004,25230005 25230003
wave 99999 99999 25230070 25230070,25230071 25230069
wave 99999 99999 25240004 25240004,25240005 25240003
wave 99999 99999 25240068 25240068,25240069 25240067
wave 99999 99999 25250004 25250004,25250005 25250003
wave 99999 99999 25250090 25250090,25250091 25250089
wave 99999 99999 25260004 25260004,25260005 25260003
wave 99999 99999 25260035 25260035,25260036 25260034
wave 99999 99999 25270003 25270003,25270004 25270002
wave 99999 99999 25270076 25270076,25270077 25270075
wave 99999 99999 25280004 25280004,25280005 25280003
wave 99999 99999 25280015 25280015,25280016 25280014
wave 99999 99999 25290004 25290004,25290005 25290003
wave 99999 99999 25290055 25290055,25290056 25290054
wave 99999 99999 25300004 25300004,25300005 25300003
wave 99999 99999 25300036 25300036,25300037 25300035
wave 99999 99999 25310004 25310004,25310005 25310003
wave 99999 99999 25310015 25310015,25310016 25310014
wave 99999 99999 25320004 25320004,25320005 25320003
wave 99999 99999 25320015 25320015,25320016 25320014
wave 99999 99999 25330004 25330004,25330005 25330003
wave 99999 99999 25330031 25330031,25330032 25330030
wave 99999 99999 25340004 25340004,25340005 25340003
wave 99999 99999 25340074 25340074,25340075 25340073
wave 99999 99999 25350004 25350004,25350005 25350003
wave 99999 99999 25350066 25350066,25350067 25350065
wave 99999 99999 25360004 25360004,25360005 25360003
wave 99999 99999 25360044 25360044,25360045 25360043
wave 99999 99999 25370004 25370004,25370005 25370003
wave 99999 99999 25370057 25370057,25370058 25370056
wave 99999 99999 25380004 25380004,25380005 25380003
wave 99999 99999 25380053 25380053,25380054 25380052
wave 99999 99999 25390003 25390003,25390004 25390002
wave 99999 99999 25390107 25390107,25390108 25390106
wave 99999 99999 25400003 25400003,25400004 25400002
wave 99999 99999 25400055 25400055,25400056 25400054
wave 99999 99999 25410004 25410004,25410005 25410003
wave 99999 99999 25410053 25410053,25410054 25410052
wave 99999 99999 25420004 25420004,25420005 25420003
wave 99999 99999 25420048 25420048,25420049 25420047
wave 99999 99999 25430004 25430004,25430005 25430003
wave 99999 99999 25430015 25430015,25430016 25430014
wave 99999 99999 25440004 25440004,25440005 25440003
wave 99999 99999 25440015 25440015,25440016 25440014
wave 99999 99999 25450004 25450004,25450005 25450003
wave 99999 99999 25450104 25450104,25450105 25450103
wave 99999 99999 25460004 25460004,25460005 25460003
wave 99999 99999 25460091 25460091,25460092 25460090
wave 99999 99999 25470004 25470004,25470005 25470003
wave 99999 99999 25470032 25470032,25470033 25470031
wave 99999 99999 25480004 25480004,25480005 25480003
wave 99999 99999 25480026 25480026,25480027 25480025
wave 99999 99999 25490004 25490004,25490005 25490003
wave 99999 99999 25490084 25490084,25490085 25490083
wave 99999 99999 25500004 25500004,25500005 25500003
wave 99999 99999 25500055 25500055,25500056 25500054
wave 99999 99999 25510004 25510004,25510005 25510003
wave 99999 99999 25510060 25510060,25510061 25510059
wave 99999 99999 25520004 25520004,25520005 25520003
wave 99999 99999 25520081 25520081,25520082 25520080
wave 99999 99999 25530004 25530004,25530005 25530003
wave 99999 99999 25530115 25530115,25530116 25530114
wave 99999 99999 25540004 25540004,25540005 25540003
wave 99999 99999 25540111 25540111,25540112 25540110
wave 99999 99999 25550004 25550004,25550005 25550003
wave 99999 99999 25550110 25550110,25550111 25550109
wave 99999 99999 25560004 25560004,25560005 25560003
lsf 99999 99999 25560065 25560065 25560054
lsf 99999 99999 25560066 25560066 25560054
lsf 99999 99999 25560067 25560067 25560069
lsf 99999 99999 25560068 25560068 25560069
wave 99999 99999 25560120 25560120,25560121 25560119
wave 99999 99999 25570004 25570004,25570005 25570003
wave 99999 99999 25570098 25570098,25570099 25570097
wave 99999 99999 25580004 25580004,25580005 25580003
wave 99999 99999 25580104 25580104,25580105 25580103
wave 99999 99999 25590004 25590004,25590005 25590003
wave 99999 99999 25590104 25590104,25590105 25590103
wave 99999 99999 25600004 25600004,25600005 25600003
wave 99999 99999 25600069 25600069,25600070 25600068
wave 99999 99999 25610004 25610004,25610005 25610003
wave 99999 99999 25610083 25610083,25610084 25610082
wave 99999 99999 25620004 25620004,25620005 25620003
wave 99999 99999 25620074 25620074,25620075 25620073
wave 99999 99999 25630004 25630004,25630005 25630003
wave 99999 99999 25640004 25640004,25640005 25640003
wave 99999 99999 25640050 25640050,25640051 25640049
wave 99999 99999 25650004 25650004,25650005 25650003
wave 99999 99999 25650040 25650040,25650041 25650039
wave 99999 99999 25660004 25660004,25660005 25660003
wave 99999 99999 25660015 25660015,25660016 25660014
wave 99999 99999 25670004 25670004,25670005 25670003
wave 99999 99999 25670015 25670015,25670016 25670014
wave 99999 99999 25680004 25680004,25680005 25680003
wave 99999 99999 25680037 25680037,25680038 25680036
wave 99999 99999 25690004 25690004,25690005 25690003
wave 99999 99999 25690015 25690015,25690016 25690014
wave 99999 99999 25700004 25700004,25700005 25700003
wave 99999 99999 25700026 25700026,25700027 25700025
wave 99999 99999 25710004 25710004,25710005 25710003
wave 99999 99999 25710038 25710038,25710039 25710037
wave 99999 99999 25720004 25720004,25720005 25720003
wave 99999 99999 25720015 25720015,25720016 25720014
wave 99999 99999 25730004 25730004,25730005 25730003
wave 99999 99999 25730027 25730027,25730028 25730026
wave 99999 99999 25740004 25740004,25740005 25740003
wave 99999 99999 25740030 25740030,25740031 25740029
wave 99999 99999 25750004 25750004,25750005 25750003
wave 99999 99999 25750028 25750028,25750029 25750027
wave 99999 99999 25760004 25760004,25760005 25760003
wave 99999 99999 25760037 25760037,25760038 25760036
wave 99999 99999 25770004 25770004,25770005 25770003
wave 99999 99999 25770021 25770021,25770022 25770020
wave 99999 99999 25780005 25780005,25780006 25780004
wave 99999 99999 25780053 25780053,25780054 25780052
wave 99999 99999 25790004 25790004,25790005 25790003
wave 99999 99999 25790017 25790017,25790018 25790016
wave 99999 99999 25800004 25800004,25800005 25800003
wave 99999 99999 25800037 25800037,25800038 25800036
wave 99999 99999 25810005 25810005,25810006 25810004
wave 99999 99999 25810073 25810073,25810074 25810072
wave 99999 99999 25820004 25820004,25820005 25820003
wave 99999 99999 25820070 25820070,25820071 25820069
wave 99999 99999 25830004 25830004,25830005 25830003
wave 99999 99999 25830084 25830084,25830085 25830083
wave 99999 99999 25840004 25840004,25840005 25840003
lsf 99999 99999 25840030 25840030 25840019
lsf 99999 99999 25840031 25840031 25840019
lsf 99999 99999 25840032 25840032 25840034
lsf 99999 99999 25840033 25840033 25840034
wave 99999 99999 25840084 25840084,25840085 25840083
wave 99999 99999 25850004 25850004,25850005 25850003
wave 99999 99999 25850112 25850112,25850113 25850111
wave 99999 99999 25860004 25860004,25860005 25860003
wave 99999 99999 25860105 25860105,25860106 25860104
wave 99999 99999 25870011 25870011,25870012 25870010
wave 99999 99999 25870116 25870116,25870117 25870115
wave 99999 99999 25880004 25880004,25880005 25880003
wave 99999 99999 25880109 25880109,25880110 25880108
wave 99999 99999 25890006 25890006,25890007 25890005
wave 99999 99999 25890082 25890082,25890083 25890081
wave 99999 99999 25900004 25900004,25900005 25900003
wave 99999 99999 25900080 25900080,25900081 25900079
wave 99999 99999 25910004 25910004,25910005 25910003
wave 99999 99999 25910075 25910075,25910076 25910074
wave 99999 99999 25920004 25920004,25920005 25920003
wave 99999 99999 25920064 25920064,25920065 25920063
wave 99999 99999 25930004 25930004,25930005 25930003
wave 99999 99999 25930100 25930100,25930101 25930099
wave 99999 99999 25940004 25940004,25940005 25940003
wave 99999 99999 25940050 25940050,25940051 25940049
wave 99999 99999 25950004 25950004,25950005 25950003
lsf 99999 99999 25950042 25950042 25950001
lsf 99999 99999 25950043 25950043 25950001
lsf 99999 99999 25950044 25950044 25950046
lsf 99999 99999 25950045 25950045 25950046
wave 99999 99999 25950071 25950071,25950072 25950070
wave 99999 99999 25960004 25960004,25960005 25960003
wave 99999 99999 25960094 25960094,25960095 25960093
wave 99999 99999 25970004 25970004,25970005 25970003
wave 99999 99999 25970067 25970067,25970068 25970066
wave 99999 99999 25980004 25980004,25980005 25980003
wave 99999 99999 25980015 25980015,25980016 25980014
wave 99999 99999 25990004 25990004,25990005 25990003
wave 99999 99999 25990015 25990015,25990016 25990014
wave 99999 99999 26000004 26000004,26000005 26000003
wave 99999 99999 26000037 26000037,26000038 26000036
wave 99999 99999 26010004 26010004,26010005 26010003
wave 99999 99999 26010015 26010015,26010016 26010014
wave 99999 99999 26020004 26020004,26020005 26020003
wave 99999 99999 26020015 26020015,26020016 26020014
wave 99999 99999 26030003 26030003,26030004 26030002
wave 99999 99999 26030014 26030014,26030015 26030013
wave 99999 99999 26040004 26040004,26040005 26040003
wave 99999 99999 26040015 26040015,26040016 26040014
wave 99999 99999 26050004 26050004,26050005 26050003
wave 99999 99999 26050015 26050015,26050016 26050014
wave 99999 99999 26060004 26060004,26060005 26060003
wave 99999 99999 26060015 26060015,26060016 26060014
wave 99999 99999 26070004 26070004,26070005 26070003
wave 99999 99999 26070015 26070015,26070016 26070014
wave 99999 99999 26080004 26080004,26080005 26080003
wave 99999 99999 26080056 26080056,26080057 26080055
wave 99999 99999 26090004 26090004,26090005 26090003
wave 99999 99999 26090077 26090077,26090078 26090076
wave 99999 99999 26100004 26100004,26100005 26100003
wave 99999 99999 26100057 26100057,26100058 26100056
wave 99999 99999 26110004 26110004,26110005 26110003
wave 99999 99999 26110038 26110038,26110039 26110037
wave 99999 99999 26120004 26120004,26120005 26120003
wave 99999 99999 26120061 26120061,26120062 26120060
wave 99999 99999 26130004 26130004,26130005 26130003
wave 99999 99999 26130089 26130089,26130090 26130088
wave 99999 99999 26140004 26140004,26140005 26140003
wave 99999 99999 26140105 26140105,26140106 26140104
wave 99999 99999 26150004 26150004,26150005 26150003
wave 99999 99999 26150015 26150015,26150016 26150014
wave 99999 99999 26160004 26160004,26160005 26160003
wave 99999 99999 26160032 26160032,26160033 26160031
wave 99999 99999 26170004 26170004,26170005 26170003
wave 99999 99999 26170101 26170101,26170102 26170100
wave 99999 99999 26180004 26180004,26180005 26180003
wave 99999 99999 26180096 26180096,26180097 26180095
wave 99999 99999 26190003 26190003,26190004 26190002
lsf 99999 99999 26190080 26190080 26190069
lsf 99999 99999 26190081 26190081 26190069
lsf 99999 99999 26190082 26190082 26190084
lsf 99999 99999 26190083 26190083 26190084
wave 99999 99999 26190104 26190104,26190105 26190103
wave 99999 99999 26200004 26200004,26200005 26200003
wave 99999 99999 26200100 26200100,26200101 26200099
wave 99999 99999 26210003 26210003,26210004 26210002
wave 99999 99999 26210102 26210102,26210103 26210101
wave 99999 99999 26220004 26220004,26220005 26220003
wave 99999 99999 26220100 26220100,26220101 26220099
wave 99999 99999 26230004 26230004,26230005 26230003
wave 99999 99999 26230026 26230026,26230027 26230025
wave 99999 99999 26240004 26240004,26240005 26240003
wave 99999 99999 26240096 26240096,26240097 26240095
wave 99999 99999 26250004 26250004,26250005 26250003
wave 99999 99999 26250101 26250101,26250102 26250100
wave 99999 99999 26260004 26260004,26260005 26260003
wave 99999 99999 26260015 26260015,26260016 26260014
wave 99999 99999 26270004 26270004,26270005 26270003
wave 99999 99999 26270015 26270015,26270016 26270014
wave 99999 99999 26280004 26280004,26280005 26280003
wave 99999 99999 26280099 26280099,26280100 26280098
wave 99999 99999 26290003 26290003,26290004 26290002
wave 99999 99999 26290101 26290101,26290102 26290100
wave 99999 99999 26300004 26300004,26300005 26300003
wave 99999 99999 26300024 26300024,26300025 26300023
wave 99999 99999 26310003 26310003,26310004 26310002
wave 99999 99999 26310085 26310085,26310086 26310084
wave 99999 99999 26320004 26320004,26320005 26320003
wave 99999 99999 26320026 26320026,26320027 26320025
wave 99999 99999 26330004 26330004,26330005 26330003
wave 99999 99999 26330015 26330015,26330016 26330014
wave 99999 99999 26340004 26340004,26340005 26340003
wave 99999 99999 26340041 26340041,26340042 26340040
wave 99999 99999 26350004 26350004,26350005 26350003
wave 99999 99999 26350105 26350105,26350106 26350104
wave 99999 99999 26360004 26360004,26360005 26360003
wave 99999 99999 26360100 26360100,26360101 26360099
wave 99999 99999 26370004 26370004,26370005 26370003
wave 99999 99999 26370048 26370048,26370049 26370047
wave 99999 99999 26380004 26380004,26380005 26380003
wave 99999 99999 26380045 26380045,26380046 26380044
wave 99999 99999 26390004 26390004,26390005 26390003
wave 99999 99999 26390093 26390093,26390094 26390092
wave 99999 99999 26400004 26400004,26400005 26400003
wave 99999 99999 26400015 26400015,26400016 26400014
wave 99999 99999 26410004 26410004,26410005 26410003
wave 99999 99999 26410015 26410015,26410016 26410014
wave 99999 99999 26420004 26420004,26420005 26420003
wave 99999 99999 26420015 26420015,26420016 26420014
wave 99999 99999 26430004 26430004,26430005 26430003
wave 99999 99999 26430086 26430086,26430087 26430085
wave 99999 99999 26440004 26440004,26440005 26440003
wave 99999 99999 26440098 26440098,26440099 26440097
wave 99999 99999 26450005 26450005,26450006 26450004
wave 99999 99999 26450016 26450016,26450017 26450015
wave 99999 99999 26460004 26460004,26460005 26460003
wave 99999 99999 26460064 26460064,26460065 26460063
wave 99999 99999 26470004 26470004,26470005 26470003
wave 99999 99999 26470076 26470076,26470077 26470075
wave 99999 99999 26480004 26480004,26480005 26480003
wave 99999 99999 26480072 26480072,26480073 26480071
wave 99999 99999 26490004 26490004,26490005 26490003
wave 99999 99999 26490094 26490094,26490095 26490093
wave 99999 99999 26500004 26500004,26500005 26500003
lsf 99999 99999 26500050 26500050 26500039
lsf 99999 99999 26500051 26500051 26500039
lsf 99999 99999 26500052 26500052 26500054
lsf 99999 99999 26500053 26500053 26500054
lsf 99999 99999 26500055 26500055 26500057
lsf 99999 99999 26500056 26500056 26500057
wave 99999 99999 26500077 26500077,26500078 26500076
wave 99999 99999 26510004 26510004,26510005 26510003
wave 99999 99999 26510085 26510085,26510086 26510084
wave 99999 99999 26520004 26520004,26520005 26520003
wave 99999 99999 26520094 26520094,26520095 26520093
wave 99999 99999 26530004 26530004,26530005 26530003
wave 99999 99999 26530096 26530096,26530097 26530095
wave 99999 99999 26540004 26540004,26540005 26540003
wave 99999 99999 26540073 26540073,26540074 26540072
wave 99999 99999 26550004 26550004,26550005 26550003
wave 99999 99999 26550066 26550066,26550067 26550065
wave 99999 99999 26560004 26560004,26560005 26560003
wave 99999 99999 26560044 26560044,26560045 26560043
wave 99999 99999 26570004 26570004,26570005 26570003
wave 99999 99999 26570055 26570055,26570056 26570054
wave 99999 99999 26580004 26580004,26580005 26580003
wave 99999 99999 26580035 26580035,26580036 26580034
wave 99999 99999 26590003 26590003,26590004 26590002
wave 99999 99999 26590014 26590014,26590015 26590013
wave 99999 99999 26600004 26600004,26600005 26600003
wave 99999 99999 26600074 26600074,26600075 26600073
wave 99999 99999 26610004 26610004,26610005 26610003
wave 99999 99999 26610082 26610082,26610083 26610081
wave 99999 99999 26620004 26620004,26620005 26620003
wave 99999 99999 26620090 26620090,26620091 26620089
wave 99999 99999 26630004 26630004,26630005 26630003
wave 99999 99999 26630042 26630042,26630043 26630041
wave 99999 99999 26640004 26640004,26640005 26640003
wave 99999 99999 26640040 26640040,26640041 26640039
wave 99999 99999 26650004 26650004,26650005 26650003
wave 99999 99999 26650079 26650079,26650080 26650078
wave 99999 99999 26660004 26660004,26660005 26660003
wave 99999 99999 26660015 26660015,26660016 26660014
wave 99999 99999 26670004 26670004,26670005 26670003
wave 99999 99999 26670016 26670016,26670017 26670015
wave 99999 99999 26680004 26680004,26680005 26680003
wave 99999 99999 26680061 26680061,26680062 26680060
wave 99999 99999 26690003 26690003,26690004 26690002
wave 99999 99999 26690069 26690069,26690070 26690068
wave 99999 99999 26700004 26700004,26700005 26700003
wave 99999 99999 26700086 26700086,26700087 26700085
wave 99999 99999 26710003 26710003,26710004 26710002
wave 99999 99999 26710080 26710080,26710081 26710079
wave 99999 99999 26720004 26720004,26720005 26720003
wave 99999 99999 26720078 26720078,26720079 26720077
wave 99999 99999 26730003 26730003,26730004 26730002
wave 99999 99999 26730014 26730014,26730015 26730013
wave 99999 99999 26740004 26740004,26740005 26740003
wave 99999 99999 26740033 26740033,26740034 26740032
wave 99999 99999 26750004 26750004,26750005 26750003
wave 99999 99999 26750034 26750034,26750035 26750033
wave 99999 99999 26760004 26760004,26760005 26760003
wave 99999 99999 26760082 26760082,26760083 26760081
wave 99999 99999 26770004 26770004,26770005 26770003
wave 99999 99999 26770015 26770015,26770016 26770014
wave 99999 99999 26780004 26780004,26780005 26780003
wave 99999 99999 26780036 26780036,26780037 26780035
wave 99999 99999 26790004 26790004,26790005 26790003
wave 99999 99999 26790055 26790055,26790056 26790054
wave 99999 99999 26800004 26800004,26800005 26800003
wave 99999 99999 26800071 26800071,26800072 26800070
wave 99999 99999 26810004 26810004,26810005 26810003
wave 99999 99999 26810079 26810079,26810080 26810078
wave 99999 99999 26820004 26820004,26820005 26820003
lsf 99999 99999 26820046 26820046 26820039
lsf 99999 99999 26820047 26820047 26820039
lsf 99999 99999 26820048 26820048 26820050
lsf 99999 99999 26820049 26820049 26820050
wave 99999 99999 26820073 26820073,26820074 26820072
wave 99999 99999 26830004 26830004,26830005 26830003
wave 99999 99999 26830061 26830061,26830062 26830060
wave 99999 99999 26840004 26840004,26840005 26840003
wave 99999 99999 26840022 26840022,26840023 26840021
wave 99999 99999 26850004 26850004,26850005 26850003
wave 99999 99999 26850080 26850080,26850081 26850079
wave 99999 99999 26860004 26860004,26860005 26860003
wave 99999 99999 26860049 26860049,26860050 26860048
wave 99999 99999 26870058 26870058,26870059 26870057
wave 99999 99999 26880004 26880004,26880005 26880003
wave 99999 99999 26880069 26880069,26880070 26880068
wave 99999 99999 26890004 26890004,26890005 26890003
wave 99999 99999 26890054 26890054,26890055 26890053
wave 99999 99999 26900004 26900004,26900005 26900003
wave 99999 99999 26900063 26900063,26900064 26900062
wave 99999 99999 26910004 26910004,26910005 26910003
wave 99999 99999 26910063 26910063,26910064 26910062
wave 99999 99999 26920004 26920004,26920005 26920003
wave 99999 99999 26920061 26920061,26920062 26920060
wave 99999 99999 26930004 26930004,26930005 26930003
wave 99999 99999 26930056 26930056,26930057 26930055
wave 99999 99999 26940003 26940003,26940004 26940002
wave 99999 99999 26940066 26940066,26940067 26940065
wave 99999 99999 26950004 26950004,26950005 26950003
wave 99999 99999 26950082 26950082,26950083 26950081
wave 99999 99999 26960003 26960003,26960004 26960002
wave 99999 99999 26960050 26960050,26960051 26960049
wave 99999 99999 26970004 26970004,26970005 26970003
wave 99999 99999 26970015 26970015,26970016 26970014
wave 99999 99999 26980004 26980004,26980005 26980003
wave 99999 99999 26980015 26980015,26980016 26980014
wave 99999 99999 26990004 26990004,26990005 26990003
wave 99999 99999 26990043 26990043,26990044 26990042
wave 99999 99999 27000004 27000004,27000005 27000003
wave 99999 99999 27000083 27000083,27000084 27000082
wave 99999 99999 27010004 27010004,27010005 27010003
wave 99999 99999 27010075 27010075,27010076 27010074
wave 99999 99999 27020004 27020004,27020005 27020003
wave 99999 99999 27020061 27020061,27020062 27020060
wave 99999 99999 27030004 27030004,27030005 27030003
wave 99999 99999 27030040 27030040,27030041 27030039
wave 99999 99999 27040004 27040004,27040005 27040003
wave 99999 99999 27040071 27040071,27040072 27040070
wave 99999 99999 27050004 27050004,27050005 27050003
wave 99999 99999 27050066 27050066,27050067 27050065
wave 99999 99999 27060004 27060004,27060005 27060003
wave 99999 99999 27060059 27060059,27060060 27060058
wave 99999 99999 27070003 27070003,27070004 27070002
wave 99999 99999 27070061 27070061,27070062 27070060
wave 99999 99999 27080004 27080004,27080005 27080003
wave 99999 99999 27080063 27080063,27080064 27080062
wave 99999 99999 27090003 27090003,27090004 27090002
wave 99999 99999 27090041 27090041,27090042 27090040
wave 99999 99999 27100004 27100004,27100005 27100003
wave 99999 99999 27100015 27100015,27100016 27100014
wave 99999 99999 27110004 27110004,27110005 27110003
wave 99999 99999 27110036 27110036,27110037 27110035
wave 99999 99999 27120005 27120005,27120006 27120004
wave 99999 99999 27120033 27120033,27120034 27120032
wave 99999 99999 27130004 27130004,27130005 27130003
wave 99999 99999 27130015 27130015,27130016 27130014
wave 99999 99999 27140004 27140004,27140005 27140003
wave 99999 99999 27140024 27140024,27140025 27140023
wave 99999 99999 27150004 27150004,27150005 27150003
wave 99999 99999 27150059 27150059,27150060 27150058
wave 99999 99999 27160004 27160004,27160005 27160003
wave 99999 99999 27160015 27160015,27160016 27160014
wave 99999 99999 27170004 27170004,27170005 27170003
wave 99999 99999 27170015 27170015,27170016 27170014
wave 99999 99999 27180004 27180004,27180005 27180003
wave 99999 99999 27180060 27180060,27180061 27180059
wave 99999 99999 27190004 27190004,27190005 27190003
wave 99999 99999 27190067 27190067,27190068 27190066
wave 99999 99999 27200004 27200004,27200005 27200003
wave 99999 99999 27200062 27200062,27200063 27200061
wave 99999 99999 27210003 27210003,27210004 27210002
wave 99999 99999 27210044 27210044,27210045 27210043
wave 99999 99999 27220004 27220004,27220005 27220003
wave 99999 99999 27220022 27220022,27220023 27220021
wave 99999 99999 27230003 27230003,27230004 27230002
wave 99999 99999 27230014 27230014,27230015 27230013
wave 99999 99999 27240004 27240004,27240005 27240003
wave 99999 99999 27240015 27240015,27240016 27240014
wave 99999 99999 27250004 27250004,27250005 27250003
wave 99999 99999 27250057 27250057,27250058 27250056
wave 99999 99999 27260004 27260004,27260005 27260003
wave 99999 99999 27260057 27260057,27260058 27260056
wave 99999 99999 27270004 27270004,27270005 27270003
wave 99999 99999 27270048 27270048,27270049 27270047
wave 99999 99999 27280004 27280004,27280005 27280003
wave 99999 99999 27280083 27280083,27280084 27280082
wave 99999 99999 27290005 27290005,27290006 27290004
wave 99999 99999 27290075 27290075,27290076 27290074
wave 99999 99999 27300004 27300004,27300005 27300003
wave 99999 99999 27300064 27300064,27300065 27300063
wave 99999 99999 27310004 27310004,27310005 27310003
wave 99999 99999 27310075 27310075,27310076 27310074
wave 99999 99999 27320004 27320004,27320005 27320003
lsf 99999 99999 27320015 27320015 27320001
lsf 99999 99999 27320016 27320016 27320001
lsf 99999 99999 27320017 27320017 27320019
lsf 99999 99999 27320018 27320018 27320019
wave 99999 99999 27320075 27320075,27320076 27320074
wave 99999 99999 27330004 27330004,27330005 27330003
wave 99999 99999 27330076 27330076,27330077 27330075
wave 99999 99999 27340004 27340004,27340005 27340003
wave 99999 99999 27340045 27340045,27340046 27340044
wave 99999 99999 27350004 27350004,27350005 27350003
wave 99999 99999 27350056 27350056,27350057 27350055
wave 99999 99999 27360050 27360050,27360051 27360049
wave 99999 99999 27370004 27370004,27370005 27370003
wave 99999 99999 27370015 27370015,27370016 27370014
wave 99999 99999 27380003 27380003,27380004 27380002
wave 99999 99999 27380080 27380080,27380081 27380079
wave 99999 99999 27390004 27390004,27390005 27390003
wave 99999 99999 27390065 27390065,27390066 27390064
multiwave 99999 99999 24300000 24300003,24300004,24330005,24330006,24330016,24330017,24340007,24340008,24340048,24340049,24350004,24350005,24360003,24360004,24360014,24360015,24370004,24370005,24370015,24370016
multiwave 99999 99999 24380000 24380003,24380004,24380014,24380015,24390004,24390005,24390015,24390016,24390031,24390032,24400004,24400005,24400070,24400071,24410004,24410005,24420004,24420005,24420042,24420043
multiwave 99999 99999 24430000 24430004,24430005,24430022,24430023,24440004,24440005,24440042,24440043,24450004,24450005,24450097,24450098,24460004,24460005,24460092,24460093,24470004,24470005,24470094,24470095
multiwave 99999 99999 24480000 24480004,24480005,24480057,24480058,24490004,24490005,24490026,24490027,24500006,24500007,24500021,24500022,24510004,24510005,24510055,24510056,24520004,24520005,24520063,24520064
multiwave 99999 99999 24530000 24530007,24530008,24530048,24530049,24550013,24550014,24550081,24550082,24560004,24560005,24560044,24560045,24570004,24570005,24570015,24570016,24580004,24580005,24590004,24590005
multiwave 99999 99999 24590000 24590037,24590038,24600004,24600005,24600073,24600074,24610004,24610005,24610015,24610016,24620004,24620005,24620015,24620016,24630004,24630005,24630015,24630016,24640004,24640005
multiwave 99999 99999 24640000 24640015,24640016,24650004,24650005,24650015,24650016,24660004,24660005,24660077,24660078,24670004,24670005,24670087,24670088,24680004,24680005,24680026,24680027,24690004,24690005
multiwave 99999 99999 24690000 24690015,24690016,24700004,24700005,24700026,24700027,24710004,24710005,24710091,24710092,24720003,24720004,24720010,24720011,24720046,24720047,24730004,24730005,24730015,24730016
multiwave 99999 99999 24740000 24740003,24740004,24740057,24740058,24750004,24750005,24750072,24750073,24760004,24760005,24760048,24760049,24770004,24770005,24770084,24770085,24780003,24780004,24790004,24790005
multiwave 99999 99999 24790000 24790080,24790081,24800004,24800005,24810004,24810005,24810083,24810084,24820004,24820005,24820055,24820056,24830004,24830005,24830068,24830069,24840004,24840005,24840040,24840041
multiwave 99999 99999 24850000 24850005,24850006,24850075,24850076,24860004,24860005,24860074,24860075,24870004,24870005,24870061,24870062,24880005,24880006,24880082,24880083,24890005,24890006,24890090,24890091
multiwave 99999 99999 24900000 24900004,24900005,24900076,24900077,24910004,24910005,24910041,24910042,24920005,24920006,24920096,24920097,24930004,24930005,24930070,24930071,24940003,24940004,24940076,24940077
multiwave 99999 99999 24950000 24950004,24950005,24950047,24950048,24960004,24960005,24960072,24960073,24970004,24970005,24970098,24970099,24980005,24980006,24980105,24980106,24990004,24990005,24990102,24990103
multiwave 99999 99999 25000000 25000004,25000005,25000015,25000016,25010015,25010016,25010120,25010121,25020005,25020006,25020065,25020066,25030004,25030005,25030015,25030016,25040004,25040005,25040017,25040018
multiwave 99999 99999 25050000 25050004,25050005,25050067,25050068,25060004,25060005,25060059,25060060,25070004,25070005,25070074,25070075,25080003,25080004,25080058,25080059,25090004,25090005,25090048,25090049
multiwave 99999 99999 25100000 25100003,25100004,25100052,25100053,25110004,25110005,25110058,25110059,25120004,25120005,25120058,25120059,25130004,25130005,25130045,25130046,25140004,25140005,25140083,25140084
multiwave 99999 99999 25150000 25150004,25150005,25150059,25150060,25160004,25160005,25160026,25160027,25170004,25170005,25170060,25170061,25180004,25180005,25180058,25180059,25190004,25190005,25190059,25190060
multiwave 99999 99999 25200000 25200004,25200005,25200058,25200059,25210004,25210005,25210060,25210061,25220004,25220005,25220068,25220069,25230004,25230005,25230070,25230071,25240004,25240005,25240068,25240069
multiwave 99999 99999 25250000 25250004,25250005,25250090,25250091,25260004,25260005,25260035,25260036,25270003,25270004,25270076,25270077,25280004,25280005,25280015,25280016,25290004,25290005,25290055,25290056
multiwave 99999 99999 25300000 25300004,25300005,25300036,25300037,25310004,25310005,25310015,25310016,25320004,25320005,25320015,25320016,25330004,25330005,25330031,25330032,25340004,25340005,25340074,25340075
multiwave 99999 99999 25350000 25350004,25350005,25350066,25350067,25360004,25360005,25360044,25360045,25370004,25370005,25370057,25370058,25380004,25380005,25380053,25380054,25390003,25390004,25390107,25390108
multiwave 99999 99999 25400000 25400003,25400004,25400055,25400056,25410004,25410005,25410053,25410054,25420004,25420005,25420048,25420049,25430004,25430005,25430015,25430016,25440004,25440005,25440015,25440016
multiwave 99999 99999 25450000 25450004,25450005,25450104,25450105,25460004,25460005,25460091,25460092,25470004,25470005,25470032,25470033,25480004,25480005,25480026,25480027,25490004,25490005,25490084,25490085
multiwave 99999 99999 25500000 25500004,25500005,25500055,25500056,25510004,25510005,25510060,25510061,25520004,25520005,25520081,25520082,25530004,25530005,25530115,25530116,25540004,25540005,25540111,25540112
multiwave 99999 99999 25550000 25550004,25550005,25550110,25550111,25560004,25560005,25560120,25560121,25570004,25570005,25570098,25570099,25580004,25580005,25580104,25580105,25590004,25590005,25590104,25590105
multiwave 99999 99999 25600000 25600004,25600005,25600069,25600070,25610004,25610005,25610083,25610084,25620004,25620005,25620074,25620075,25630004,25630005,25640004,25640005,25640050,25640051,25650004,25650005
multiwave 99999 99999 25650000 25650040,25650041,25660004,25660005,25660015,25660016,25670004,25670005,25670015,25670016,25680004,25680005,25680037,25680038,25690004,25690005,25690015,25690016,25700004,25700005
multiwave 99999 99999 25700000 25700026,25700027,25710004,25710005,25710038,25710039,25720004,25720005,25720015,25720016,25730004,25730005,25730027,25730028,25740004,25740005,25740030,25740031,25750004,25750005
multiwave 99999 99999 25750000 25750028,25750029,25760004,25760005,25760037,25760038,25770004,25770005,25770021,25770022,25780005,25780006,25780053,25780054,25790004,25790005,25790017,25790018,25800004,25800005
multiwave 99999 99999 25800000 25800037,25800038,25810005,25810006,25810073,25810074,25820004,25820005,25820070,25820071,25830004,25830005,25830084,25830085,25840004,25840005,25840084,25840085,25850004,25850005
multiwave 99999 99999 25850000 25850112,25850113,25860004,25860005,25860105,25860106,25870011,25870012,25870116,25870117,25880004,25880005,25880109,25880110,25890006,25890007,25890082,25890083,25900004,25900005
multiwave 99999 99999 25900000 25900080,25900081,25910004,25910005,25910075,25910076,25920004,25920005,25920064,25920065,25930004,25930005,25930100,25930101,25940004,25940005,25940050,25940051,25950004,25950005
multiwave 99999 99999 25950000 25950071,25950072,25960004,25960005,25960094,25960095,25970004,25970005,25970067,25970068,25980004,25980005,25980015,25980016,25990004,25990005,25990015,25990016,26000004,26000005
multiwave 99999 99999 26000000 26000037,26000038,26010004,26010005,26010015,26010016,26020004,26020005,26020015,26020016,26030003,26030004,26030014,26030015,26040004,26040005,26040015,26040016,26050004,26050005
multiwave 99999 99999 26050000 26050015,26050016,26060004,26060005,26060015,26060016,26070004,26070005,26070015,26070016,26080004,26080005,26080056,26080057,26090004,26090005,26090077,26090078,26100004,26100005
multiwave 99999 99999 26100000 26100057,26100058,26110004,26110005,26110038,26110039,26120004,26120005,26120061,26120062,26130004,26130005,26130089,26130090,26140004,26140005,26140105,26140106,26150004,26150005
multiwave 99999 99999 26150000 26150015,26150016,26160004,26160005,26160032,26160033,26170004,26170005,26170101,26170102,26180004,26180005,26180096,26180097,26190003,26190004,26190104,26190105,26200004,26200005
multiwave 99999 99999 26200000 26200100,26200101,26210003,26210004,26210102,26210103,26220004,26220005,26220100,26220101,26230004,26230005,26230026,26230027,26240004,26240005,26240096,26240097,26250004,26250005
multiwave 99999 99999 26250000 26250101,26250102,26260004,26260005,26260015,26260016,26270004,26270005,26270015,26270016,26280004,26280005,26280099,26280100,26290003,26290004,26290101,26290102,26300004,26300005
multiwave 99999 99999 26300000 26300024,26300025,26310003,26310004,26310085,26310086,26320004,26320005,26320026,26320027,26330004,26330005,26330015,26330016,26340004,26340005,26340041,26340042,26350004,26350005
multiwave 99999 99999 26350000 26350105,26350106,26360004,26360005,26360100,26360101,26370004,26370005,26370048,26370049,26380004,26380005,26380045,26380046,26390004,26390005,26390093,26390094,26400004,26400005
multiwave 99999 99999 26400000 26400015,26400016,26410004,26410005,26410015,26410016,26420004,26420005,26420015,26420016,26430004,26430005,26430086,26430087,26440004,26440005,26440098,26440099,26450005,26450006
multiwave 99999 99999 26450000 26450016,26450017,26460004,26460005,26460064,26460065,26470004,26470005,26470076,26470077,26480004,26480005,26480072,26480073,26490004,26490005,26490094,26490095,26500004,26500005
multiwave 99999 99999 26500000 26500077,26500078,26510004,26510005,26510085,26510086,26520004,26520005,26520094,26520095,26530004,26530005,26530096,26530097,26540004,26540005,26540073,26540074,26550004,26550005
multiwave 99999 99999 26550000 26550066,26550067,26560004,26560005,26560044,26560045,26570004,26570005,26570055,26570056,26580004,26580005,26580035,26580036,26590003,26590004,26590014,26590015,26600004,26600005
multiwave 99999 99999 26600000 26600074,26600075,26610004,26610005,26610082,26610083,26620004,26620005,26620090,26620091,26630004,26630005,26630042,26630043,26640004,26640005,26640040,26640041,26650004,26650005
multiwave 99999 99999 26650000 26650079,26650080,26660004,26660005,26660015,26660016,26670004,26670005,26670016,26670017,26680004,26680005,26680061,26680062,26690003,26690004,26690069,26690070,26700004,26700005
multiwave 99999 99999 26700000 26700086,26700087,26710003,26710004,26710080,26710081,26720004,26720005,26720078,26720079,26730003,26730004,26730014,26730015,26740004,26740005,26740033,26740034,26750004,26750005
multiwave 99999 99999 26750000 26750034,26750035,26760004,26760005,26760082,26760083,26770004,26770005,26770015,26770016,26780004,26780005,26780036,26780037,26790004,26790005,26790055,26790056,26800004,26800005
multiwave 99999 99999 26800000 26800071,26800072,26810004,26810005,26810079,26810080,26820004,26820005,26820073,26820074,26830004,26830005,26830061,26830062,26840004,26840005,26840022,26840023,26850004,26850005
multiwave 99999 99999 26850000 26850080,26850081,26860004,26860005,26860049,26860050,26870058,26870059,26880004,26880005,26880069,26880070,26890004,26890005,26890054,26890055,26900004,26900005,26900063,26900064
multiwave 99999 99999 26910000 26910004,26910005,26910063,26910064,26920004,26920005,26920061,26920062,26930004,26930005,26930056,26930057,26940003,26940004,26940066,26940067,26950004,26950005,26950082,26950083
multiwave 99999 99999 26960000 26960003,26960004,26960050,26960051,26970004,26970005,26970015,26970016,26980004,26980005,26980015,26980016,26990004,26990005,26990043,26990044,27000004,27000005,27000083,27000084
multiwave 99999 99999 27010000 27010004,27010005,27010075,27010076,27020004,27020005,27020061,27020062,27030004,27030005,27030040,27030041,27040004,27040005,27040071,27040072,27050004,27050005,27050066,27050067
multiwave 99999 99999 27060000 27060004,27060005,27060059,27060060,27070003,27070004,27070061,27070062,27080004,27080005,27080063,27080064,27090003,27090004,27090041,27090042,27100004,27100005,27100015,27100016
multiwave 99999 99999 27110000 27110004,27110005,27110036,27110037,27120005,27120006,27120033,27120034,27130004,27130005,27130015,27130016,27140004,27140005,27140024,27140025,27150004,27150005,27150059,27150060
multiwave 99999 99999 27160000 27160004,27160005,27160015,27160016,27170004,27170005,27170015,27170016,27180004,27180005,27180060,27180061,27190004,27190005,27190067,27190068,27200004,27200005,27200062,27200063
multiwave 99999 99999 27210000 27210003,27210004,27210044,27210045,27220004,27220005,27220022,27220023,27230003,27230004,27230014,27230015,27240004,27240005,27240015,27240016,27250004,27250005,27250057,27250058
multiwave 99999 99999 27260000 27260004,27260005,27260057,27260058,27270004,27270005,27270048,27270049,27280004,27280005,27280083,27280084,27290005,27290006,27290075,27290076,27300004,27300005,27300064,27300065
multiwave 99999 99999 27310000 27310004,27310005,27310075,27310076,27320004,27320005,27320075,27320076,27330004,27330005,27330076,27330077,27340004,27340005,27340045,27340046,27350004,27350005,27350056,27350057
multiwave 99999 99999 27360000 27360050,27360051,27370004,27370005,27370015,27370016,27380003,27380004,27380080,27380081,27390004,27390005,27390065,27390066
