wave 99999 99999 16930011 16930011,16930012 16930010
wave 99999 99999 16930039 16930039,16930040 16930038
wave 99999 99999 16940009 16940009,16940010 16940008
wave 99999 99999 16940036 16940036,16940037 16940035
wave 99999 99999 16950004 16950004,16950005 16950003
wave 99999 99999 16950015 16950015,16950016 16950014
wave 99999 99999 16960004 16960004,16960005 16960003
wave 99999 99999 16960015 16960015,16960016 16960014
wave 99999 99999 16970004 16970004,16970005 16970003
wave 99999 99999 16970015 16970015,16970016 16970014
wave 99999 99999 16980003 16980003,16980004 16980002
wave 99999 99999 16980030 16980030,16980031 16980029
wave 99999 99999 16990004 16990004,16990005 16990003
wave 99999 99999 16990015 16990015,16990016 16990014
wave 99999 99999 17000004 17000004,17000005 17000003
wave 99999 99999 17000050 17000050,17000051 17000049
wave 99999 99999 17010004 17010004,17010005 17010003
wave 99999 99999 17010038 17010038,17010039 17010037
wave 99999 99999 17020003 17020003,17020004 17020002
wave 99999 99999 17020091 17020091,17020092 17020090
wave 99999 99999 17030004 17030004,17030005 17030003
wave 99999 99999 17030096 17030096,17030097 17030095
wave 99999 99999 17040003 17040003,17040004 17040002
lsf 99999 99999 17040018 17040018 17040001
lsf 99999 99999 17040019 17040019 17040001
lsf 99999 99999 17040020 17040020 17040022
lsf 99999 99999 17040021 17040021 17040022
wave 99999 99999 17040092 17040092,17040093 17040091
wave 99999 99999 17050004 17050004,17050005 17050003
wave 99999 99999 17050077 17050077,17050078 17050076
wave 99999 99999 17060004 17060004,17060005 17060003
wave 99999 99999 17060015 17060015,17060016 17060014
wave 99999 99999 17070004 17070004,17070005 17070003
wave 99999 99999 17070084 17070084,17070085 17070083
wave 99999 99999 17080014 17080014,17080015 17080013
wave 99999 99999 17080014 17080014,17080015 17080016
wave 99999 99999 17080017 17080017,17080018 17080016
wave 99999 99999 17080027 17080027,17080028 17080026
wave 99999 99999 17090004 17090004,17090005 17090003
wave 99999 99999 17090078 17090078,17090079 17090077
wave 99999 99999 17100004 17100004,17100005 17100003
wave 99999 99999 17100015 17100015,17100016 17100014
wave 99999 99999 17110004 17110004,17110005 17110003
wave 99999 99999 17110026 17110026,17110027 17110025
wave 99999 99999 17120004 17120004,17120005 17120003
wave 99999 99999 17120045 17120045,17120046 17120044
wave 99999 99999 17130004 17130004,17130005 17130003
wave 99999 99999 17130015 17130015,17130016 17130014
wave 99999 99999 17140004 17140004,17140005 17140003
wave 99999 99999 17140015 17140015,17140016 17140014
wave 99999 99999 17150004 17150004,17150005 17150003
wave 99999 99999 17150044 17150044,17150045 17150043
wave 99999 99999 17160004 17160004,17160005 17160003
wave 99999 99999 17160045 17160045,17160046 17160044
wave 99999 99999 17170006 17170006,17170007 17170005
wave 99999 99999 17170052 17170052,17170053 17170051
wave 99999 99999 17180005 17180005,17180006 17180004
wave 99999 99999 17180086 17180086,17180087 17180085
wave 99999 99999 17190004 17190004,17190005 17190003
wave 99999 99999 17190071 17190071,17190072 17190070
wave 99999 99999 17200006 17200006,17200007 17200005
wave 99999 99999 17200046 17200046,17200047 17200045
wave 99999 99999 17210004 17210004,17210005 17210003
wave 99999 99999 17210045 17210045,17210046 17210044
wave 99999 99999 17220004 17220004,17220005 17220003
wave 99999 99999 17220050 17220050,17220051 17220049
wave 99999 99999 17230004 17230004,17230005 17230003
wave 99999 99999 17230015 17230015,17230016 17230014
wave 99999 99999 17240004 17240004,17240005 17240003
wave 99999 99999 17240015 17240015,17240016 17240014
wave 99999 99999 17250004 17250004,17250005 17250003
wave 99999 99999 17250015 17250015,17250016 17250014
wave 99999 99999 17260004 17260004,17260005 17260003
wave 99999 99999 17260015 17260015,17260016 17260014
wave 99999 99999 17270004 17270004,17270005 17270003
wave 99999 99999 17270046 17270046,17270047 17270045
wave 99999 99999 17280004 17280004,17280005 17280003
wave 99999 99999 17280015 17280015,17280016 17280014
wave 99999 99999 17290003 17290003,17290004 17290002
wave 99999 99999 17290027 17290027,17290028 17290026
wave 99999 99999 17300004 17300004,17300005 17300003
lsf 99999 99999 17300041 17300041 17300030
lsf 99999 99999 17300042 17300042 17300030
lsf 99999 99999 17300043 17300043 17300045
lsf 99999 99999 17300044 17300044 17300045
wave 99999 99999 17300092 17300092,17300093 17300091
wave 99999 99999 17310003 17310003,17310004 17310002
wave 99999 99999 17310102 17310102,17310103 17310101
wave 99999 99999 17320004 17320004,17320005 17320003
wave 99999 99999 17320105 17320105,17320106 17320104
wave 99999 99999 17330004 17330004,17330005 17330003
wave 99999 99999 17330099 17330099,17330100 17330098
wave 99999 99999 17340004 17340004,17340005 17340003
wave 99999 99999 17350004 17350004,17350005 17350003
lsf 99999 99999 17350032 17350032 17350019
lsf 99999 99999 17350033 17350033 17350019
lsf 99999 99999 17350034 17350034 17350036
lsf 99999 99999 17350035 17350035 17350036
wave 99999 99999 17350093 17350093,17350094 17350092
wave 99999 99999 17360004 17360004,17360005 17360003
wave 99999 99999 17360015 17360015,17360016 17360014
wave 99999 99999 17370004 17370004,17370005 17370003
wave 99999 99999 17370015 17370015,17370016 17370014
wave 99999 99999 17380004 17380004,17380005 17380003
wave 99999 99999 17380015 17380015,17380016 17380014
wave 99999 99999 17390004 17390004,17390005 17390003
wave 99999 99999 17390015 17390015,17390016 17390014
wave 99999 99999 17400004 17400004,17400005 17400003
wave 99999 99999 17400015 17400015,17400016 17400014
wave 99999 99999 17410004 17410004,17410005 17410003
wave 99999 99999 17410015 17410015,17410016 17410014
wave 99999 99999 17420004 17420004,17420005 17420003
wave 99999 99999 17420015 17420015,17420016 17420014
wave 99999 99999 17430004 17430004,17430005 17430003
wave 99999 99999 17430025 17430025,17430026 17430024
wave 99999 99999 17440004 17440004,17440005 17440003
wave 99999 99999 17440048 17440048,17440049 17440047
wave 99999 99999 17450004 17450004,17450005 17450003
wave 99999 99999 17450084 17450084,17450085 17450083
wave 99999 99999 17460004 17460004,17460005 17460003
wave 99999 99999 17460053 17460053,17460054 17460052
wave 99999 99999 17470004 17470004,17470005 17470003
wave 99999 99999 17470062 17470062,17470063 17470061
wave 99999 99999 17480004 17480004,17480005 17480003
wave 99999 99999 17480053 17480053,17480054 17480052
wave 99999 99999 17490004 17490004,17490005 17490003
wave 99999 99999 17490015 17490015,17490016 17490014
wave 99999 99999 17500004 17500004,17500005 17500003
wave 99999 99999 17500026 17500026,17500027 17500025
wave 99999 99999 17510004 17510004,17510005 17510003
wave 99999 99999 17510015 17510015,17510016 17510014
wave 99999 99999 17520004 17520004,17520005 17520003
wave 99999 99999 17520016 17520016,17520017 17520015
wave 99999 99999 17530004 17530004,17530005 17530003
wave 99999 99999 17530015 17530015,17530016 17530014
wave 99999 99999 17540004 17540004,17540005 17540003
wave 99999 99999 17550004 17550004,17550005 17550003
wave 99999 99999 17550015 17550015,17550016 17550014
wave 99999 99999 17560008 17560008,17560009 17560007
wave 99999 99999 17570004 17570004,17570005 17570003
wave 99999 99999 17570055 17570055,17570056 17570054
wave 99999 99999 17580004 17580004,17580005 17580003
wave 99999 99999 17580031 17580031,17580032 17580030
wave 99999 99999 17590004 17590004,17590005 17590003
wave 99999 99999 17590100 17590100,17590101 17590099
wave 99999 99999 17600004 17600004,17600005 17600003
wave 99999 99999 17600097 17600097,17600098 17600096
wave 99999 99999 17610013 17610013,17610014 17610012
wave 99999 99999 17610114 17610114,17610115 17610113
wave 99999 99999 17620005 17620005,17620006 17620004
wave 99999 99999 17620077 17620077,17620078 17620076
wave 99999 99999 17630004 17630004,17630005 17630003
wave 99999 99999 17630015 17630015,17630016 17630014
wave 99999 99999 17640004 17640004,17640005 17640003
wave 99999 99999 17640015 17640015,17640016 17640014
wave 99999 99999 17650004 17650004,17650005 17650003
lsf 99999 99999 17650019 17650019 17650001
lsf 99999 99999 17650020 17650020 17650001
lsf 99999 99999 17650021 17650021 17650023
lsf 99999 99999 17650022 17650022 17650023
wave 99999 99999 17650079 17650079,17650080 17650078
wave 99999 99999 17660004 17660004,17660005 17660003
wave 99999 99999 17660086 17660086,17660087 17660085
wave 99999 99999 17670004 17670004,17670005 17670003
wave 99999 99999 17670093 17670093,17670094 17670092
wave 99999 99999 17680004 17680004,17680005 17680003
wave 99999 99999 17680017 17680017,17680018 17680016
wave 99999 99999 17690004 17690004,17690005 17690003
wave 99999 99999 17690055 17690055,17690056 17690054
wave 99999 99999 17700004 17700004,17700005 17700003
wave 99999 99999 17700054 17700054,17700055 17700053
wave 99999 99999 17710004 17710004,17710005 17710003
wave 99999 99999 17710054 17710054,17710055 17710053
wave 99999 99999 17720006 17720006,17720007 17720005
wave 99999 99999 17720019 17720019,17720020 17720018
wave 99999 99999 17730004 17730004,17730005 17730003
wave 99999 99999 17730049 17730049,17730050 17730048
wave 99999 99999 17740003 17740003,17740004 17740002
wave 99999 99999 17740054 17740054,17740055 17740053
wave 99999 99999 17750005 17750005,17750006 17750004
wave 99999 99999 17750016 17750016,17750017 17750015
wave 99999 99999 17760004 17760004,17760005 17760003
wave 99999 99999 17760055 17760055,17760056 17760054
wave 99999 99999 17770004 17770004,17770005 17770003
wave 99999 99999 17770053 17770053,17770054 17770052
wave 99999 99999 17780004 17780004,17780005 17780003
wave 99999 99999 17780053 17780053,17780054 17780052
wave 99999 99999 17790004 17790004,17790005 17790003
wave 99999 99999 17790015 17790015,17790016 17790014
wave 99999 99999 17800004 17800004,17800005 17800003
wave 99999 99999 17800015 17800015,17800016 17800014
wave 99999 99999 17810004 17810004,17810005 17810003
wave 99999 99999 17810015 17810015,17810016 17810014
wave 99999 99999 17820006 17820006,17820007 17820005
wave 99999 99999 17820017 17820017,17820018 17820016
wave 99999 99999 17830004 17830004,17830005 17830003
wave 99999 99999 17830034 17830034,17830035 17830033
wave 99999 99999 17840004 17840004,17840005 17840003
lsf 99999 99999 17840062 17840062 17840056
lsf 99999 99999 17840063 17840063 17840056
lsf 99999 99999 17840064 17840064 17840066
lsf 99999 99999 17840065 17840065 17840066
wave 99999 99999 17850004 17850004,17850005 17850003
wave 99999 99999 17850081 17850081,17850082 17850080
wave 99999 99999 17860004 17860004,17860005 17860003
wave 99999 99999 17860085 17860085,17860086 17860084
wave 99999 99999 17870004 17870004,17870005 17870003
wave 99999 99999 17870098 17870098,17870099 17870097
wave 99999 99999 17880004 17880004,17880005 17880003
wave 99999 99999 17880113 17880113,17880114 17880112
wave 99999 99999 17890004 17890004,17890005 17890003
wave 99999 99999 17890028 17890028,17890029 17890027
wave 99999 99999 17900004 17900004,17900005 17900003
wave 99999 99999 17910004 17910004,17910005 17910003
wave 99999 99999 17920004 17920004,17920005 17920003
wave 99999 99999 17920015 17920015,17920016 17920014
wave 99999 99999 17930004 17930004,17930005 17930003
wave 99999 99999 17930015 17930015,17930016 17930014
wave 99999 99999 17940004 17940004,17940005 17940003
wave 99999 99999 17940073 17940073,17940074 17940072
wave 99999 99999 17950004 17950004,17950005 17950003
wave 99999 99999 17950079 17950079,17950080 17950078
wave 99999 99999 17960004 17960004,17960005 17960003
wave 99999 99999 17960072 17960072,17960073 17960071
wave 99999 99999 17970005 17970005,17970006 17970004
lsf 99999 99999 17970046 17970046 17970031
lsf 99999 99999 17970047 17970047 17970031
lsf 99999 99999 17970048 17970048 17970050
lsf 99999 99999 17970049 17970049 17970050
wave 99999 99999 17970070 17970070,17970071 17970069
wave 99999 99999 17980004 17980004,17980005 17980003
wave 99999 99999 17980056 17980056,17980057 17980055
wave 99999 99999 17990004 17990004,17990005 17990003
wave 99999 99999 17990051 17990051,17990052 17990050
wave 99999 99999 18000004 18000004,18000005 18000003
wave 99999 99999 18000057 18000057,18000058 18000056
wave 99999 99999 18010004 18010004,18010005 18010003
wave 99999 99999 18010057 18010057,18010058 18010056
wave 99999 99999 18020004 18020004,18020005 18020003
wave 99999 99999 18020055 18020055,18020056 18020054
wave 99999 99999 18030004 18030004,18030005 18030003
wave 99999 99999 18030056 18030056,18030057 18030055
wave 99999 99999 18040006 18040006,18040007 18040005
wave 99999 99999 18040058 18040058,18040059 18040057
wave 99999 99999 18050004 18050004,18050005 18050003
wave 99999 99999 18050058 18050058,18050059 18050057
wave 99999 99999 18060004 18060004,18060005 18060003
wave 99999 99999 18060039 18060039,18060040 18060038
wave 99999 99999 18070004 18070004,18070005 18070003
wave 99999 99999 18070015 18070015,18070016 18070014
wave 99999 99999 18080004 18080004,18080005 18080003
wave 99999 99999 18080015 18080015,18080016 18080014
wave 99999 99999 18090006 18090006,18090007 18090005
wave 99999 99999 18090013 18090013,18090014 18090012
wave 99999 99999 18090024 18090024,18090025 18090023
wave 99999 99999 18100004 18100004,18100005 18100003
wave 99999 99999 18100042 18100042,18100043 18100041
wave 99999 99999 18110004 18110004,18110005 18110003
wave 99999 99999 18110060 18110060,18110061 18110059
wave 99999 99999 18120004 18120004,18120005 18120003
wave 99999 99999 18120012 18120012,18120013 18120011
wave 99999 99999 18120069 18120069,18120070 18120068
wave 99999 99999 18130004 18130004,18130005 18130003
wave 99999 99999 18130070 18130070,18130071 18130069
wave 99999 99999 18140004 18140004,18140005 18140003
wave 99999 99999 18140015 18140015,18140016 18140014
wave 99999 99999 18150004 18150004,18150005 18150003
wave 99999 99999 18150085 18150085,18150086 18150084
wave 99999 99999 18160005 18160005,18160006 18160004
wave 99999 99999 18160094 18160094,18160095 18160093
wave 99999 99999 18170005 18170005,18170006 18170004
wave 99999 99999 18170016 18170016,18170017 18170015
wave 99999 99999 18180005 18180005,18180006 18180004
wave 99999 99999 18180016 18180016,18180017 18180015
wave 99999 99999 18190004 18190004,18190005 18190003
wave 99999 99999 18190015 18190015,18190016 18190014
wave 99999 99999 18200004 18200004,18200005 18200003
wave 99999 99999 18200016 18200016,18200017 18200015
wave 99999 99999 18210004 18210004,18210005 18210003
wave 99999 99999 18210015 18210015,18210016 18210014
wave 99999 99999 18220004 18220004,18220005 18220003
wave 99999 99999 18220015 18220015,18220016 18220014
wave 99999 99999 18230008 18230008,18230009 18230007
wave 99999 99999 18270005 18270005,18270006 18270004
wave 99999 99999 18270069 18270069,18270070 18270068
wave 99999 99999 18280004 18280004,18280005 18280003
lsf 99999 99999 18280030 18280030 18280019
lsf 99999 99999 18280031 18280031 18280019
lsf 99999 99999 18280032 18280032 18280034
lsf 99999 99999 18280033 18280033 18280034
wave 99999 99999 18280052 18280052,18280053 18280051
wave 99999 99999 18290004 18290004,18290005 18290003
wave 99999 99999 18290047 18290047,18290048 18290046
wave 99999 99999 18300004 18300004,18300005 18300003
wave 99999 99999 18300015 18300015,18300016 18300014
wave 99999 99999 18310004 18310004,18310005 18310003
wave 99999 99999 18310015 18310015,18310016 18310014
wave 99999 99999 18320004 18320004,18320005 18320003
wave 99999 99999 18320015 18320015,18320016 18320014
wave 99999 99999 18330003 18330003,18330004 18330002
wave 99999 99999 18330014 18330014,18330015 18330013
wave 99999 99999 18340003 18340003,18340004 18340002
wave 99999 99999 18340014 18340014,18340015 18340013
wave 99999 99999 18350004 18350004,18350005 18350003
wave 99999 99999 18350015 18350015,18350016 18350014
wave 99999 99999 18360004 18360004,18360005 18360003
wave 99999 99999 18360015 18360015,18360016 18360014
wave 99999 99999 18370004 18370004,18370005 18370003
wave 99999 99999 18380004 18380004,18380005 18380003
wave 99999 99999 18380057 18380057,18380058 18380056
wave 99999 99999 18390004 18390004,18390005 18390003
wave 99999 99999 18390059 18390059,18390060 18390058
wave 99999 99999 18400005 18400005,18400006 18400004
wave 99999 99999 18400055 18400055,18400056 18400054
wave 99999 99999 18410004 18410004,18410005 18410003
wave 99999 99999 18410015 18410015,18410016 18410014
wave 99999 99999 18420004 18420004,18420005 18420003
wave 99999 99999 18430004 18430004,18430005 18430003
lsf 99999 99999 18430026 18430026 18430019
lsf 99999 99999 18430027 18430027 18430019
lsf 99999 99999 18430028 18430028 18430030
lsf 99999 99999 18430029 18430029 18430030
wave 99999 99999 18430113 18430113,18430114 18430112
wave 99999 99999 18440004 18440004,18440005 18440003
wave 99999 99999 18440069 18440069,18440070 18440068
wave 99999 99999 18450005 18450005,18450006 18450004
wave 99999 99999 18450061 18450061,18450062 18450060
wave 99999 99999 18460004 18460004,18460005 18460003
wave 99999 99999 18460060 18460060,18460061 18460059
wave 99999 99999 18470004 18470004,18470005 18470003
wave 99999 99999 18470107 18470107,18470108 18470106
wave 99999 99999 18480004 18480004,18480005 18480003
wave 99999 99999 18480097 18480097,18480098 18480096
wave 99999 99999 18490006 18490006,18490007 18490005
wave 99999 99999 18490101 18490101,18490102 18490100
wave 99999 99999 18500004 18500004,18500005 18500003
wave 99999 99999 18500083 18500083,18500084 18500082
wave 99999 99999 18510004 18510004,18510005 18510003
wave 99999 99999 18510081 18510081,18510082 18510080
wave 99999 99999 18520004 18520004,18520005 18520003
lsf 99999 99999 18520019 18520019 18520001
lsf 99999 99999 18520020 18520020 18520001
lsf 99999 99999 18520021 18520021 18520023
lsf 99999 99999 18520022 18520022 18520023
wave 99999 99999 18520073 18520073,18520074 18520072
wave 99999 99999 18530004 18530004,18530005 18530003
wave 99999 99999 18530081 18530081,18530082 18530080
wave 99999 99999 18540008 18540008,18540009 18540007
wave 99999 99999 18540073 18540073,18540074 18540072
wave 99999 99999 18550005 18550005,18550006 18550004
wave 99999 99999 18550073 18550073,18550074 18550072
wave 99999 99999 18560004 18560004,18560005 18560003
wave 99999 99999 18560074 18560074,18560075 18560073
wave 99999 99999 18570004 18570004,18570005 18570003
wave 99999 99999 18570050 18570050,18570051 18570049
wave 99999 99999 18580009 18580009,18580010 18580008
wave 99999 99999 18580020 18580020,18580021 18580019
wave 99999 99999 18590004 18590004,18590005 18590003
wave 99999 99999 18590015 18590015,18590016 18590014
wave 99999 99999 18600004 18600004,18600005 18600003
wave 99999 99999 18600045 18600045,18600046 18600044
wave 99999 99999 18610004 18610004,18610005 18610003
wave 99999 99999 18610058 18610058,18610059 18610057
wave 99999 99999 18610073 18610073,18610074 18610072
wave 99999 99999 18620004 18620004,18620005 18620003
wave 99999 99999 18620054 18620054,18620055 18620053
wave 99999 99999 18630004 18630004,18630005 18630003
wave 99999 99999 18630090 18630090,18630091 18630089
wave 99999 99999 18630105 18630105,18630106 18630104
wave 99999 99999 18640004 18640004,18640005 18640003
wave 99999 99999 18640105 18640105,18640106 18640104
wave 99999 99999 18650004 18650004,18650005 18650003
wave 99999 99999 18650056 18650056,18650057 18650055
wave 99999 99999 18660003 18660003,18660004 18660002
wave 99999 99999 18660078 18660078,18660079 18660077
wave 99999 99999 18670004 18670004,18670005 18670003
wave 99999 99999 18670086 18670086,18670087 18670085
wave 99999 99999 18680004 18680004,18680005 18680003
wave 99999 99999 18680099 18680099,18680100 18680098
wave 99999 99999 18690004 18690004,18690005 18690003
wave 99999 99999 18690088 18690088,18690089 18690087
wave 99999 99999 18700004 18700004,18700005 18700003
wave 99999 99999 18700058 18700058,18700059 18700057
wave 99999 99999 18710004 18710004,18710005 18710003
wave 99999 99999 18710068 18710068,18710069 18710067
wave 99999 99999 18720004 18720004,18720005 18720003
wave 99999 99999 18720092 18720092,18720093 18720091
wave 99999 99999 18730004 18730004,18730005 18730003
wave 99999 99999 18730081 18730081,18730082 18730080
wave 99999 99999 18740004 18740004,18740005 18740003
lsf 99999 99999 18740021 18740021 18740001
lsf 99999 99999 18740022 18740022 18740001
lsf 99999 99999 18740023 18740023 18740025
lsf 99999 99999 18740024 18740024 18740025
wave 99999 99999 18740101 18740101,18740102 18740100
wave 99999 99999 18750004 18750004,18750005 18750003
wave 99999 99999 18750015 18750015,18750016 18750014
wave 99999 99999 18760004 18760004,18760005 18760003
wave 99999 99999 18760067 18760067,18760068 18760066
wave 99999 99999 18770004 18770004,18770005 18770003
wave 99999 99999 18770049 18770049,18770050 18770048
wave 99999 99999 18780004 18780004,18780005 18780003
wave 99999 99999 18780099 18780099,18780100 18780098
wave 99999 99999 18790004 18790004,18790005 18790003
wave 99999 99999 18790036 18790036,18790037 18790035
wave 99999 99999 18800004 18800004,18800005 18800003
wave 99999 99999 18800038 18800038,18800039 18800037
wave 99999 99999 18810004 18810004,18810005 18810003
wave 99999 99999 18810084 18810084,18810085 18810083
wave 99999 99999 18820004 18820004,18820005 18820003
wave 99999 99999 18820106 18820106,18820107 18820105
wave 99999 99999 18830004 18830004,18830005 18830003
wave 99999 99999 18830089 18830089,18830090 18830088
wave 99999 99999 18840004 18840004,18840005 18840003
wave 99999 99999 18840097 18840097,18840098 18840096
wave 99999 99999 18850004 18850004,18850005 18850003
wave 99999 99999 18850063 18850063,18850064 18850062
wave 99999 99999 18860004 18860004,18860005 18860003
wave 99999 99999 18860102 18860102,18860103 18860101
wave 99999 99999 18870004 18870004,18870005 18870003
wave 99999 99999 18870077 18870077,18870078 18870076
wave 99999 99999 18880004 18880004,18880005 18880003
wave 99999 99999 18880054 18880054,18880055 18880053
wave 99999 99999 18890004 18890004,18890005 18890003
wave 99999 99999 18890027 18890027,18890028 18890026
wave 99999 99999 18900004 18900004,18900005 18900003
wave 99999 99999 18900074 18900074,18900075 18900073
wave 99999 99999 18910004 18910004,18910005 18910003
wave 99999 99999 18910056 18910056,18910057 18910055
wave 99999 99999 18920003 18920003,18920004 18920002
wave 99999 99999 18920042 18920042,18920043 18920041
wave 99999 99999 18930004 18930004,18930005 18930003
wave 99999 99999 18930015 18930015,18930016 18930014
wave 99999 99999 18940004 18940004,18940005 18940003
wave 99999 99999 18940015 18940015,18940016 18940014
wave 99999 99999 18950004 18950004,18950005 18950003
wave 99999 99999 18950047 18950047,18950048 18950046
wave 99999 99999 18960004 18960004,18960005 18960003
wave 99999 99999 18960081 18960081,18960082 18960080
wave 99999 99999 18970004 18970004,18970005 18970003
wave 99999 99999 18970049 18970049,18970050 18970048
wave 99999 99999 18980004 18980004,18980005 18980003
wave 99999 99999 18980050 18980050,18980051 18980049
wave 99999 99999 18990004 18990004,18990005 18990003
wave 99999 99999 18990026 18990026,18990027 18990025
wave 99999 99999 19000004 19000004,19000005 19000003
wave 99999 99999 19000070 19000070,19000071 19000069
wave 99999 99999 19010004 19010004,19010005 19010003
wave 99999 99999 19010077 19010077,19010078 19010076
wave 99999 99999 19020004 19020004,19020005 19020003
lsf 99999 99999 19020022 19020022 19020015
lsf 99999 99999 19020023 19020023 19020015
lsf 99999 99999 19020024 19020024 19020026
lsf 99999 99999 19020025 19020025 19020026
wave 99999 99999 19020087 19020087,19020088 19020086
wave 99999 99999 19030004 19030004,19030005 19030003
wave 99999 99999 19030087 19030087,19030088 19030086
wave 99999 99999 19040004 19040004,19040005 19040003
wave 99999 99999 19040086 19040086,19040087 19040085
wave 99999 99999 19050004 19050004,19050005 19050003
wave 99999 99999 19050069 19050069,19050070 19050068
wave 99999 99999 19060004 19060004,19060005 19060003
wave 99999 99999 19060081 19060081,19060082 19060080
wave 99999 99999 19070004 19070004,19070005 19070003
wave 99999 99999 19070089 19070089,19070090 19070088
wave 99999 99999 19080004 19080004,19080005 19080003
wave 99999 99999 19080029 19080029,19080030 19080028
wave 99999 99999 19090006 19090006,19090007 19090005
wave 99999 99999 19090090 19090090,19090091 19090089
wave 99999 99999 19100004 19100004,19100005 19100003
wave 99999 99999 19100089 19100089,19100090 19100088
wave 99999 99999 19110004 19110004,19110005 19110003
wave 99999 99999 19110089 19110089,19110090 19110088
wave 99999 99999 19120004 19120004,19120005 19120003
wave 99999 99999 19120094 19120094,19120095 19120093
wave 99999 99999 19130004 19130004,19130005 19130003
wave 99999 99999 19130093 19130093,19130094 19130092
wave 99999 99999 19140004 19140004,19140005 19140003
wave 99999 99999 19140089 19140089,19140090 19140088
wave 99999 99999 19150004 19150004,19150005 19150003
wave 99999 99999 19150015 19150015,19150016 19150014
wave 99999 99999 19160004 19160004,19160005 19160003
wave 99999 99999 19160015 19160015,19160016 19160014
wave 99999 99999 19170004 19170004,19170005 19170003
wave 99999 99999 19170015 19170015,19170016 19170014
wave 99999 99999 19180004 19180004,19180005 19180003
wave 99999 99999 19180039 19180039,19180040 19180038
wave 99999 99999 19190004 19190004,19190005 19190003
wave 99999 99999 19190050 19190050,19190051 19190049
wave 99999 99999 19200004 19200004,19200005 19200003
wave 99999 99999 19200079 19200079,19200080 19200078
wave 99999 99999 19210004 19210004,19210005 19210003
wave 99999 99999 19210085 19210085,19210086 19210084
wave 99999 99999 19220004 19220004,19220005 19220003
wave 99999 99999 19220067 19220067,19220068 19220066
wave 99999 99999 19230004 19230004,19230005 19230003
wave 99999 99999 19230081 19230081,19230082 19230080
wave 99999 99999 19240004 19240004,19240005 19240003
wave 99999 99999 19240015 19240015,19240016 19240014
wave 99999 99999 19250004 19250004,19250005 19250003
wave 99999 99999 19250015 19250015,19250016 19250014
wave 99999 99999 19260004 19260004,19260005 19260003
wave 99999 99999 19260049 19260049,19260050 19260048
wave 99999 99999 19270004 19270004,19270005 19270003
wave 99999 99999 19270015 19270015,19270016 19270014
wave 99999 99999 19280003 19280003,19280004 19280002
wave 99999 99999 19280038 19280038,19280039 19280037
wave 99999 99999 19290004 19290004,19290005 19290003
wave 99999 99999 19290019 19290019,19290020 19290018
wave 99999 99999 19300003 19300003,19300004 19300002
lsf 99999 99999 19300043 19300043 19300036
lsf 99999 99999 19300044 19300044 19300036
lsf 99999 99999 19300045 19300045 19300047
lsf 99999 99999 19300046 19300046 19300047
wave 99999 99999 19300084 19300084,19300085 19300083
wave 99999 99999 19310004 19310004,19310005 19310003
wave 99999 99999 19310059 19310059,19310060 19310058
wave 99999 99999 19320004 19320004,19320005 19320003
wave 99999 99999 19320015 19320015,19320016 19320014
wave 99999 99999 19330004 19330004,19330005 19330003
wave 99999 99999 19330082 19330082,19330083 19330081
wave 99999 99999 19340004 19340004,19340005 19340003
wave 99999 99999 19340078 19340078,19340079 19340077
wave 99999 99999 19350004 19350004,19350005 19350003
wave 99999 99999 19350045 19350045,19350046 19350044
wave 99999 99999 19360004 19360004,19360005 19360003
wave 99999 99999 19360090 19360090,19360091 19360089
wave 99999 99999 19370004 19370004,19370005 19370003
wave 99999 99999 19370087 19370087,19370088 19370086
wave 99999 99999 19380004 19380004,19380005 19380003
wave 99999 99999 19380089 19380089,19380090 19380088
wave 99999 99999 19390004 19390004,19390005 19390003
wave 99999 99999 19390028 19390028,19390029 19390027
wave 99999 99999 19400003 19400003,19400004 19400002
wave 99999 99999 19400089 19400089,19400090 19400088
wave 99999 99999 19410004 19410004,19410005 19410003
wave 99999 99999 19410087 19410087,19410088 19410086
wave 99999 99999 19420003 19420003,19420004 19420002
wave 99999 99999 19420076 19420076,19420077 19420075
wave 99999 99999 19430004 19430004,19430005 19430003
wave 99999 99999 19430063 19430063,19430064 19430062
wave 99999 99999 19440004 19440004,19440005 19440003
wave 99999 99999 19440076 19440076,19440077 19440075
wave 99999 99999 19450004 19450004,19450005 19450003
wave 99999 99999 19450041 19450041,19450042 19450040
wave 99999 99999 19460004 19460004,19460005 19460003
wave 99999 99999 19460032 19460032,19460033 19460031
wave 99999 99999 19470004 19470004,19470005 19470003
wave 99999 99999 19470031 19470031,19470032 19470030
wave 99999 99999 19480004 19480004,19480005 19480003
wave 99999 99999 19480039 19480039,19480040 19480038
wave 99999 99999 19490004 19490004,19490005 19490003
wave 99999 99999 19490078 19490078,19490079 19490077
wave 99999 99999 19500004 19500004,19500005 19500003
wave 99999 99999 19510004 19510004,19510005 19510003
wave 99999 99999 19510077 19510077,19510078 19510076
wave 99999 99999 19520004 19520004,19520005 19520003
wave 99999 99999 19520056 19520056,19520057 19520055
wave 99999 99999 19530004 19530004,19530005 19530003
wave 99999 99999 19530049 19530049,19530050 19530048
wave 99999 99999 19540004 19540004,19540005 19540003
wave 99999 99999 19540070 19540070,19540071 19540069
wave 99999 99999 19550004 19550004,19550005 19550003
wave 99999 99999 19550033 19550033,19550034 19550032
wave 99999 99999 19560004 19560004,19560005 19560003
wave 99999 99999 19560065 19560065,19560066 19560064
wave 99999 99999 19570005 19570005,19570006 19570004
wave 99999 99999 19570078 19570078,19570079 19570077
wave 99999 99999 19580003 19580003,19580004 19580002
wave 99999 99999 19580070 19580070,19580071 19580069
wave 99999 99999 19590004 19590004,19590005 19590003
wave 99999 99999 19590091 19590091,19590092 19590090
wave 99999 99999 19600003 19600003,19600004 19600002
wave 99999 99999 19600085 19600085,19600086 19600084
wave 99999 99999 19610004 19610004,19610005 19610003
wave 99999 99999 19610015 19610015,19610016 19610014
wave 99999 99999 19620004 19620004,19620005 19620003
wave 99999 99999 19620085 19620085,19620086 19620084
wave 99999 99999 19630004 19630004,19630005 19630003
wave 99999 99999 19630015 19630015,19630016 19630014
wave 99999 99999 19640005 19640005,19640006 19640004
wave 99999 99999 19640016 19640016,19640017 19640015
wave 99999 99999 19650004 19650004,19650005 19650003
wave 99999 99999 19650039 19650039,19650040 19650038
wave 99999 99999 19660004 19660004,19660005 19660003
lsf 99999 99999 19660047 19660047 19660036
lsf 99999 99999 19660048 19660048 19660036
lsf 99999 99999 19660049 19660049 19660051
lsf 99999 99999 19660050 19660050 19660051
wave 99999 99999 19660093 19660093,19660094 19660092
wave 99999 99999 19670004 19670004,19670005 19670003
wave 99999 99999 19670086 19670086,19670087 19670085
wave 99999 99999 19680004 19680004,19680005 19680003
wave 99999 99999 19680082 19680082,19680083 19680081
wave 99999 99999 19690004 19690004,19690005 19690003
wave 99999 99999 19690039 19690039,19690040 19690038
wave 99999 99999 19700004 19700004,19700005 19700003
wave 99999 99999 19700085 19700085,19700086 19700084
wave 99999 99999 19710004 19710004,19710005 19710003
wave 99999 99999 19710085 19710085,19710086 19710084
wave 99999 99999 19720004 19720004,19720005 19720003
wave 99999 99999 19720077 19720077,19720078 19720076
wave 99999 99999 19730004 19730004,19730005 19730003
wave 99999 99999 19730083 19730083,19730084 19730082
wave 99999 99999 19740003 19740003,19740004 19740002
lsf 99999 99999 19740072 19740072 19740061
lsf 99999 99999 19740073 19740073 19740061
lsf 99999 99999 19740074 19740074 19740076
lsf 99999 99999 19740075 19740075 19740076
wave 99999 99999 19740085 19740085,19740086 19740084
wave 99999 99999 19750004 19750004,19750005 19750003
wave 99999 99999 19750070 19750070,19750071 19750069
wave 99999 99999 19760003 19760003,19760004 19760002
wave 99999 99999 19760065 19760065,19760066 19760064
wave 99999 99999 19770004 19770004,19770005 19770003
wave 99999 99999 19770024 19770024,19770025 19770023
wave 99999 99999 19780015 19780015,19780016 19780014
wave 99999 99999 19790004 19790004,19790005 19790003
wave 99999 99999 19790015 19790015,19790016 19790014
wave 99999 99999 19800004 19800004,19800005 19800003
wave 99999 99999 19800032 19800032,19800033 19800031
wave 99999 99999 19810004 19810004,19810005 19810003
wave 99999 99999 19810059 19810059,19810060 19810058
wave 99999 99999 19820004 19820004,19820005 19820003
wave 99999 99999 19820046 19820046,19820047 19820045
wave 99999 99999 19830004 19830004,19830005 19830003
wave 99999 99999 19830015 19830015,19830016 19830014
wave 99999 99999 19840004 19840004,19840005 19840003
wave 99999 99999 19840015 19840015,19840016 19840014
wave 99999 99999 19850003 19850003,19850004 19850002
wave 99999 99999 19850014 19850014,19850015 19850013
wave 99999 99999 19860005 19860005,19860006 19860004
wave 99999 99999 19860048 19860048,19860049 19860047
wave 99999 99999 19870004 19870004,19870005 19870003
wave 99999 99999 19870024 19870024,19870025 19870023
wave 99999 99999 19880004 19880004,19880005 19880003
wave 99999 99999 19880048 19880048,19880049 19880047
wave 99999 99999 19890003 19890003,19890004 19890002
wave 99999 99999 19890054 19890054,19890055 19890053
wave 99999 99999 19900003 19900003,19900004 19900002
wave 99999 99999 19900082 19900082,19900083 19900081
wave 99999 99999 19910004 19910004,19910005 19910003
wave 99999 99999 19910080 19910080,19910081 19910079
wave 99999 99999 19920004 19920004,19920005 19920003
lsf 99999 99999 19920026 19920026 19920019
lsf 99999 99999 19920027 19920027 19920019
lsf 99999 99999 19920028 19920028 19920030
lsf 99999 99999 19920029 19920029 19920030
wave 99999 99999 19920079 19920079,19920080 19920078
wave 99999 99999 19930004 19930004,19930005 19930003
wave 99999 99999 19930079 19930079,19930080 19930078
wave 99999 99999 19940004 19940004,19940005 19940003
wave 99999 99999 19940082 19940082,19940083 19940081
wave 99999 99999 19950004 19950004,19950005 19950003
wave 99999 99999 19950072 19950072,19950073 19950071
wave 99999 99999 19960004 19960004,19960005 19960003
wave 99999 99999 19960074 19960074,19960075 19960073
wave 99999 99999 19970004 19970004,19970005 19970003
wave 99999 99999 19970076 19970076,19970077 19970075
wave 99999 99999 19980004 19980004,19980005 19980003
wave 99999 99999 19980075 19980075,19980076 19980074
wave 99999 99999 19990004 19990004,19990005 19990003
wave 99999 99999 19990038 19990038,19990039 19990037
wave 99999 99999 20000004 20000004,20000005 20000003
wave 99999 99999 20000042 20000042,20000043 20000041
wave 99999 99999 20010004 20010004,20010005 20010003
wave 99999 99999 20010015 20010015,20010016 20010014
wave 99999 99999 20020004 20020004,20020005 20020003
wave 99999 99999 20020015 20020015,20020016 20020014
wave 99999 99999 20030003 20030003,20030004 20030002
wave 99999 99999 20030045 20030045,20030046 20030044
wave 99999 99999 20040003 20040003,20040004 20040002
wave 99999 99999 20040034 20040034,20040035 20040033
wave 99999 99999 20050004 20050004,20050005 20050003
wave 99999 99999 20050017 20050017,20050018 20050016
wave 99999 99999 20060004 20060004,20060005 20060003
wave 99999 99999 20060056 20060056,20060057 20060055
wave 99999 99999 20070004 20070004,20070005 20070003
wave 99999 99999 20070046 20070046,20070047 20070045
wave 99999 99999 20080004 20080004,20080005 20080003
wave 99999 99999 20080041 20080041,20080042 20080040
wave 99999 99999 20090013 20090013,20090014 20090012
wave 99999 99999 20090024 20090024,20090025 20090023
wave 99999 99999 20100004 20100004,20100005 20100003
wave 99999 99999 20100053 20100053,20100054 20100052
wave 99999 99999 20110004 20110004,20110005 20110003
wave 99999 99999 20110066 20110066,20110067 20110065
wave 99999 99999 20120004 20120004,20120005 20120003
wave 99999 99999 20120044 20120044,20120045 20120043
wave 99999 99999 20130003 20130003,20130004 20130002
wave 99999 99999 20130051 20130051,20130052 20130050
wave 99999 99999 20140003 20140003,20140004 20140002
wave 99999 99999 20140052 20140052,20140053 20140051
wave 99999 99999 20150004 20150004,20150005 20150003
wave 99999 99999 20150022 20150022,20150023 20150021
wave 99999 99999 20160004 20160004,20160005 20160003
wave 99999 99999 20160046 20160046,20160047 20160045
wave 99999 99999 20170004 20170004,20170005 20170003
wave 99999 99999 20170066 20170066,20170067 20170065
wave 99999 99999 20180004 20180004,20180005 20180003
wave 99999 99999 20180071 20180071,20180072 20180070
multiwave 99999 99999 16930000 16930011,16930012,16930039,16930040,16940009,16940010,16940036,16940037,16950004,16950005,16950015,16950016,16960004,16960005,16960015,16960016,16970004,16970005,16970015,16970016
multiwave 99999 99999 16980000 16980003,16980004,16980030,16980031,16990004,16990005,16990015,16990016,17000004,17000005,17000050,17000051,17010004,17010005,17010038,17010039,17020003,17020004,17020091,17020092
multiwave 99999 99999 17030000 17030004,17030005,17030096,17030097,17040003,17040004,17040092,17040093,17050004,17050005,17050077,17050078,17060004,17060005,17060015,17060016,17070004,17070005,17070084,17070085
multiwave 99999 99999 17080000 17080014,17080015,17080014,17080015,17080017,17080018,17080027,17080028,17090004,17090005,17090078,17090079,17100004,17100005,17100015,17100016,17110004,17110005,17110026,17110027
multiwave 99999 99999 17120000 17120004,17120005,17120045,17120046,17130004,17130005,17130015,17130016,17140004,17140005,17140015,17140016,17150004,17150005,17150044,17150045,17160004,17160005,17160045,17160046
multiwave 99999 99999 17170000 17170006,17170007,17170052,17170053,17180005,17180006,17180086,17180087,17190004,17190005,17190071,17190072,17200006,17200007,17200046,17200047,17210004,17210005,17210045,17210046
multiwave 99999 99999 17220000 17220004,17220005,17220050,17220051,17230004,17230005,17230015,17230016,17240004,17240005,17240015,17240016,17250004,17250005,17250015,17250016,17260004,17260005,17260015,17260016
multiwave 99999 99999 17270000 17270004,17270005,17270046,17270047,17280004,17280005,17280015,17280016,17290003,17290004,17290027,17290028,17300004,17300005,17300092,17300093,17310003,17310004,17310102,17310103
multiwave 99999 99999 17320000 17320004,17320005,17320105,17320106,17330004,17330005,17330099,17330100,17340004,17340005,17350004,17350005,17350093,17350094,17360004,17360005,17360015,17360016,17370004,17370005
multiwave 99999 99999 17370000 17370015,17370016,17380004,17380005,17380015,17380016,17390004,17390005,17390015,17390016,17400004,17400005,17400015,17400016,17410004,17410005,17410015,17410016,17420004,17420005
multiwave 99999 99999 17420000 17420015,17420016,17430004,17430005,17430025,17430026,17440004,17440005,17440048,17440049,17450004,17450005,17450084,17450085,17460004,17460005,17460053,17460054,17470004,17470005
multiwave 99999 99999 17470000 17470062,17470063,17480004,17480005,17480053,17480054,17490004,17490005,17490015,17490016,17500004,17500005,17500026,17500027,17510004,17510005,17510015,17510016,17520004,17520005
multiwave 99999 99999 17520000 17520016,17520017,17530004,17530005,17530015,17530016,17540004,17540005,17550004,17550005,17550015,17550016,17560008,17560009,17570004,17570005,17570055,17570056,17580004,17580005
multiwave 99999 99999 17580000 17580031,17580032,17590004,17590005,17590100,17590101,17600004,17600005,17600097,17600098,17610013,17610014,17610114,17610115,17620005,17620006,17620077,17620078,17630004,17630005
multiwave 99999 99999 17630000 17630015,17630016,17640004,17640005,17640015,17640016,17650004,17650005,17650079,17650080,17660004,17660005,17660086,17660087,17670004,17670005,17670093,17670094,17680004,17680005
multiwave 99999 99999 17680000 17680017,17680018,17690004,17690005,17690055,17690056,17700004,17700005,17700054,17700055,17710004,17710005,17710054,17710055,17720006,17720007,17720019,17720020,17730004,17730005
multiwave 99999 99999 17730000 17730049,17730050,17740003,17740004,17740054,17740055,17750005,17750006,17750016,17750017,17760004,17760005,17760055,17760056,17770004,17770005,17770053,17770054,17780004,17780005
multiwave 99999 99999 17780000 17780053,17780054,17790004,17790005,17790015,17790016,17800004,17800005,17800015,17800016,17810004,17810005,17810015,17810016,17820006,17820007,17820017,17820018,17830004,17830005
multiwave 99999 99999 17830000 17830034,17830035,17840004,17840005,17850004,17850005,17850081,17850082,17860004,17860005,17860085,17860086,17870004,17870005,17870098,17870099,17880004,17880005,17880113,17880114
multiwave 99999 99999 17890000 17890004,17890005,17890028,17890029,17900004,17900005,17910004,17910005,17920004,17920005,17920015,17920016,17930004,17930005,17930015,17930016,17940004,17940005,17940073,17940074
multiwave 99999 99999 17950000 17950004,17950005,17950079,17950080,17960004,17960005,17960072,17960073,17970005,17970006,17970070,17970071,17980004,17980005,17980056,17980057,17990004,17990005,17990051,17990052
multiwave 99999 99999 18000000 18000004,18000005,18000057,18000058,18010004,18010005,18010057,18010058,18020004,18020005,18020055,18020056,18030004,18030005,18030056,18030057,18040006,18040007,18040058,18040059
multiwave 99999 99999 18050000 18050004,18050005,18050058,18050059,18060004,18060005,18060039,18060040,18070004,18070005,18070015,18070016,18080004,18080005,18080015,18080016,18090006,18090007,18090013,18090014
multiwave 99999 99999 18090000 18090024,18090025,18100004,18100005,18100042,18100043,18110004,18110005,18110060,18110061,18120004,18120005,18120012,18120013,18120069,18120070,18130004,18130005,18130070,18130071
multiwave 99999 99999 18140000 18140004,18140005,18140015,18140016,18150004,18150005,18150085,18150086,18160005,18160006,18160094,18160095,18170005,18170006,18170016,18170017,18180005,18180006,18180016,18180017
multiwave 99999 99999 18190000 18190004,18190005,18190015,18190016,18200004,18200005,18200016,18200017,18210004,18210005,18210015,18210016,18220004,18220005,18220015,18220016,18230008,18230009,18270005,18270006
multiwave 99999 99999 18270000 18270069,18270070,18280004,18280005,18280052,18280053,18290004,18290005,18290047,18290048,18300004,18300005,18300015,18300016,18310004,18310005,18310015,18310016,18320004,18320005
multiwave 99999 99999 18320000 18320015,18320016,18330003,18330004,18330014,18330015,18340003,18340004,18340014,18340015,18350004,18350005,18350015,18350016,18360004,18360005,18360015,18360016,18370004,18370005
multiwave 99999 99999 18380000 18380004,18380005,18380057,18380058,18390004,18390005,18390059,18390060,18400005,18400006,18400055,18400056,18410004,18410005,18410015,18410016,18420004,18420005,18430004,18430005
multiwave 99999 99999 18430000 18430113,18430114,18440004,18440005,18440069,18440070,18450005,18450006,18450061,18450062,18460004,18460005,18460060,18460061,18470004,18470005,18470107,18470108,18480004,18480005
multiwave 99999 99999 18480000 18480097,18480098,18490006,18490007,18490101,18490102,18500004,18500005,18500083,18500084,18510004,18510005,18510081,18510082,18520004,18520005,18520073,18520074,18530004,18530005
multiwave 99999 99999 18530000 18530081,18530082,18540008,18540009,18540073,18540074,18550005,18550006,18550073,18550074,18560004,18560005,18560074,18560075,18570004,18570005,18570050,18570051,18580009,18580010
multiwave 99999 99999 18580000 18580020,18580021,18590004,18590005,18590015,18590016,18600004,18600005,18600045,18600046,18610004,18610005,18610058,18610059,18610073,18610074,18620004,18620005,18620054,18620055
multiwave 99999 99999 18630000 18630004,18630005,18630090,18630091,18630105,18630106,18640004,18640005,18640105,18640106,18650004,18650005,18650056,18650057,18660003,18660004,18660078,18660079,18670004,18670005
multiwave 99999 99999 18670000 18670086,18670087,18680004,18680005,18680099,18680100,18690004,18690005,18690088,18690089,18700004,18700005,18700058,18700059,18710004,18710005,18710068,18710069,18720004,18720005
multiwave 99999 99999 18720000 18720092,18720093,18730004,18730005,18730081,18730082,18740004,18740005,18740101,18740102,18750004,18750005,18750015,18750016,18760004,18760005,18760067,18760068,18770004,18770005
multiwave 99999 99999 18770000 18770049,18770050,18780004,18780005,18780099,18780100,18790004,18790005,18790036,18790037,18800004,18800005,18800038,18800039,18810004,18810005,18810084,18810085,18820004,18820005
multiwave 99999 99999 18820000 18820106,18820107,18830004,18830005,18830089,18830090,18840004,18840005,18840097,18840098,18850004,18850005,18850063,18850064,18860004,18860005,18860102,18860103,18870004,18870005
multiwave 99999 99999 18870000 18870077,18870078,18880004,18880005,18880054,18880055,18890004,18890005,18890027,18890028,18900004,18900005,18900074,18900075,18910004,18910005,18910056,18910057,18920003,18920004
multiwave 99999 99999 18920000 18920042,18920043,18930004,18930005,18930015,18930016,18940004,18940005,18940015,18940016,18950004,18950005,18950047,18950048,18960004,18960005,18960081,18960082,18970004,18970005
multiwave 99999 99999 18970000 18970049,18970050,18980004,18980005,18980050,18980051,18990004,18990005,18990026,18990027,19000004,19000005,19000070,19000071,19010004,19010005,19010077,19010078,19020004,19020005
multiwave 99999 99999 19020000 19020087,19020088,19030004,19030005,19030087,19030088,19040004,19040005,19040086,19040087,19050004,19050005,19050069,19050070,19060004,19060005,19060081,19060082,19070004,19070005
multiwave 99999 99999 19070000 19070089,19070090,19080004,19080005,19080029,19080030,19090006,19090007,19090090,19090091,19100004,19100005,19100089,19100090,19110004,19110005,19110089,19110090,19120004,19120005
multiwave 99999 99999 19120000 19120094,19120095,19130004,19130005,19130093,19130094,19140004,19140005,19140089,19140090,19150004,19150005,19150015,19150016,19160004,19160005,19160015,19160016,19170004,19170005
multiwave 99999 99999 19170000 19170015,19170016,19180004,19180005,19180039,19180040,19190004,19190005,19190050,19190051,19200004,19200005,19200079,19200080,19210004,19210005,19210085,19210086,19220004,19220005
multiwave 99999 99999 19220000 19220067,19220068,19230004,19230005,19230081,19230082,19240004,19240005,19240015,19240016,19250004,19250005,19250015,19250016,19260004,19260005,19260049,19260050,19270004,19270005
multiwave 99999 99999 19270000 19270015,19270016,19280003,19280004,19280038,19280039,19290004,19290005,19290019,19290020,19300003,19300004,19300084,19300085,19310004,19310005,19310059,19310060,19320004,19320005
multiwave 99999 99999 19320000 19320015,19320016,19330004,19330005,19330082,19330083,19340004,19340005,19340078,19340079,19350004,19350005,19350045,19350046,19360004,19360005,19360090,19360091,19370004,19370005
multiwave 99999 99999 19370000 19370087,19370088,19380004,19380005,19380089,19380090,19390004,19390005,19390028,19390029,19400003,19400004,19400089,19400090,19410004,19410005,19410087,19410088,19420003,19420004
multiwave 99999 99999 19420000 19420076,19420077,19430004,19430005,19430063,19430064,19440004,19440005,19440076,19440077,19450004,19450005,19450041,19450042,19460004,19460005,19460032,19460033,19470004,19470005
multiwave 99999 99999 19470000 19470031,19470032,19480004,19480005,19480039,19480040,19490004,19490005,19490078,19490079,19500004,19500005,19510004,19510005,19510077,19510078,19520004,19520005,19520056,19520057
multiwave 99999 99999 19530000 19530004,19530005,19530049,19530050,19540004,19540005,19540070,19540071,19550004,19550005,19550033,19550034,19560004,19560005,19560065,19560066,19570005,19570006,19570078,19570079
multiwave 99999 99999 19580000 19580003,19580004,19580070,19580071,19590004,19590005,19590091,19590092,19600003,19600004,19600085,19600086,19610004,19610005,19610015,19610016,19620004,19620005,19620085,19620086
multiwave 99999 99999 19630000 19630004,19630005,19630015,19630016,19640005,19640006,19640016,19640017,19650004,19650005,19650039,19650040,19660004,19660005,19660093,19660094,19670004,19670005,19670086,19670087
multiwave 99999 99999 19680000 19680004,19680005,19680082,19680083,19690004,19690005,19690039,19690040,19700004,19700005,19700085,19700086,19710004,19710005,19710085,19710086,19720004,19720005,19720077,19720078
multiwave 99999 99999 19730000 19730004,19730005,19730083,19730084,19740003,19740004,19740085,19740086,19750004,19750005,19750070,19750071,19760003,19760004,19760065,19760066,19770004,19770005,19770024,19770025
multiwave 99999 99999 19780000 19780015,19780016,19790004,19790005,19790015,19790016,19800004,19800005,19800032,19800033,19810004,19810005,19810059,19810060,19820004,19820005,19820046,19820047,19830004,19830005
multiwave 99999 99999 19830000 19830015,19830016,19840004,19840005,19840015,19840016,19850003,19850004,19850014,19850015,19860005,19860006,19860048,19860049,19870004,19870005,19870024,19870025,19880004,19880005
multiwave 99999 99999 19880000 19880048,19880049,19890003,19890004,19890054,19890055,19900003,19900004,19900082,19900083,19910004,19910005,19910080,19910081,19920004,19920005,19920079,19920080,19930004,19930005
multiwave 99999 99999 19930000 19930079,19930080,19940004,19940005,19940082,19940083,19950004,19950005,19950072,19950073,19960004,19960005,19960074,19960075,19970004,19970005,19970076,19970077,19980004,19980005
multiwave 99999 99999 19980000 19980075,19980076,19990004,19990005,19990038,19990039,20000004,20000005,20000042,20000043,20010004,20010005,20010015,20010016,20020004,20020005,20020015,20020016,20030003,20030004
multiwave 99999 99999 20030000 20030045,20030046,20040003,20040004,20040034,20040035,20050004,20050005,20050017,20050018,20060004,20060005,20060056,20060057,20070004,20070005,20070046,20070047,20080004,20080005
multiwave 99999 99999 20080000 20080041,20080042,20090013,20090014,20090024,20090025,20100004,20100005,20100053,20100054,20110004,20110005,20110066,20110067,20120004,20120005,20120044,20120045,20130003,20130004
multiwave 99999 99999 20130000 20130051,20130052,20140003,20140004,20140052,20140053,20150004,20150005,20150022,20150023,20160004,20160005,20160046,20160047,20170004,20170005,20170066,20170067,20180004,20180005
multiwave 99999 99999 20180000 20180071,20180072
