lsf 99999 99999 22670019 22670019 22670001
lsf 99999 99999 22670020 22670020 22670001
wave 99999 99999 22680003 22680003,22680004 22680002
lsf 99999 99999 22680011 22680011 22680009
wave 99999 99999 22690053 22690053,22690054 22690052
wave 99999 99999 22690085 22690085,22690086 22690084
wave 99999 99999 22690115 22690115,22690116 22690117
wave 99999 99999 22700007 22700007,22700008 22700009
wave 99999 99999 22700022 22700022,22700023 22700024
wave 99999 99999 22700103 22700103,22700104 22700102
wave 99999 99999 22710004 22710004,22710005 22710006
lsf 99999 99999 22710052 22710052 22710053
wave 99999 99999 22710074 22710074,22710075 22710076
wave 99999 99999 22870006 22870006,22870007 22870008
wave 99999 99999 22880004 22880004,22880005 22880006
wave 99999 99999 22880078 22880078,22880079 22880080
wave 99999 99999 22890004 22890004,22890005 22890006
wave 99999 99999 22890090 22890090,22890091 22890092
wave 99999 99999 22900004 22900004,22900005 22900006
wave 99999 99999 22900068 22900068,22900069 22900070
wave 99999 99999 22910004 22910004,22910005 22910006
wave 99999 99999 22910043 22910043,22910044 22910045
wave 99999 99999 22920004 22920004,22920005 22920006
wave 99999 99999 22920078 22920078,22920079 22920080
wave 99999 99999 22930004 22930004,22930005 22930006
wave 99999 99999 22930069 22930069,22930070 22930071
wave 99999 99999 22940004 22940004,22940005 22940006
lsf 99999 99999 22940020 22940020 22940021
wave 99999 99999 22940040 22940040,22940041 22940042
wave 99999 99999 22950004 22950004,22950005 22950006
wave 99999 99999 22950019 22950019,22950020 22950021
wave 99999 99999 22960004 22960004,22960005 22960006
wave 99999 99999 22960016 22960016,22960017 22960018
wave 99999 99999 22970004 22970004,22970005 22970006
wave 99999 99999 22970038 22970038,22970039 22970040
wave 99999 99999 23150075 23150075,23150076 23150077
wave 99999 99999 23160004 23160004,23160005 23160006
wave 99999 99999 23160074 23160074,23160075 23160076
wave 99999 99999 23170003 23170003,23170004 23170002
wave 99999 99999 23170027 23170027,23170028 23170029
wave 99999 99999 23180004 23180004,23180005 23180006
wave 99999 99999 23180020 23180020,23180021 23180022
wave 99999 99999 23190004 23190004,23190005 23190006
wave 99999 99999 23190049 23190049,23190050 23190051
wave 99999 99999 23200004 23200004,23200005 23200006
wave 99999 99999 23210004 23210004,23210005 23210006
wave 99999 99999 23210028 23210028,23210029 23210030
wave 99999 99999 23500006 23500006,23500007 23500008
wave 99999 99999 23500015 23500015,23500016 23500017
wave 99999 99999 23510005 23510005,23510006 23510007
wave 99999 99999 23510071 23510071,23510072 23510073
wave 99999 99999 23520005 23520005,23520006 23520007
wave 99999 99999 23520093 23520093,23520094 23520095
wave 99999 99999 23530005 23530005,23530006 23530007
lsf 99999 99999 23530086 23530086 23530075
wave 99999 99999 23530092 23530092,23530093 23530094
wave 99999 99999 23540005 23540005,23540006 23540007
wave 99999 99999 23540095 23540095,23540096 23540097
wave 99999 99999 23550006 23550006,23550007 23550008
wave 99999 99999 23550074 23550074,23550075 23550076
wave 99999 99999 23560005 23560005,23560006 23560007
wave 99999 99999 23560058 23560058,23560059 23560060
wave 99999 99999 23570007 23570007,23570008 23570009
wave 99999 99999 23570016 23570016,23570017 23570018
wave 99999 99999 23580005 23580005,23580006 23580007
wave 99999 99999 23580044 23580044,23580045 23580046
wave 99999 99999 23590005 23590005,23590006 23590007
wave 99999 99999 23590019 23590019,23590020 23590021
wave 99999 99999 23760005 23760005,23760006 23760007
wave 99999 99999 23760048 23760048,23760049 23760050
wave 99999 99999 23770005 23770005,23770006 23770007
wave 99999 99999 23770032 23770032,23770033 23770034
wave 99999 99999 23780005 23780005,23780006 23780007
wave 99999 99999 23780049 23780049,23780050 23780051
wave 99999 99999 23790005 23790005,23790006 23790007
wave 99999 99999 23790068 23790068,23790069 23790070
wave 99999 99999 23800005 23800005,23800006 23800007
wave 99999 99999 23800091 23800091,23800092 23800093
wave 99999 99999 23810005 23810005,23810006 23810007
wave 99999 99999 23820088 23820088,23820089 23820090
wave 99999 99999 23830005 23830005,23830006 23830007
wave 99999 99999 23830103 23830103,23830104 23830105
wave 99999 99999 23840005 23840005,23840006 23840007
wave 99999 99999 23840084 23840084,23840085 23840086
wave 99999 99999 23850005 23850005,23850006 23850007
wave 99999 99999 23850029 23850029,23850030 23850031
wave 99999 99999 23860005 23860005,23860006 23860007
wave 99999 99999 23860102 23860102,23860103 23860104
wave 99999 99999 23870005 23870005,23870006 23870007
wave 99999 99999 23870091 23870091,23870092 23870093
wave 99999 99999 23880005 23880005,23880006 23880007
wave 99999 99999 23880035 23880035,23880036 23880037
multiwave 99999 99999 22680000 22680003,22680004,22690053,22690054,22690085,22690086,22690115,22690116,22700007,22700008,22700022,22700023,22700103,22700104,22710004,22710005,22710074,22710075,22870006,22870007
multiwave 99999 99999 22880000 22880004,22880005,22880078,22880079,22890004,22890005,22890090,22890091,22900004,22900005,22900068,22900069,22910004,22910005,22910043,22910044,22920004,22920005,22920078,22920079
multiwave 99999 99999 22930000 22930004,22930005,22930069,22930070,22940004,22940005,22940040,22940041,22950004,22950005,22950019,22950020,22960004,22960005,22960016,22960017,22970004,22970005,22970038,22970039
multiwave 99999 99999 23150000 23150075,23150076,23160004,23160005,23160074,23160075,23170003,23170004,23170027,23170028,23180004,23180005,23180020,23180021,23190004,23190005,23190049,23190050,23200004,23200005
multiwave 99999 99999 23210000 23210004,23210005,23210028,23210029,23500006,23500007,23500015,23500016,23510005,23510006,23510071,23510072,23520005,23520006,23520093,23520094,23530005,23530006,23530092,23530093
multiwave 99999 99999 23540000 23540005,23540006,23540095,23540096,23550006,23550007,23550074,23550075,23560005,23560006,23560058,23560059,23570007,23570008,23570016,23570017,23580005,23580006,23580044,23580045
multiwave 99999 99999 23590000 23590005,23590006,23590019,23590020,23760005,23760006,23760048,23760049,23770005,23770006,23770032,23770033,23780005,23780006,23780049,23780050,23790005,23790006,23790068,23790069
multiwave 99999 99999 23800000 23800005,23800006,23800091,23800092,23810005,23810006,23820088,23820089,23830005,23830006,23830103,23830104,23840005,23840006,23840084,23840085,23850005,23850006,23850029,23850030
multiwave 99999 99999 23860000 23860005,23860006,23860102,23860103,23870005,23870006,23870091,23870092,23880005,23880006,23880035,23880036
wave 99999 99999 24060005 24060005,24060006 24060007
wave 99999 99999 24070005 24070005,24070006 24070007
wave 99999 99999 24070029 24070029,24070030 24070031
wave 99999 99999 24080005 24080005,24080006 24080007
wave 99999 99999 24080081 24080081,24080082 24080083
wave 99999 99999 24090005 24090005,24090006 24090007
wave 99999 99999 24090076 24090076,24090077 24090078
wave 99999 99999 24100005 24100005,24100006 24100007
wave 99999 99999 24100103 24100103,24100104 24100105
wave 99999 99999 24110005 24110005,24110006 24110007
lsf 99999 99999 24110081 24110081 24110082
wave 99999 99999 24110102 24110102,24110103 24110104
wave 99999 99999 24120005 24120005,24120006 24120007
lsf 99999 99999 24120067 24120067 24120068
wave 99999 99999 24120088 24120088,24120089 24120090
wave 99999 99999 24130007 24130007,24130008 24130009
wave 99999 99999 24130029 24130029,24130030 24130031
wave 99999 99999 24140004 24140004,24140005 24140006
wave 99999 99999 24140033 24140033,24140034 24140035
wave 99999 99999 24170005 24170005,24170006 24170007
wave 99999 99999 24170015 24170015,24170016 24170017
wave 99999 99999 24620005 24620005,24620006 24620007
wave 99999 99999 24620037 24620037,24620038 24620039
wave 99999 99999 24630005 24630005,24630006 24630007
wave 99999 99999 24640005 24640005,24640006 24640007
wave 99999 99999 24640081 24640081,24640082 24640083
wave 99999 99999 24650005 24650005,24650006 24650007
wave 99999 99999 24650072 24650072,24650073 24650074
wave 99999 99999 24660005 24660005,24660006 24660007
wave 99999 99999 24660082 24660082,24660083 24660084
wave 99999 99999 24670005 24670005,24670006 24670007
wave 99999 99999 24670081 24670081,24670082 24670083
wave 99999 99999 24680005 24680005,24680006 24680007
wave 99999 99999 24680075 24680075,24680076 24680077
wave 99999 99999 24690005 24690005,24690006 24690007
wave 99999 99999 24690074 24690074,24690075 24690076
wave 99999 99999 24700005 24700005,24700006 24700007
wave 99999 99999 24700086 24700086,24700087 24700088
wave 99999 99999 24710005 24710005,24710006 24710007
wave 99999 99999 24710090 24710090,24710091 24710092
wave 99999 99999 24900005 24900005,24900006 24900007
wave 99999 99999 24900068 24900068,24900069 24900070
wave 99999 99999 24910004 24910004,24910005 24910006
wave 99999 99999 24910067 24910067,24910068 24910069
wave 99999 99999 24920005 24920005,24920006 24920007
wave 99999 99999 24920064 24920064,24920065 24920066
wave 99999 99999 24930005 24930005,24930006 24930007
wave 99999 99999 24930074 24930074,24930075 24930076
wave 99999 99999 24940005 24940005,24940006 24940007
wave 99999 99999 24940012 24940012,24940013 24940014
wave 99999 99999 24940072 24940072,24940073 24940074
wave 99999 99999 24950005 24950005,24950006 24950007
wave 99999 99999 24950067 24950067,24950068 24950069
wave 99999 99999 24960006 24960006,24960007 24960008
wave 99999 99999 24960065 24960065,24960066 24960067
wave 99999 99999 24970005 24970005,24970006 24970007
wave 99999 99999 24970052 24970052,24970053 24970054
wave 99999 99999 24980005 24980005,24980006 24980007
wave 99999 99999 24980060 24980060,24980061 24980062
wave 99999 99999 24990005 24990005,24990006 24990007
wave 99999 99999 24990063 24990063,24990064 24990065
wave 99999 99999 25000005 25000005,25000006 25000007
wave 99999 99999 25000065 25000065,25000066 25000067
wave 99999 99999 25010005 25010005,25010006 25010007
wave 99999 99999 25010067 25010067,25010068 25010069
wave 99999 99999 25270006 25270006,25270007 25270008
wave 99999 99999 25270051 25270051,25270052 25270053
wave 99999 99999 25280005 25280005,25280006 25280007
wave 99999 99999 25280049 25280049,25280050 25280051
wave 99999 99999 25290005 25290005,25290006 25290007
wave 99999 99999 25290056 25290056,25290057 25290058
wave 99999 99999 25300005 25300005,25300006 25300007
wave 99999 99999 25300012 25300012,25300013 25300014
wave 99999 99999 25300070 25300070,25300071 25300072
wave 99999 99999 25310005 25310005,25310006 25310007
wave 99999 99999 25320070 25320070,25320071 25320072
wave 99999 99999 25330005 25330005,25330006 25330007
wave 99999 99999 25330070 25330070,25330071 25330072
wave 99999 99999 25340005 25340005,25340006 25340007
wave 99999 99999 25340056 25340056,25340057 25340058
wave 99999 99999 25520005 25520005,25520006 25520007
wave 99999 99999 25520067 25520067,25520068 25520069
wave 99999 99999 25530005 25530005,25530006 25530007
wave 99999 99999 25530070 25530070,25530071 25530072
wave 99999 99999 25540005 25540005,25540006 25540007
wave 99999 99999 25540061 25540061,25540062 25540063
wave 99999 99999 25550005 25550005,25550006 25550007
wave 99999 99999 25550080 25550080,25550081 25550082
wave 99999 99999 25560005 25560005,25560006 25560007
wave 99999 99999 25560078 25560078,25560079 25560080
wave 99999 99999 25570005 25570005,25570006 25570007
wave 99999 99999 25570064 25570064,25570065 25570066
wave 99999 99999 25580005 25580005,25580006 25580007
wave 99999 99999 25580077 25580077,25580078 25580079
wave 99999 99999 25590006 25590006,25590007 25590008
wave 99999 99999 25590062 25590062,25590063 25590064
wave 99999 99999 25600006 25600006,25600007 25600008
wave 99999 99999 25600066 25600066,25600067 25600068
wave 99999 99999 25610005 25610005,25610006 25610007
wave 99999 99999 25610068 25610068,25610069 25610070
wave 99999 99999 25620006 25620006,25620007 25620008
wave 99999 99999 25620069 25620069,25620070 25620071
wave 99999 99999 25830006 25830006,25830007 25830008
wave 99999 99999 25830066 25830066,25830067 25830068
wave 99999 99999 25840005 25840005,25840006 25840007
wave 99999 99999 25840068 25840068,25840069 25840070
wave 99999 99999 25850005 25850005,25850006 25850007
wave 99999 99999 25860005 25860005,25860006 25860007
wave 99999 99999 25870005 25870005,25870006 25870007
wave 99999 99999 25870079 25870079,25870080 25870081
wave 99999 99999 25880005 25880005,25880006 25880007
wave 99999 99999 25880081 25880081,25880082 25880083
wave 99999 99999 25890005 25890005,25890006 25890007
wave 99999 99999 25890074 25890074,25890075 25890076
wave 99999 99999 25900007 25900007,25900008 25900009
wave 99999 99999 25900083 25900083,25900084 25900085
wave 99999 99999 25910006 25910006,25910007 25910008
wave 99999 99999 25910080 25910080,25910081 25910082
wave 99999 99999 25920005 25920005,25920006 25920007
wave 99999 99999 25920081 25920081,25920082 25920083
wave 99999 99999 25930005 25930005,25930006 25930007
wave 99999 99999 25930068 25930068,25930069 25930070
wave 99999 99999 26130005 26130005,26130006 26130007
wave 99999 99999 26140005 26140005,26140006 26140007
wave 99999 99999 26140083 26140083,26140084 26140085
wave 99999 99999 26150005 26150005,26150006 26150007
wave 99999 99999 26150086 26150086,26150087 26150088
wave 99999 99999 26160005 26160005,26160006 26160007
wave 99999 99999 26160091 26160091,26160092 26160093
wave 99999 99999 26170005 26170005,26170006 26170007
wave 99999 99999 26170084 26170084,26170085 26170086
wave 99999 99999 26180005 26180005,26180006 26180007
wave 99999 99999 26180094 26180094,26180095 26180096
wave 99999 99999 26190005 26190005,26190006 26190007
wave 99999 99999 26190094 26190094,26190095 26190096
wave 99999 99999 26200011 26200011,26200012 26200013
wave 99999 99999 26200094 26200094,26200095 26200096
wave 99999 99999 26210005 26210005,26210006 26210007
wave 99999 99999 26210092 26210092,26210093 26210094
wave 99999 99999 26220005 26220005,26220006 26220007
wave 99999 99999 26230006 26230006,26230007 26230008
wave 99999 99999 26230089 26230089,26230090 26230091
wave 99999 99999 26440008 26440008,26440009 26440010
wave 99999 99999 26440089 26440089,26440090 26440091
wave 99999 99999 26450005 26450005,26450006 26450007
wave 99999 99999 26450093 26450093,26450094 26450095
wave 99999 99999 26460005 26460005,26460006 26460007
wave 99999 99999 26460096 26460096,26460097 26460098
wave 99999 99999 26470005 26470005,26470006 26470007
wave 99999 99999 26480005 26480005,26480006 26480007
wave 99999 99999 26480100 26480100,26480101 26480102
wave 99999 99999 26490006 26490006,26490007 26490008
wave 99999 99999 26490099 26490099,26490100 26490101
wave 99999 99999 26500005 26500005,26500006 26500007
wave 99999 99999 26500093 26500093,26500094 26500095
wave 99999 99999 26510005 26510005,26510006 26510007
wave 99999 99999 26510097 26510097,26510098 26510099
wave 99999 99999 26520007 26520007,26520008 26520009
wave 99999 99999 26520100 26520100,26520101 26520102
wave 99999 99999 26530005 26530005,26530006 26530007
wave 99999 99999 26530060 26530060,26530061 26530062
wave 99999 99999 26720005 26720005,26720006 26720007
wave 99999 99999 26720015 26720015,26720016 26720017
wave 99999 99999 26730005 26730005,26730006 26730007
lsf 99999 99999 26730016 26730016 26730017
wave 99999 99999 26730086 26730086,26730087 26730088
wave 99999 99999 26740005 26740005,26740006 26740007
wave 99999 99999 26740099 26740099,26740100 26740101
wave 99999 99999 26750007 26750007,26750008 26750009
wave 99999 99999 26750028 26750028,26750029 26750030
wave 99999 99999 26760005 26760005,26760006 26760007
wave 99999 99999 26760093 26760093,26760094 26760095
wave 99999 99999 26770005 26770005,26770006 26770007
wave 99999 99999 26770023 26770023,26770024 26770025
wave 99999 99999 26780005 26780005,26780006 26780007
lsf 99999 99999 26780040 26780040 26780031
wave 99999 99999 26780046 26780046,26780047 26780048
wave 99999 99999 26790005 26790005,26790006 26790007
wave 99999 99999 26790102 26790102,26790103 26790104
wave 99999 99999 26800005 26800005,26800006 26800007
wave 99999 99999 26800089 26800089,26800090 26800091
wave 99999 99999 26810005 26810005,26810006 26810007
wave 99999 99999 26810095 26810095,26810096 26810097
wave 99999 99999 26990007 26990007,26990008 26990009
lsf 99999 99999 26990075 26990075 26990070
wave 99999 99999 26990081 26990081,26990082 26990083
wave 99999 99999 27000005 27000005,27000006 27000007
wave 99999 99999 27000075 27000075,27000076 27000077
wave 99999 99999 27010005 27010005,27010006 27010007
wave 99999 99999 27010081 27010081,27010082 27010083
wave 99999 99999 27020005 27020005,27020006 27020007
wave 99999 99999 27020077 27020077,27020078 27020079
wave 99999 99999 27030005 27030005,27030006 27030007
wave 99999 99999 27030099 27030099,27030100 27030101
wave 99999 99999 27040005 27040005,27040006 27040007
wave 99999 99999 27040051 27040051,27040052 27040053
wave 99999 99999 27050005 27050005,27050006 27050007
wave 99999 99999 27050014 27050014,27050015 27050016
wave 99999 99999 27060005 27060005,27060006 27060007
wave 99999 99999 27060020 27060020,27060021 27060022
wave 99999 99999 27070005 27070005,27070006 27070007
wave 99999 99999 27070023 27070023,27070024 27070025
wave 99999 99999 27080005 27080005,27080006 27080007
lsf 99999 99999 27080016 27080016 27080017
wave 99999 99999 27080057 27080057,27080058 27080059
wave 99999 99999 27090005 27090005,27090006 27090007
wave 99999 99999 27090077 27090077,27090078 27090079
wave 99999 99999 27100005 27100005,27100006 27100007
wave 99999 99999 27100095 27100095,27100096 27100097
wave 99999 99999 27110005 27110005,27110006 27110007
wave 99999 99999 27110080 27110080,27110081 27110082
wave 99999 99999 27120005 27120005,27120006 27120007
wave 99999 99999 27130005 27130005,27130006 27130007
wave 99999 99999 27130088 27130088,27130089 27130090
wave 99999 99999 27280006 27280006,27280007 27280008
wave 99999 99999 27280093 27280093,27280094 27280095
wave 99999 99999 27290005 27290005,27290006 27290007
wave 99999 99999 27290095 27290095,27290096 27290097
wave 99999 99999 27300005 27300005,27300006 27300007
wave 99999 99999 27300082 27300082,27300083 27300084
wave 99999 99999 27310005 27310005,27310006 27310007
wave 99999 99999 27310054 27310054,27310055 27310056
wave 99999 99999 27320005 27320005,27320006 27320007
wave 99999 99999 27320097 27320097,27320098 27320099
wave 99999 99999 27330007 27330007,27330008 27330009
wave 99999 99999 27330017 27330017,27330018 27330019
wave 99999 99999 27330101 27330101,27330102 27330103
wave 99999 99999 27340005 27340005,27340006 27340007
lsf 99999 99999 27340080 27340080 27340077
lsf 99999 99999 27340082 27340082 27340077
wave 99999 99999 27340092 27340092,27340093 27340094
wave 99999 99999 27350005 27350005,27350006 27350007
wave 99999 99999 27350100 27350100,27350101 27350102
wave 99999 99999 27360005 27360005,27360006 27360007
lsf 99999 99999 27360060 27360060 27360061
lsf 99999 99999 27360076 27360076 27360077
wave 99999 99999 27360098 27360098,27360099 27360100
wave 99999 99999 27370005 27370005,27370006 27370007
wave 99999 99999 27370070 27370070,27370071 27370072
wave 99999 99999 27380005 27380005,27380006 27380007
wave 99999 99999 27390005 27390005,27390006 27390007
wave 99999 99999 27400005 27400005,27400006 27400007
wave 99999 99999 27410005 27410005,27410006 27410007
wave 99999 99999 27420005 27420005,27420006 27420007
wave 99999 99999 27570006 27570006,27570007 27570008
wave 99999 99999 27570015 27570015,27570016 27570017
wave 99999 99999 27580005 27580005,27580006 27580007
wave 99999 99999 27580045 27580045,27580046 27580047
wave 99999 99999 27590005 27590005,27590006 27590007
wave 99999 99999 27590060 27590060,27590061 27590062
wave 99999 99999 27600005 27600005,27600006 27600007
wave 99999 99999 27610005 27610005,27610006 27610007
wave 99999 99999 27610085 27610085,27610086 27610087
wave 99999 99999 27620005 27620005,27620006 27620007
wave 99999 99999 27620097 27620097,27620098 27620099
wave 99999 99999 27630006 27630006,27630007 27630008
wave 99999 99999 27630053 27630053,27630054 27630055
wave 99999 99999 27640005 27640005,27640006 27640007
wave 99999 99999 27660005 27660005,27660006 27660007
wave 99999 99999 27660100 27660100,27660101 27660102
wave 99999 99999 27670005 27670005,27670006 27670007
wave 99999 99999 27670100 27670100,27670101 27670102
wave 99999 99999 27680005 27680005,27680006 27680007
wave 99999 99999 27680058 27680058,27680059 27680060
wave 99999 99999 27690005 27690005,27690006 27690007
wave 99999 99999 27690085 27690085,27690086 27690087
multiwave 99999 99999 24060000 24060005,24060006,24070005,24070006,24070029,24070030,24080005,24080006,24080081,24080082,24090005,24090006,24090076,24090077,24100005,24100006,24100103,24100104,24110005,24110006
multiwave 99999 99999 24110000 24110102,24110103,24120005,24120006,24120088,24120089,24130007,24130008,24130029,24130030,24140004,24140005,24140033,24140034,24170005,24170006,24170015,24170016,24620005,24620006
multiwave 99999 99999 24620000 24620037,24620038,24630005,24630006,24640005,24640006,24640081,24640082,24650005,24650006,24650072,24650073,24660005,24660006,24660082,24660083,24670005,24670006,24670081,24670082
multiwave 99999 99999 24680000 24680005,24680006,24680075,24680076,24690005,24690006,24690074,24690075,24700005,24700006,24700086,24700087,24710005,24710006,24710090,24710091,24900005,24900006,24900068,24900069
multiwave 99999 99999 24910000 24910004,24910005,24910067,24910068,24920005,24920006,24920064,24920065,24930005,24930006,24930074,24930075,24940005,24940006,24940012,24940013,24940072,24940073,24950005,24950006
multiwave 99999 99999 24950000 24950067,24950068,24960006,24960007,24960065,24960066,24970005,24970006,24970052,24970053,24980005,24980006,24980060,24980061,24990005,24990006,24990063,24990064,25000005,25000006
multiwave 99999 99999 25000000 25000065,25000066,25010005,25010006,25010067,25010068,25270006,25270007,25270051,25270052,25280005,25280006,25280049,25280050,25290005,25290006,25290056,25290057,25300005,25300006
multiwave 99999 99999 25300000 25300012,25300013,25300070,25300071,25310005,25310006,25320070,25320071,25330005,25330006,25330070,25330071,25340005,25340006,25340056,25340057,25520005,25520006,25520067,25520068
multiwave 99999 99999 25530000 25530005,25530006,25530070,25530071,25540005,25540006,25540061,25540062,25550005,25550006,25550080,25550081,25560005,25560006,25560078,25560079,25570005,25570006,25570064,25570065
multiwave 99999 99999 25580000 25580005,25580006,25580077,25580078,25590006,25590007,25590062,25590063,25600006,25600007,25600066,25600067,25610005,25610006,25610068,25610069,25620006,25620007,25620069,25620070
multiwave 99999 99999 25830000 25830006,25830007,25830066,25830067,25840005,25840006,25840068,25840069,25850005,25850006,25860005,25860006,25870005,25870006,25870079,25870080,25880005,25880006,25880081,25880082
multiwave 99999 99999 25890000 25890005,25890006,25890074,25890075,25900007,25900008,25900083,25900084,25910006,25910007,25910080,25910081,25920005,25920006,25920081,25920082,25930005,25930006,25930068,25930069
multiwave 99999 99999 26130000 26130005,26130006,26140005,26140006,26140083,26140084,26150005,26150006,26150086,26150087,26160005,26160006,26160091,26160092,26170005,26170006,26170084,26170085,26180005,26180006
multiwave 99999 99999 26180000 26180094,26180095,26190005,26190006,26190094,26190095,26200011,26200012,26200094,26200095,26210005,26210006,26210092,26210093,26220005,26220006,26230006,26230007,26230089,26230090
multiwave 99999 99999 26440000 26440008,26440009,26440089,26440090,26450005,26450006,26450093,26450094,26460005,26460006,26460096,26460097,26470005,26470006,26480005,26480006,26480100,26480101,26490006,26490007
multiwave 99999 99999 26490000 26490099,26490100,26500005,26500006,26500093,26500094,26510005,26510006,26510097,26510098,26520007,26520008,26520100,26520101,26530005,26530006,26530060,26530061,26720005,26720006
multiwave 99999 99999 26720000 26720015,26720016,26730005,26730006,26730086,26730087,26740005,26740006,26740099,26740100,26750007,26750008,26750028,26750029,26760005,26760006,26760093,26760094,26770005,26770006
multiwave 99999 99999 26770000 26770023,26770024,26780005,26780006,26780046,26780047,26790005,26790006,26790102,26790103,26800005,26800006,26800089,26800090,26810005,26810006,26810095,26810096,26990007,26990008
multiwave 99999 99999 26990000 26990081,26990082,27000005,27000006,27000075,27000076,27010005,27010006,27010081,27010082,27020005,27020006,27020077,27020078,27030005,27030006,27030099,27030100,27040005,27040006
multiwave 99999 99999 27040000 27040051,27040052,27050005,27050006,27050014,27050015,27060005,27060006,27060020,27060021,27070005,27070006,27070023,27070024,27080005,27080006,27080057,27080058,27090005,27090006
multiwave 99999 99999 27090000 27090077,27090078,27100005,27100006,27100095,27100096,27110005,27110006,27110080,27110081,27120005,27120006,27130005,27130006,27130088,27130089,27280006,27280007,27280093,27280094
multiwave 99999 99999 27290000 27290005,27290006,27290095,27290096,27300005,27300006,27300082,27300083,27310005,27310006,27310054,27310055,27320005,27320006,27320097,27320098,27330007,27330008,27330017,27330018
multiwave 99999 99999 27330000 27330101,27330102,27340005,27340006,27340092,27340093,27350005,27350006,27350100,27350101,27360005,27360006,27360098,27360099,27370005,27370006,27370070,27370071,27380005,27380006
multiwave 99999 99999 27390000 27390005,27390006,27400005,27400006,27410005,27410006,27420005,27420006,27570006,27570007,27570015,27570016,27580005,27580006,27580045,27580046,27590005,27590006,27590060,27590061
multiwave 99999 99999 27600000 27600005,27600006,27610005,27610006,27610085,27610086,27620005,27620006,27620097,27620098,27630006,27630007,27630053,27630054,27640005,27640006,27660005,27660006,27660100,27660101
multiwave 99999 99999 27670000 27670005,27670006,27670100,27670101,27680005,27680006,27680058,27680059,27690005,27690006,27690085,27690086
wave 99999 99999 28190005 28190005,28190006 28190007
wave 99999 99999 28190053 28190053,28190054 28190055
wave 99999 99999 28200005 28200005,28200006 28200007
wave 99999 99999 28200067 28200067,28200068 28200069
wave 99999 99999 28210005 28210005,28210006 28210007
wave 99999 99999 28210079 28210079,28210080 28210081
wave 99999 99999 28220005 28220005,28220006 28220007
lsf 99999 99999 28220044 28220044 28220045
wave 99999 99999 28220075 28220075,28220076 28220077
wave 99999 99999 28230021 28230021,28230022 28230023
wave 99999 99999 28230098 28230098,28230099 28230100
wave 99999 99999 28240005 28240005,28240006 28240007
wave 99999 99999 28240064 28240064,28240065 28240066
wave 99999 99999 28250005 28250005,28250006 28250007
wave 99999 99999 28250046 28250046,28250047 28250048
wave 99999 99999 28260005 28260005,28260006 28260007
wave 99999 99999 28490006 28490006,28490007 28490008
wave 99999 99999 28490084 28490084,28490085 28490086
wave 99999 99999 28500005 28500005,28500006 28500007
lsf 99999 99999 28500022 28500022 28500023
wave 99999 99999 28500075 28500075,28500076 28500077
wave 99999 99999 28510005 28510005,28510006 28510007
wave 99999 99999 28510085 28510085,28510086 28510087
wave 99999 99999 28520005 28520005,28520006 28520007
lsf 99999 99999 28520052 28520052 28520053
wave 99999 99999 28520069 28520069,28520070 28520071
wave 99999 99999 28530005 28530005,28530006 28530007
wave 99999 99999 28530067 28530067,28530068 28530069
wave 99999 99999 28540005 28540005,28540006 28540007
wave 99999 99999 28540063 28540063,28540064 28540065
wave 99999 99999 28550005 28550005,28550006 28550007
lsf 99999 99999 28550050 28550050 28550051
wave 99999 99999 28550067 28550067,28550068 28550069
wave 99999 99999 28560005 28560005,28560006 28560007
wave 99999 99999 28560065 28560065,28560066 28560067
wave 99999 99999 28570005 28570005,28570006 28570007
wave 99999 99999 28570061 28570061,28570062 28570063
wave 99999 99999 28580005 28580005,28580006 28580007
wave 99999 99999 28580028 28580028,28580029 28580030
wave 99999 99999 28590005 28590005,28590006 28590007
wave 99999 99999 28590024 28590024,28590025 28590026
wave 99999 99999 28760006 28760006,28760007 28760008
lsf 99999 99999 28760032 28760032 28760033
wave 99999 99999 28760087 28760087,28760088 28760089
wave 99999 99999 28770005 28770005,28770006 28770007
wave 99999 99999 28770081 28770081,28770082 28770083
wave 99999 99999 28780005 28780005,28780006 28780007
wave 99999 99999 28780083 28780083,28780084 28780085
wave 99999 99999 28790005 28790005,28790006 28790007
wave 99999 99999 28790058 28790058,28790059 28790060
wave 99999 99999 28800005 28800005,28800006 28800007
wave 99999 99999 28800063 28800063,28800064 28800065
wave 99999 99999 28810005 28810005,28810006 28810007
wave 99999 99999 28810046 28810046,28810047 28810048
wave 99999 99999 28820005 28820005,28820006 28820007
lsf 99999 99999 28820021 28820021 28820022
wave 99999 99999 28820062 28820062,28820063 28820064
wave 99999 99999 28830005 28830005,28830006 28830007
wave 99999 99999 28830063 28830063,28830064 28830065
wave 99999 99999 28840005 28840005,28840006 28840007
wave 99999 99999 28840063 28840063,28840064 28840065
wave 99999 99999 28850005 28850005,28850006 28850007
lsf 99999 99999 28850028 28850028 28850029
wave 99999 99999 28850066 28850066,28850067 28850068
wave 99999 99999 28860005 28860005,28860006 28860007
wave 99999 99999 28860065 28860065,28860066 28860067
wave 99999 99999 29060005 29060005,29060006 29060007
lsf 99999 99999 29060049 29060049 29060050
wave 99999 99999 29060079 29060079,29060080 29060081
wave 99999 99999 29070005 29070005,29070006 29070007
wave 99999 99999 29070082 29070082,29070083 29070084
wave 99999 99999 29080005 29080005,29080006 29080007
wave 99999 99999 29080026 29080026,29080027 29080028
wave 99999 99999 29090005 29090005,29090006 29090007
wave 99999 99999 29090066 29090066,29090067 29090068
wave 99999 99999 29100005 29100005,29100006 29100007
wave 99999 99999 29100065 29100065,29100066 29100067
wave 99999 99999 29110005 29110005,29110006 29110007
lsf 99999 99999 29110035 29110035 29110036
wave 99999 99999 29110063 29110063,29110064 29110065
wave 99999 99999 29120005 29120005,29120006 29120007
wave 99999 99999 29120060 29120060,29120061 29120062
wave 99999 99999 29130005 29130005,29130006 29130007
lsf 99999 99999 29130050 29130050 29130051
wave 99999 99999 29130063 29130063,29130064 29130065
wave 99999 99999 29140005 29140005,29140006 29140007
wave 99999 99999 29140068 29140068,29140069 29140070
wave 99999 99999 29170005 29170005,29170006 29170007
wave 99999 99999 29170058 29170058,29170059 29170060
wave 99999 99999 29180005 29180005,29180006 29180007
wave 99999 99999 29180063 29180063,29180064 29180065
wave 99999 99999 29190005 29190005,29190006 29190007
wave 99999 99999 29190064 29190064,29190065 29190066
wave 99999 99999 29380005 29380005,29380006 29380007
lsf 99999 99999 29380037 29380037 29380038
wave 99999 99999 29380063 29380063,29380064 29380065
wave 99999 99999 29390005 29390005,29390006 29390007
wave 99999 99999 29390072 29390072,29390073 29390074
wave 99999 99999 29400005 29400005,29400006 29400007
wave 99999 99999 29400076 29400076,29400077 29400078
wave 99999 99999 29410005 29410005,29410006 29410007
wave 99999 99999 29410076 29410076,29410077 29410078
wave 99999 99999 29420005 29420005,29420006 29420007
wave 99999 99999 29420078 29420078,29420079 29420080
wave 99999 99999 29430005 29430005,29430006 29430007
lsf 99999 99999 29430061 29430061 29430062
wave 99999 99999 29430082 29430082,29430083 29430084
wave 99999 99999 29440005 29440005,29440006 29440007
wave 99999 99999 29440077 29440077,29440078 29440079
wave 99999 99999 29450005 29450005,29450006 29450007
wave 99999 99999 29450061 29450061,29450062 29450063
wave 99999 99999 29460005 29460005,29460006 29460007
wave 99999 99999 29460078 29460078,29460079 29460080
wave 99999 99999 29470005 29470005,29470006 29470007
wave 99999 99999 29470076 29470076,29470077 29470078
wave 99999 99999 29980005 29980005,29980006 29980007
lsf 99999 99999 29980052 29980052 29980053
wave 99999 99999 29980078 29980078,29980079 29980080
wave 99999 99999 29990005 29990005,29990006 29990007
wave 99999 99999 29990083 29990083,29990084 29990085
wave 99999 99999 30000005 30000005,30000006 30000007
wave 99999 99999 30000085 30000085,30000086 30000087
wave 99999 99999 30010005 30010005,30010006 30010007
wave 99999 99999 30010089 30010089,30010090 30010091
wave 99999 99999 30020005 30020005,30020006 30020007
lsf 99999 99999 30020031 30020031 30020032
wave 99999 99999 30020094 30020094,30020095 30020096
wave 99999 99999 30030006 30030006,30030007 30030008
wave 99999 99999 30030082 30030082,30030083 30030084
wave 99999 99999 30040005 30040005,30040006 30040007
wave 99999 99999 30040088 30040088,30040089 30040090
wave 99999 99999 30280005 30280005,30280006 30280007
lsf 99999 99999 30280049 30280049 30280050
wave 99999 99999 30280093 30280093,30280094 30280095
wave 99999 99999 30290005 30290005,30290006 30290007
wave 99999 99999 30300008 30300008,30300009 30300010
wave 99999 99999 30300086 30300086,30300087 30300088
wave 99999 99999 30310005 30310005,30310006 30310007
wave 99999 99999 30310092 30310092,30310093 30310094
wave 99999 99999 30320005 30320005,30320006 30320007
lsf 99999 99999 30320078 30320078 30320079
wave 99999 99999 30320095 30320095,30320096 30320097
wave 99999 99999 30330005 30330005,30330006 30330007
wave 99999 99999 30330043 30330043,30330044 30330045
wave 99999 99999 30340005 30340005,30340006 30340007
wave 99999 99999 30340014 30340014,30340015 30340016
wave 99999 99999 30350005 30350005,30350006 30350007
wave 99999 99999 30350040 30350040,30350041 30350042
wave 99999 99999 30360005 30360005,30360006 30360007
wave 99999 99999 30360019 30360019,30360020 30360021
wave 99999 99999 30480005 30480005,30480006 30480007
wave 99999 99999 30540005 30540005,30540006 30540007
wave 99999 99999 30540093 30540093,30540094 30540095
wave 99999 99999 30550005 30550005,30550006 30550007
lsf 99999 99999 30550031 30550031 30550032
wave 99999 99999 30550097 30550097,30550098 30550099
wave 99999 99999 30560005 30560005,30560006 30560007
wave 99999 99999 30560105 30560105,30560106 30560107
wave 99999 99999 30570005 30570005,30570006 30570007
wave 99999 99999 30570079 30570079,30570080 30570081
wave 99999 99999 30580005 30580005,30580006 30580007
wave 99999 99999 30580038 30580038,30580039 30580040
wave 99999 99999 30590005 30590005,30590006 30590007
wave 99999 99999 30590090 30590090,30590091 30590092
wave 99999 99999 30600005 30600005,30600006 30600007
wave 99999 99999 30600075 30600075,30600076 30600077
wave 99999 99999 30640005 30640005,30640006 30640007
lsf 99999 99999 30640023 30640023 30640024
wave 99999 99999 30640074 30640074,30640075 30640076
wave 99999 99999 30650005 30650005,30650006 30650007
wave 99999 99999 30650061 30650061,30650062 30650063
wave 99999 99999 30660005 30660005,30660006 30660007
wave 99999 99999 30660014 30660014,30660015 30660016
wave 99999 99999 30670005 30670005,30670006 30670007
wave 99999 99999 30670014 30670014,30670015 30670016
wave 99999 99999 30680005 30680005,30680006 30680007
wave 99999 99999 30680014 30680014,30680015 30680016
wave 99999 99999 30820005 30820005,30820006 30820007
lsf 99999 99999 30820029 30820029 30820030
wave 99999 99999 30820104 30820104,30820105 30820106
wave 99999 99999 30830005 30830005,30830006 30830007
wave 99999 99999 30830017 30830017,30830018 30830019
wave 99999 99999 30840005 30840005,30840006 30840007
wave 99999 99999 30840014 30840014,30840015 30840016
wave 99999 99999 30850005 30850005,30850006 30850007
wave 99999 99999 30850014 30850014,30850015 30850016
wave 99999 99999 30860005 30860005,30860006 30860007
wave 99999 99999 30860017 30860017,30860018 30860019
wave 99999 99999 30870005 30870005,30870006 30870007
wave 99999 99999 30870020 30870020,30870021 30870022
wave 99999 99999 30910005 30910005,30910006 30910007
wave 99999 99999 30910014 30910014,30910015 30910016
wave 99999 99999 30920005 30920005,30920006 30920007
wave 99999 99999 30920089 30920089,30920090 30920091
wave 99999 99999 30930005 30930005,30930006 30930007
wave 99999 99999 30930098 30930098,30930099 30930100
wave 99999 99999 30940005 30940005,30940006 30940007
wave 99999 99999 30940101 30940101,30940102 30940103
wave 99999 99999 30950005 30950005,30950006 30950007
wave 99999 99999 30950105 30950105,30950106 30950107
wave 99999 99999 30960005 30960005,30960006 30960007
wave 99999 99999 30960071 30960071,30960072 30960073
wave 99999 99999 30970005 30970005,30970006 30970007
wave 99999 99999 30970014 30970014,30970015 30970016
wave 99999 99999 30980005 30980005,30980006 30980007
wave 99999 99999 30980098 30980098,30980099 30980100
wave 99999 99999 31120005 31120005,31120006 31120007
wave 99999 99999 31130010 31130010,31130011 31130012
wave 99999 99999 31130102 31130102,31130103 31130104
wave 99999 99999 31140005 31140005,31140006 31140007
wave 99999 99999 31140057 31140057,31140058 31140059
wave 99999 99999 31150005 31150005,31150006 31150007
wave 99999 99999 31150099 31150099,31150100 31150101
wave 99999 99999 31190005 31190005,31190006 31190007
wave 99999 99999 31190087 31190087,31190088 31190089
wave 99999 99999 31200005 31200005,31200006 31200007
wave 99999 99999 31200105 31200105,31200106 31200107
wave 99999 99999 31210005 31210005,31210006 31210007
wave 99999 99999 31210102 31210102,31210103 31210104
wave 99999 99999 31220005 31220005,31220006 31220007
wave 99999 99999 31220106 31220106,31220107 31220108
wave 99999 99999 31230005 31230005,31230006 31230007
wave 99999 99999 31230085 31230085,31230086 31230087
wave 99999 99999 31240005 31240005,31240006 31240007
wave 99999 99999 31240014 31240014,31240015 31240016
wave 99999 99999 31250005 31250005,31250006 31250007
wave 99999 99999 31250017 31250017,31250018 31250019
wave 99999 99999 31260005 31260005,31260006 31260007
wave 99999 99999 31260077 31260077,31260078 31260079
wave 99999 99999 31270005 31270005,31270006 31270007
lsf 99999 99999 31270065 31270065 31270066
wave 99999 99999 31270108 31270108,31270109 31270110
multiwave 99999 99999 28190000 28190005,28190006,28190053,28190054,28200005,28200006,28200067,28200068,28210005,28210006,28210079,28210080,28220005,28220006,28220075,28220076,28230021,28230022,28230098,28230099
multiwave 99999 99999 28240000 28240005,28240006,28240064,28240065,28250005,28250006,28250046,28250047,28260005,28260006,28490006,28490007,28490084,28490085,28500005,28500006,28500075,28500076,28510005,28510006
multiwave 99999 99999 28510000 28510085,28510086,28520005,28520006,28520069,28520070,28530005,28530006,28530067,28530068,28540005,28540006,28540063,28540064,28550005,28550006,28550067,28550068,28560005,28560006
multiwave 99999 99999 28560000 28560065,28560066,28570005,28570006,28570061,28570062,28580005,28580006,28580028,28580029,28590005,28590006,28590024,28590025,28760006,28760007,28760087,28760088,28770005,28770006
multiwave 99999 99999 28770000 28770081,28770082,28780005,28780006,28780083,28780084,28790005,28790006,28790058,28790059,28800005,28800006,28800063,28800064,28810005,28810006,28810046,28810047,28820005,28820006
multiwave 99999 99999 28820000 28820062,28820063,28830005,28830006,28830063,28830064,28840005,28840006,28840063,28840064,28850005,28850006,28850066,28850067,28860005,28860006,28860065,28860066,29060005,29060006
multiwave 99999 99999 29060000 29060079,29060080,29070005,29070006,29070082,29070083,29080005,29080006,29080026,29080027,29090005,29090006,29090066,29090067,29100005,29100006,29100065,29100066,29110005,29110006
multiwave 99999 99999 29110000 29110063,29110064,29120005,29120006,29120060,29120061,29130005,29130006,29130063,29130064,29140005,29140006,29140068,29140069,29170005,29170006,29170058,29170059,29180005,29180006
multiwave 99999 99999 29180000 29180063,29180064,29190005,29190006,29190064,29190065,29380005,29380006,29380063,29380064,29390005,29390006,29390072,29390073,29400005,29400006,29400076,29400077,29410005,29410006
multiwave 99999 99999 29410000 29410076,29410077,29420005,29420006,29420078,29420079,29430005,29430006,29430082,29430083,29440005,29440006,29440077,29440078,29450005,29450006,29450061,29450062,29460005,29460006
multiwave 99999 99999 29460000 29460078,29460079,29470005,29470006,29470076,29470077,29980005,29980006,29980078,29980079,29990005,29990006,29990083,29990084,30000005,30000006,30000085,30000086,30010005,30010006
multiwave 99999 99999 30010000 30010089,30010090,30020005,30020006,30020094,30020095,30030006,30030007,30030082,30030083,30040005,30040006,30040088,30040089,30280005,30280006,30280093,30280094,30290005,30290006
multiwave 99999 99999 30300000 30300008,30300009,30300086,30300087,30310005,30310006,30310092,30310093,30320005,30320006,30320095,30320096,30330005,30330006,30330043,30330044,30340005,30340006,30340014,30340015
multiwave 99999 99999 30350000 30350005,30350006,30350040,30350041,30360005,30360006,30360019,30360020,30480005,30480006,30540005,30540006,30540093,30540094,30550005,30550006,30550097,30550098,30560005,30560006
multiwave 99999 99999 30560000 30560105,30560106,30570005,30570006,30570079,30570080,30580005,30580006,30580038,30580039,30590005,30590006,30590090,30590091,30600005,30600006,30600075,30600076,30640005,30640006
multiwave 99999 99999 30640000 30640074,30640075,30650005,30650006,30650061,30650062,30660005,30660006,30660014,30660015,30670005,30670006,30670014,30670015,30680005,30680006,30680014,30680015,30820005,30820006
multiwave 99999 99999 30820000 30820104,30820105,30830005,30830006,30830017,30830018,30840005,30840006,30840014,30840015,30850005,30850006,30850014,30850015,30860005,30860006,30860017,30860018,30870005,30870006
multiwave 99999 99999 30870000 30870020,30870021,30910005,30910006,30910014,30910015,30920005,30920006,30920089,30920090,30930005,30930006,30930098,30930099,30940005,30940006,30940101,30940102,30950005,30950006
multiwave 99999 99999 30950000 30950105,30950106,30960005,30960006,30960071,30960072,30970005,30970006,30970014,30970015,30980005,30980006,30980098,30980099,31120005,31120006,31130010,31130011,31130102,31130103
multiwave 99999 99999 31140000 31140005,31140006,31140057,31140058,31150005,31150006,31150099,31150100,31190005,31190006,31190087,31190088,31200005,31200006,31200105,31200106,31210005,31210006,31210102,31210103
multiwave 99999 99999 31220000 31220005,31220006,31220106,31220107,31230005,31230006,31230085,31230086,31240005,31240006,31240014,31240015,31250005,31250006,31250017,31250018,31260005,31260006,31260077,31260078
multiwave 99999 99999 31270000 31270005,31270006,31270108,31270109
wave 99999 99999 31440005 31440005,31440006 31440007
wave 99999 99999 31450005 31450005,31450006 31450007
wave 99999 99999 31450094 31450094,31450095 31450096
wave 99999 99999 31460005 31460005,31460006 31460007
lsf 99999 99999 31460049 31460049 31460050
wave 99999 99999 31460105 31460105,31460106 31460107
wave 99999 99999 31470005 31470005,31470006 31470007
wave 99999 99999 31470101 31470101,31470102 31470103
wave 99999 99999 31480005 31480005,31480006 31480007
wave 99999 99999 31480080 31480080,31480081 31480082
wave 99999 99999 31490005 31490005,31490006 31490007
wave 99999 99999 31490074 31490074,31490075 31490076
wave 99999 99999 31500005 31500005,31500006 31500007
wave 99999 99999 31500083 31500083,31500084 31500085
wave 99999 99999 31510005 31510005,31510006 31510007
wave 99999 99999 31510090 31510090,31510091 31510092
wave 99999 99999 31520005 31520005,31520006 31520007
lsf 99999 99999 31520018 31520018 31520019
wave 99999 99999 31520095 31520095,31520096 31520097
wave 99999 99999 32030005 32030005,32030006 32030007
wave 99999 99999 32030035 32030035,32030036 32030037
wave 99999 99999 32040005 32040005,32040006 32040007
wave 99999 99999 32040067 32040067,32040068 32040069
wave 99999 99999 32050005 32050005,32050006 32050007
wave 99999 99999 32050079 32050079,32050080 32050081
wave 99999 99999 32060005 32060005,32060006 32060007
lsf 99999 99999 32060031 32060031 32060032
wave 99999 99999 32060090 32060090,32060091 32060092
wave 99999 99999 32070005 32070005,32070006 32070007
wave 99999 99999 32070046 32070046,32070047 32070048
wave 99999 99999 32080005 32080005,32080006 32080007
wave 99999 99999 32080014 32080014,32080015 32080016
wave 99999 99999 32090005 32090005,32090006 32090007
wave 99999 99999 32090020 32090020,32090021 32090022
wave 99999 99999 32100005 32100005,32100006 32100007
wave 99999 99999 32100034 32100034,32100035 32100036
wave 99999 99999 32110005 32110005,32110006 32110007
wave 99999 99999 32110079 32110079,32110080 32110081
wave 99999 99999 32120006 32120006,32120007 32120008
wave 99999 99999 32120087 32120087,32120088 32120089
wave 99999 99999 32130005 32130005,32130006 32130007
wave 99999 99999 32130063 32130063,32130064 32130065
wave 99999 99999 32320009 32320009,32320010 32320011
wave 99999 99999 32320087 32320087,32320088 32320089
wave 99999 99999 32330005 32330005,32330006 32330007
lsf 99999 99999 32330027 32330027 32330028
wave 99999 99999 32330084 32330084,32330085 32330086
wave 99999 99999 32340005 32340005,32340006 32340007
wave 99999 99999 32340085 32340085,32340086 32340087
wave 99999 99999 32350005 32350005,32350006 32350007
wave 99999 99999 32350085 32350085,32350086 32350087
wave 99999 99999 32360005 32360005,32360006 32360007
wave 99999 99999 32360063 32360063,32360064 32360065
wave 99999 99999 32370005 32370005,32370006 32370007
wave 99999 99999 32370080 32370080,32370081 32370082
wave 99999 99999 32380005 32380005,32380006 32380007
wave 99999 99999 32380075 32380075,32380076 32380077
wave 99999 99999 32390005 32390005,32390006 32390007
wave 99999 99999 32390068 32390068,32390069 32390070
wave 99999 99999 32400007 32400007,32400008 32400009
wave 99999 99999 32410006 32410006,32410007 32410008
wave 99999 99999 32410020 32410020,32410021 32410022
wave 99999 99999 32410100 32410100,32410101 32410102
wave 99999 99999 32420005 32420005,32420006 32420007
wave 99999 99999 32420074 32420074,32420075 32420076
wave 99999 99999 32430005 32430005,32430006 32430007
lsf 99999 99999 32430027 32430027 32430028
wave 99999 99999 32430075 32430075,32430076 32430077
wave 99999 99999 32610005 32610005,32610006 32610007
wave 99999 99999 32610066 32610066,32610067 32610068
wave 99999 99999 32620005 32620005,32620006 32620007
lsf 99999 99999 32620020 32620020 32620021
wave 99999 99999 32620079 32620079,32620080 32620081
wave 99999 99999 32630005 32630005,32630006 32630007
wave 99999 99999 32630080 32630080,32630081 32630082
wave 99999 99999 32640005 32640005,32640006 32640007
wave 99999 99999 32640074 32640074,32640075 32640076
wave 99999 99999 32650005 32650005,32650006 32650007
wave 99999 99999 32650073 32650073,32650074 32650075
wave 99999 99999 32660005 32660005,32660006 32660007
wave 99999 99999 32660068 32660068,32660069 32660070
wave 99999 99999 32670005 32670005,32670006 32670007
wave 99999 99999 32670072 32670072,32670073 32670074
wave 99999 99999 32680005 32680005,32680006 32680007
wave 99999 99999 32680080 32680080,32680081 32680082
wave 99999 99999 32690005 32690005,32690006 32690007
lsf 99999 99999 32690044 32690044 32690045
wave 99999 99999 32690084 32690084,32690085 32690086
wave 99999 99999 32700005 32700005,32700006 32700007
wave 99999 99999 32700079 32700079,32700080 32700081
wave 99999 99999 32710005 32710005,32710006 32710007
wave 99999 99999 32710053 32710053,32710054 32710055
wave 99999 99999 32720005 32720005,32720006 32720007
wave 99999 99999 32720076 32720076,32720077 32720078
wave 99999 99999 32730005 32730005,32730006 32730007
wave 99999 99999 32730073 32730073,32730074 32730075
wave 99999 99999 32930005 32930005,32930006 32930007
wave 99999 99999 32930065 32930065,32930066 32930067
wave 99999 99999 32940005 32940005,32940006 32940007
wave 99999 99999 32940034 32940034,32940035 32940036
wave 99999 99999 32950005 32950005,32950006 32950007
wave 99999 99999 32950083 32950083,32950084 32950085
wave 99999 99999 32960005 32960005,32960006 32960007
wave 99999 99999 32960077 32960077,32960078 32960079
wave 99999 99999 32970005 32970005,32970006 32970007
wave 99999 99999 32970072 32970072,32970073 32970074
wave 99999 99999 32980005 32980005,32980006 32980007
wave 99999 99999 32980071 32980071,32980072 32980073
wave 99999 99999 32990005 32990005,32990006 32990007
wave 99999 99999 32990074 32990074,32990075 32990076
wave 99999 99999 33000007 33000007,33000008 33000009
wave 99999 99999 33000082 33000082,33000083 33000084
wave 99999 99999 33010005 33010005,33010006 33010007
wave 99999 99999 33010068 33010068,33010069 33010070
wave 99999 99999 33190005 33190005,33190006 33190007
wave 99999 99999 33190030 33190030,33190031 33190032
wave 99999 99999 33200005 33200005,33200006 33200007
lsf 99999 99999 33200035 33200035 33200036
wave 99999 99999 33200059 33200059,33200060 33200061
wave 99999 99999 33210005 33210005,33210006 33210007
wave 99999 99999 33210061 33210061,33210062 33210063
wave 99999 99999 33220005 33220005,33220006 33220007
wave 99999 99999 33220084 33220084,33220085 33220086
wave 99999 99999 33230005 33230005,33230006 33230007
wave 99999 99999 33230080 33230080,33230081 33230082
wave 99999 99999 33240005 33240005,33240006 33240007
wave 99999 99999 33240091 33240091,33240092 33240093
wave 99999 99999 33250005 33250005,33250006 33250007
lsf 99999 99999 33250047 33250047 33250048
wave 99999 99999 33250082 33250082,33250083 33250084
wave 99999 99999 33260005 33260005,33260006 33260007
wave 99999 99999 33260079 33260079,33260080 33260081
wave 99999 99999 33270005 33270005,33270006 33270007
wave 99999 99999 33270085 33270085,33270086 33270087
wave 99999 99999 33280005 33280005,33280006 33280007
wave 99999 99999 33280083 33280083,33280084 33280085
wave 99999 99999 33290006 33290006,33290007 33290008
wave 99999 99999 33290071 33290071,33290072 33290073
wave 99999 99999 33300005 33300005,33300006 33300007
wave 99999 99999 33300083 33300083,33300084 33300085
wave 99999 99999 33310005 33310005,33310006 33310007
wave 99999 99999 33310077 33310077,33310078 33310079
wave 99999 99999 33320005 33320005,33320006 33320007
wave 99999 99999 33320072 33320072,33320073 33320074
wave 99999 99999 33500006 33500006,33500007 33500008
lsf 99999 99999 33500039 33500039 33500040
wave 99999 99999 33500082 33500082,33500083 33500084
wave 99999 99999 33510005 33510005,33510006 33510007
wave 99999 99999 33510074 33510074,33510075 33510076
wave 99999 99999 33520005 33520005,33520006 33520007
wave 99999 99999 33520061 33520061,33520062 33520063
wave 99999 99999 33530005 33530005,33530006 33530007
wave 99999 99999 33530087 33530087,33530088 33530089
wave 99999 99999 33540005 33540005,33540006 33540007
wave 99999 99999 33540079 33540079,33540080 33540081
wave 99999 99999 33550005 33550005,33550006 33550007
wave 99999 99999 33550086 33550086,33550087 33550088
wave 99999 99999 33560005 33560005,33560006 33560007
wave 99999 99999 33560087 33560087,33560088 33560089
wave 99999 99999 33570005 33570005,33570006 33570007
wave 99999 99999 33570084 33570084,33570085 33570086
wave 99999 99999 33580005 33580005,33580006 33580007
lsf 99999 99999 33580023 33580023 33580020
wave 99999 99999 33580084 33580084,33580085 33580086
wave 99999 99999 33590005 33590005,33590006 33590007
lsf 99999 99999 33590036 33590036 33590037
wave 99999 99999 33590091 33590091,33590092 33590093
wave 99999 99999 33600005 33600005,33600006 33600007
wave 99999 99999 33600065 33600065,33600066 33600067
wave 99999 99999 33610005 33610005,33610006 33610007
wave 99999 99999 33610086 33610086,33610087 33610088
multiwave 99999 99999 31440000 31440005,31440006,31450005,31450006,31450094,31450095,31460005,31460006,31460105,31460106,31470005,31470006,31470101,31470102,31480005,31480006,31480080,31480081,31490005,31490006
multiwave 99999 99999 31490000 31490074,31490075,31500005,31500006,31500083,31500084,31510005,31510006,31510090,31510091,31520005,31520006,31520095,31520096,32030005,32030006,32030035,32030036,32040005,32040006
multiwave 99999 99999 32040000 32040067,32040068,32050005,32050006,32050079,32050080,32060005,32060006,32060090,32060091,32070005,32070006,32070046,32070047,32080005,32080006,32080014,32080015,32090005,32090006
multiwave 99999 99999 32090000 32090020,32090021,32100005,32100006,32100034,32100035,32110005,32110006,32110079,32110080,32120006,32120007,32120087,32120088,32130005,32130006,32130063,32130064,32320009,32320010
multiwave 99999 99999 32320000 32320087,32320088,32330005,32330006,32330084,32330085,32340005,32340006,32340085,32340086,32350005,32350006,32350085,32350086,32360005,32360006,32360063,32360064,32370005,32370006
multiwave 99999 99999 32370000 32370080,32370081,32380005,32380006,32380075,32380076,32390005,32390006,32390068,32390069,32400007,32400008,32410006,32410007,32410020,32410021,32410100,32410101,32420005,32420006
multiwave 99999 99999 32420000 32420074,32420075,32430005,32430006,32430075,32430076,32610005,32610006,32610066,32610067,32620005,32620006,32620079,32620080,32630005,32630006,32630080,32630081,32640005,32640006
multiwave 99999 99999 32640000 32640074,32640075,32650005,32650006,32650073,32650074,32660005,32660006,32660068,32660069,32670005,32670006,32670072,32670073,32680005,32680006,32680080,32680081,32690005,32690006
multiwave 99999 99999 32690000 32690084,32690085,32700005,32700006,32700079,32700080,32710005,32710006,32710053,32710054,32720005,32720006,32720076,32720077,32730005,32730006,32730073,32730074,32930005,32930006
multiwave 99999 99999 32930000 32930065,32930066,32940005,32940006,32940034,32940035,32950005,32950006,32950083,32950084,32960005,32960006,32960077,32960078,32970005,32970006,32970072,32970073,32980005,32980006
multiwave 99999 99999 32980000 32980071,32980072,32990005,32990006,32990074,32990075,33000007,33000008,33000082,33000083,33010005,33010006,33010068,33010069,33190005,33190006,33190030,33190031,33200005,33200006
multiwave 99999 99999 33200000 33200059,33200060,33210005,33210006,33210061,33210062,33220005,33220006,33220084,33220085,33230005,33230006,33230080,33230081,33240005,33240006,33240091,33240092,33250005,33250006
multiwave 99999 99999 33250000 33250082,33250083,33260005,33260006,33260079,33260080,33270005,33270006,33270085,33270086,33280005,33280006,33280083,33280084,33290006,33290007,33290071,33290072,33300005,33300006
multiwave 99999 99999 33300000 33300083,33300084,33310005,33310006,33310077,33310078,33320005,33320006,33320072,33320073,33500006,33500007,33500082,33500083,33510005,33510006,33510074,33510075,33520005,33520006
multiwave 99999 99999 33520000 33520061,33520062,33530005,33530006,33530087,33530088,33540005,33540006,33540079,33540080,33550005,33550006,33550086,33550087,33560005,33560006,33560087,33560088,33570005,33570006
multiwave 99999 99999 33570000 33570084,33570085,33580005,33580006,33580084,33580085,33590005,33590006,33590091,33590092,33600005,33600006,33600065,33600066,33610005,33610006,33610086,33610087
wave 99999 99999 33930007 33930007,33930008 33930006
wave 99999 99999 34000004 34000004,34000005 34000003
wave 99999 99999 34010004 34010004,34010005 34010003
wave 99999 99999 34070007 34070007,34070008 34070006
wave 99999 99999 34140007 34140007,34140008 34140006
wave 99999 99999 34210007 34210007,34210008 34210006
wave 99999 99999 34280004 34280004,34280005 34280003
wave 99999 99999 34280015 34280015,34280016 34280014
wave 99999 99999 34350004 34350004,34350005 34350003
wave 99999 99999 34400004 34400004,34400005 34400003
wave 99999 99999 34400015 34400015,34400016 34400014
wave 99999 99999 34410004 34410004,34410005 34410003
wave 99999 99999 34410048 34410048,34410049 34410047
wave 99999 99999 34420004 34420004,34420005 34420003
wave 99999 99999 34420047 34420047,34420048 34420046
wave 99999 99999 34430007 34430007,34430008 34430006
wave 99999 99999 34430075 34430075,34430076 34430074
wave 99999 99999 34440004 34440004,34440005 34440003
wave 99999 99999 34440015 34440015,34440016 34440014
wave 99999 99999 34450007 34450007,34450008 34450006
lsf 99999 99999 34450029 34450029 34450022
lsf 99999 99999 34450030 34450030 34450022
lsf 99999 99999 34450031 34450031 34450033
lsf 99999 99999 34450032 34450032 34450033
wave 99999 99999 34450090 34450090,34450091 34450089
wave 99999 99999 34460004 34460004,34460005 34460003
wave 99999 99999 34460077 34460077,34460078 34460076
wave 99999 99999 34470004 34470004,34470005 34470003
wave 99999 99999 34470052 34470052,34470053 34470051
wave 99999 99999 34480004 34480004,34480005 34480003
wave 99999 99999 34480080 34480080,34480081 34480079
wave 99999 99999 34490004 34490004,34490005 34490003
wave 99999 99999 34490078 34490078,34490079 34490077
wave 99999 99999 34500004 34500004,34500005 34500003
wave 99999 99999 34500026 34500026,34500027 34500025
wave 99999 99999 34510004 34510004,34510005 34510003
wave 99999 99999 34510024 34510024,34510025 34510023
wave 99999 99999 34520003 34520003,34520004 34520002
wave 99999 99999 34520034 34520034,34520035 34520033
wave 99999 99999 34530004 34530004,34530005 34530003
wave 99999 99999 34530047 34530047,34530048 34530046
wave 99999 99999 34540003 34540003,34540004 34540002
wave 99999 99999 34540062 34540062,34540063 34540061
wave 99999 99999 34550004 34550004,34550005 34550003
wave 99999 99999 34550074 34550074,34550075 34550073
wave 99999 99999 34560004 34560004,34560005 34560003
wave 99999 99999 34560083 34560083,34560084 34560082
wave 99999 99999 34570006 34570006,34570007 34570005
wave 99999 99999 34570079 34570079,34570080 34570078
wave 99999 99999 34580004 34580004,34580005 34580003
wave 99999 99999 34580082 34580082,34580083 34580081
wave 99999 99999 34590004 34590004,34590005 34590003
wave 99999 99999 34590082 34590082,34590083 34590081
wave 99999 99999 34600004 34600004,34600005 34600003
wave 99999 99999 34600083 34600083,34600084 34600082
wave 99999 99999 34610004 34610004,34610005 34610003
wave 99999 99999 34610056 34610056,34610057 34610055
wave 99999 99999 34620003 34620003,34620004 34620002
wave 99999 99999 34620015 34620015,34620016 34620014
wave 99999 99999 34620066 34620066,34620067 34620065
wave 99999 99999 34630004 34630004,34630005 34630003
wave 99999 99999 34630048 34630048,34630049 34630047
wave 99999 99999 34640003 34640003,34640004 34640002
wave 99999 99999 34640064 34640064,34640065 34640063
wave 99999 99999 34650004 34650004,34650005 34650003
wave 99999 99999 34650039 34650039,34650040 34650038
wave 99999 99999 34660003 34660003,34660004 34660002
wave 99999 99999 34660014 34660014,34660015 34660013
wave 99999 99999 34670004 34670004,34670005 34670003
wave 99999 99999 34670062 34670062,34670063 34670061
wave 99999 99999 34680004 34680004,34680005 34680003
wave 99999 99999 34680081 34680081,34680082 34680080
wave 99999 99999 34690004 34690004,34690005 34690003
wave 99999 99999 34690086 34690086,34690087 34690085
wave 99999 99999 34700004 34700004,34700005 34700003
wave 99999 99999 34700015 34700015,34700016 34700014
wave 99999 99999 34710004 34710004,34710005 34710003
wave 99999 99999 34710069 34710069,34710070 34710068
wave 99999 99999 34720004 34720004,34720005 34720003
wave 99999 99999 34720051 34720051,34720052 34720050
wave 99999 99999 34730003 34730003,34730004 34730002
wave 99999 99999 34730067 34730067,34730068 34730066
wave 99999 99999 34740004 34740004,34740005 34740003
wave 99999 99999 34740015 34740015,34740016 34740014
wave 99999 99999 34750004 34750004,34750005 34750003
wave 99999 99999 34750017 34750017,34750018 34750016
wave 99999 99999 34760004 34760004,34760005 34760003
wave 99999 99999 34760053 34760053,34760054 34760052
wave 99999 99999 34770004 34770004,34770005 34770003
wave 99999 99999 34770076 34770076,34770077 34770075
wave 99999 99999 34780004 34780004,34780005 34780003
wave 99999 99999 34780079 34780079,34780080 34780078
wave 99999 99999 34790004 34790004,34790005 34790003
wave 99999 99999 34790077 34790077,34790078 34790076
wave 99999 99999 34800004 34800004,34800005 34800003
wave 99999 99999 34800080 34800080,34800081 34800079
wave 99999 99999 34810004 34810004,34810005 34810003
wave 99999 99999 34810033 34810033,34810034 34810032
wave 99999 99999 34820004 34820004,34820005 34820003
wave 99999 99999 34820046 34820046,34820047 34820045
wave 99999 99999 34830004 34830004,34830005 34830003
wave 99999 99999 34830015 34830015,34830016 34830014
wave 99999 99999 34840004 34840004,34840005 34840003
wave 99999 99999 34840038 34840038,34840039 34840037
wave 99999 99999 34850004 34850004,34850005 34850003
wave 99999 99999 34850045 34850045,34850046 34850044
wave 99999 99999 34860004 34860004,34860005 34860003
wave 99999 99999 34860015 34860015,34860016 34860014
wave 99999 99999 34870004 34870004,34870005 34870003
wave 99999 99999 34870015 34870015,34870016 34870014
wave 99999 99999 34880004 34880004,34880005 34880003
wave 99999 99999 34880026 34880026,34880027 34880025
wave 99999 99999 34890004 34890004,34890005 34890003
wave 99999 99999 34890015 34890015,34890016 34890014
wave 99999 99999 34900004 34900004,34900005 34900003
wave 99999 99999 34900015 34900015,34900016 34900014
wave 99999 99999 34910008 34910008,34910009 34910007
wave 99999 99999 34920004 34920004,34920005 34920003
wave 99999 99999 34920015 34920015,34920016 34920014
wave 99999 99999 34930004 34930004,34930005 34930003
wave 99999 99999 34930019 34930019,34930020 34930018
wave 99999 99999 34940004 34940004,34940005 34940003
wave 99999 99999 34940015 34940015,34940016 34940014
wave 99999 99999 34950004 34950004,34950005 34950003
wave 99999 99999 34950055 34950055,34950056 34950054
wave 99999 99999 34960004 34960004,34960005 34960003
wave 99999 99999 34960068 34960068,34960069 34960067
wave 99999 99999 34970018 34970018,34970019 34970017
wave 99999 99999 34970066 34970066,34970067 34970065
wave 99999 99999 34980004 34980004,34980005 34980003
wave 99999 99999 34980079 34980079,34980080 34980078
wave 99999 99999 34990004 34990004,34990005 34990003
wave 99999 99999 34990041 34990041,34990042 34990040
wave 99999 99999 35000004 35000004,35000005 35000003
wave 99999 99999 35000029 35000029,35000030 35000028
wave 99999 99999 35010004 35010004,35010005 35010003
wave 99999 99999 35010040 35010040,35010041 35010039
wave 99999 99999 35020004 35020004,35020005 35020003
wave 99999 99999 35020026 35020026,35020027 35020025
wave 99999 99999 35030004 35030004,35030005 35030003
wave 99999 99999 35030015 35030015,35030016 35030014
wave 99999 99999 35040004 35040004,35040005 35040003
wave 99999 99999 35040049 35040049,35040050 35040048
wave 99999 99999 35050004 35050004,35050005 35050003
wave 99999 99999 35050026 35050026,35050027 35050025
wave 99999 99999 35060005 35060005,35060006 35060004
wave 99999 99999 35060013 35060013,35060014 35060012
wave 99999 99999 35060024 35060024,35060025 35060023
wave 99999 99999 35070004 35070004,35070005 35070003
wave 99999 99999 35070067 35070067,35070068 35070066
wave 99999 99999 35080004 35080004,35080005 35080003
wave 99999 99999 35090004 35090004,35090005 35090003
wave 99999 99999 35090066 35090066,35090067 35090065
wave 99999 99999 35100004 35100004,35100005 35100003
wave 99999 99999 35100054 35100054,35100055 35100053
wave 99999 99999 35110003 35110003,35110004 35110002
wave 99999 99999 35110080 35110080,35110081 35110079
wave 99999 99999 35120018 35120018,35120019 35120017
wave 99999 99999 35120049 35120049,35120050 35120048
wave 99999 99999 35130004 35130004,35130005 35130003
wave 99999 99999 35130022 35130022,35130023 35130021
wave 99999 99999 35140004 35140004,35140005 35140003
wave 99999 99999 35140015 35140015,35140016 35140014
wave 99999 99999 35150004 35150004,35150005 35150003
wave 99999 99999 35150043 35150043,35150044 35150042
wave 99999 99999 35160004 35160004,35160005 35160003
wave 99999 99999 35160086 35160086,35160087 35160085
wave 99999 99999 35170023 35170023,35170024 35170022
wave 99999 99999 35170093 35170093,35170094 35170092
wave 99999 99999 35180004 35180004,35180005 35180003
wave 99999 99999 35180102 35180102,35180103 35180101
wave 99999 99999 35190004 35190004,35190005 35190003
wave 99999 99999 35190037 35190037,35190038 35190036
wave 99999 99999 35200004 35200004,35200005 35200003
wave 99999 99999 35200041 35200041,35200042 35200040
wave 99999 99999 35210004 35210004,35210005 35210003
wave 99999 99999 35210049 35210049,35210050 35210048
wave 99999 99999 35220004 35220004,35220005 35220003
wave 99999 99999 35220081 35220081,35220082 35220080
wave 99999 99999 35230004 35230004,35230005 35230003
lsf 99999 99999 35230011 35230011 35230001
lsf 99999 99999 35230012 35230012 35230001
lsf 99999 99999 35230013 35230013 35230015
lsf 99999 99999 35230014 35230014 35230015
wave 99999 99999 35230096 35230096,35230097 35230095
wave 99999 99999 35760008 35760008,35760009 35760007
wave 99999 99999 35770004 35770004,35770005 35770003
wave 99999 99999 35770015 35770015,35770016 35770014
wave 99999 99999 35780007 35780007,35780008 35780006
wave 99999 99999 35780018 35780018,35780019 35780017
wave 99999 99999 35790004 35790004,35790005 35790003
wave 99999 99999 35790015 35790015,35790016 35790014
wave 99999 99999 35800003 35800003,35800004 35800002
wave 99999 99999 35800014 35800014,35800015 35800013
wave 99999 99999 35820003 35820003,35820004 35820002
wave 99999 99999 35820014 35820014,35820015 35820013
wave 99999 99999 35830003 35830003,35830004 35830002
wave 99999 99999 35840004 35840004,35840005 35840003
wave 99999 99999 35840080 35840080,35840081 35840079
wave 99999 99999 35850004 35850004,35850005 35850003
wave 99999 99999 35850075 35850075,35850076 35850074
wave 99999 99999 35880007 35880007,35880008 35880006
wave 99999 99999 35890004 35890004,35890005 35890003
wave 99999 99999 35900003 35900003,35900004 35900002
wave 99999 99999 35910004 35910004,35910005 35910003
wave 99999 99999 35920004 35920004,35920005 35920003
wave 99999 99999 35920079 35920079,35920080 35920078
wave 99999 99999 35930004 35930004,35930005 35930003
wave 99999 99999 35930092 35930092,35930093 35930091
wave 99999 99999 35940004 35940004,35940005 35940003
wave 99999 99999 35940089 35940089,35940090 35940088
wave 99999 99999 35950004 35950004,35950005 35950003
wave 99999 99999 35950015 35950015,35950016 35950014
wave 99999 99999 35960004 35960004,35960005 35960003
wave 99999 99999 35960032 35960032,35960033 35960031
wave 99999 99999 35970004 35970004,35970005 35970003
wave 99999 99999 35970107 35970107,35970108 35970106
wave 99999 99999 35980004 35980004,35980005 35980003
wave 99999 99999 35980055 35980055,35980056 35980054
wave 99999 99999 35990004 35990004,35990005 35990003
wave 99999 99999 35990019 35990019,35990020 35990018
wave 99999 99999 36000004 36000004,36000005 36000003
wave 99999 99999 36000017 36000017,36000018 36000016
wave 99999 99999 36010004 36010004,36010005 36010003
wave 99999 99999 36010108 36010108,36010109 36010107
multiwave 99999 99999 33930000 33930007,33930008,34000004,34000005,34010004,34010005,34070007,34070008,34140007,34140008,34210007,34210008,34280004,34280005,34280015,34280016,34350004,34350005,34400004,34400005
multiwave 99999 99999 34400000 34400015,34400016,34410004,34410005,34410048,34410049,34420004,34420005,34420047,34420048,34430007,34430008,34430075,34430076,34440004,34440005,34440015,34440016,34450007,34450008
multiwave 99999 99999 34450000 34450090,34450091,34460004,34460005,34460077,34460078,34470004,34470005,34470052,34470053,34480004,34480005,34480080,34480081,34490004,34490005,34490078,34490079,34500004,34500005
multiwave 99999 99999 34500000 34500026,34500027,34510004,34510005,34510024,34510025,34520003,34520004,34520034,34520035,34530004,34530005,34530047,34530048,34540003,34540004,34540062,34540063,34550004,34550005
multiwave 99999 99999 34550000 34550074,34550075,34560004,34560005,34560083,34560084,34570006,34570007,34570079,34570080,34580004,34580005,34580082,34580083,34590004,34590005,34590082,34590083,34600004,34600005
multiwave 99999 99999 34600000 34600083,34600084,34610004,34610005,34610056,34610057,34620003,34620004,34620015,34620016,34620066,34620067,34630004,34630005,34630048,34630049,34640003,34640004,34640064,34640065
multiwave 99999 99999 34650000 34650004,34650005,34650039,34650040,34660003,34660004,34660014,34660015,34670004,34670005,34670062,34670063,34680004,34680005,34680081,34680082,34690004,34690005,34690086,34690087
multiwave 99999 99999 34700000 34700004,34700005,34700015,34700016,34710004,34710005,34710069,34710070,34720004,34720005,34720051,34720052,34730003,34730004,34730067,34730068,34740004,34740005,34740015,34740016
multiwave 99999 99999 34750000 34750004,34750005,34750017,34750018,34760004,34760005,34760053,34760054,34770004,34770005,34770076,34770077,34780004,34780005,34780079,34780080,34790004,34790005,34790077,34790078
multiwave 99999 99999 34800000 34800004,34800005,34800080,34800081,34810004,34810005,34810033,34810034,34820004,34820005,34820046,34820047,34830004,34830005,34830015,34830016,34840004,34840005,34840038,34840039
multiwave 99999 99999 34850000 34850004,34850005,34850045,34850046,34860004,34860005,34860015,34860016,34870004,34870005,34870015,34870016,34880004,34880005,34880026,34880027,34890004,34890005,34890015,34890016
multiwave 99999 99999 34900000 34900004,34900005,34900015,34900016,34910008,34910009,34920004,34920005,34920015,34920016,34930004,34930005,34930019,34930020,34940004,34940005,34940015,34940016,34950004,34950005
multiwave 99999 99999 34950000 34950055,34950056,34960004,34960005,34960068,34960069,34970018,34970019,34970066,34970067,34980004,34980005,34980079,34980080,34990004,34990005,34990041,34990042,35000004,35000005
multiwave 99999 99999 35000000 35000029,35000030,35010004,35010005,35010040,35010041,35020004,35020005,35020026,35020027,35030004,35030005,35030015,35030016,35040004,35040005,35040049,35040050,35050004,35050005
multiwave 99999 99999 35050000 35050026,35050027,35060005,35060006,35060013,35060014,35060024,35060025,35070004,35070005,35070067,35070068,35080004,35080005,35090004,35090005,35090066,35090067,35100004,35100005
multiwave 99999 99999 35100000 35100054,35100055,35110003,35110004,35110080,35110081,35120018,35120019,35120049,35120050,35130004,35130005,35130022,35130023,35140004,35140005,35140015,35140016,35150004,35150005
multiwave 99999 99999 35150000 35150043,35150044,35160004,35160005,35160086,35160087,35170023,35170024,35170093,35170094,35180004,35180005,35180102,35180103,35190004,35190005,35190037,35190038,35200004,35200005
multiwave 99999 99999 35200000 35200041,35200042,35210004,35210005,35210049,35210050,35220004,35220005,35220081,35220082,35230004,35230005,35230096,35230097,35760008,35760009,35770004,35770005,35770015,35770016
multiwave 99999 99999 35780000 35780007,35780008,35780018,35780019,35790004,35790005,35790015,35790016,35800003,35800004,35800014,35800015,35820003,35820004,35820014,35820015,35830003,35830004,35840004,35840005
multiwave 99999 99999 35840000 35840080,35840081,35850004,35850005,35850075,35850076,35880007,35880008,35890004,35890005,35900003,35900004,35910004,35910005,35920004,35920005,35920079,35920080,35930004,35930005
multiwave 99999 99999 35930000 35930092,35930093,35940004,35940005,35940089,35940090,35950004,35950005,35950015,35950016,35960004,35960005,35960032,35960033,35970004,35970005,35970107,35970108,35980004,35980005
multiwave 99999 99999 35980000 35980055,35980056,35990004,35990005,35990019,35990020,36000004,36000005,36000017,36000018,36010004,36010005,36010108,36010109
wave 99999 99999 35800037 35800037,35800038 35800039
wave 99999 99999 35810005 35810005,35810006 35810007
lsf 99999 99999 35810014 35810014 35810015
wave 99999 99999 35810036 35810036,35810037 35810038
wave 99999 99999 35820005 35820005,35820006 35820007
lsf 99999 99999 35820021 35820021 35820022
wave 99999 99999 35820045 35820045,35820046 35820047
wave 99999 99999 35830005 35830005,35830006 35830007
lsf 99999 99999 35830034 35830034 35830035
wave 99999 99999 35830049 35830049,35830050 35830051
wave 99999 99999 35840007 35840007,35840008 35840009
lsf 99999 99999 35840028 35840028 35840029
wave 99999 99999 35840056 35840056,35840057 35840058
wave 99999 99999 35850005 35850005,35850006 35850007
lsf 99999 99999 35850032 35850032 35850033
wave 99999 99999 35850047 35850047,35850048 35850049
wave 99999 99999 35860005 35860005,35860006 35860007
wave 99999 99999 35860046 35860046,35860047 35860048
wave 99999 99999 35870005 35870005,35870006 35870007
wave 99999 99999 35870012 35870012,35870013 35870014
wave 99999 99999 35870053 35870053,35870054 35870055
wave 99999 99999 35880005 35880005,35880006 35880007
lsf 99999 99999 35880023 35880023 35880024
wave 99999 99999 35880045 35880045,35880046 35880047
wave 99999 99999 35890005 35890005,35890006 35890007
lsf 99999 99999 35890023 35890023 35890024
wave 99999 99999 35890065 35890065,35890066 35890067
wave 99999 99999 35900008 35900008,35900009 35900010
wave 99999 99999 35900078 35900078,35900079 35900080
wave 99999 99999 35910005 35910005,35910006 35910007
wave 99999 99999 35910039 35910039,35910040 35910041
wave 99999 99999 35920005 35920005,35920006 35920007
wave 99999 99999 35920062 35920062,35920063 35920064
wave 99999 99999 35930005 35930005,35930006 35930007
wave 99999 99999 35930060 35930060,35930061 35930062
wave 99999 99999 35940005 35940005,35940006 35940007
wave 99999 99999 35940062 35940062,35940063 35940064
wave 99999 99999 35950005 35950005,35950006 35950007
wave 99999 99999 35950058 35950058,35950059 35950060
wave 99999 99999 35960005 35960005,35960006 35960007
wave 99999 99999 35960058 35960058,35960059 35960060
wave 99999 99999 35970005 35970005,35970006 35970007
wave 99999 99999 35970040 35970040,35970041 35970042
wave 99999 99999 35980024 35980024,35980025 35980026
wave 99999 99999 35980083 35980083,35980084 35980085
wave 99999 99999 35990005 35990005,35990006 35990007
wave 99999 99999 35990031 35990031,35990032 35990033
wave 99999 99999 36000005 36000005,36000006 36000007
lsf 99999 99999 36000059 36000059 36000048
wave 99999 99999 36000065 36000065,36000066 36000067
wave 99999 99999 36010010 36010010,36010011 36010012
lsf 99999 99999 36010040 36010040 36010041
wave 99999 99999 36010075 36010075,36010076 36010077
wave 99999 99999 36020005 36020005,36020006 36020007
wave 99999 99999 36020059 36020059,36020060 36020061
wave 99999 99999 36030005 36030005,36030006 36030007
lsf 99999 99999 36030023 36030023 36030024
wave 99999 99999 36030057 36030057,36030058 36030059
wave 99999 99999 36040005 36040005,36040006 36040007
wave 99999 99999 36040058 36040058,36040059 36040060
wave 99999 99999 36050013 36050013,36050014 36050015
wave 99999 99999 36050062 36050062,36050063 36050064
wave 99999 99999 36060005 36060005,36060006 36060007
lsf 99999 99999 36060047 36060047 36060048
wave 99999 99999 36060062 36060062,36060063 36060064
wave 99999 99999 36070005 36070005,36070006 36070007
wave 99999 99999 36070015 36070015,36070016 36070017
lsf 99999 99999 36070052 36070052 36070053
wave 99999 99999 36070072 36070072,36070073 36070074
wave 99999 99999 36080005 36080005,36080006 36080007
wave 99999 99999 36080054 36080054,36080055 36080056
wave 99999 99999 36090005 36090005,36090006 36090007
wave 99999 99999 36090064 36090064,36090065 36090066
wave 99999 99999 36100005 36100005,36100006 36100007
lsf 99999 99999 36100034 36100034 36100035
wave 99999 99999 36100061 36100061,36100062 36100063
wave 99999 99999 36110005 36110005,36110006 36110007
wave 99999 99999 36110033 36110033,36110034 36110035
wave 99999 99999 36120005 36120005,36120006 36120007
wave 99999 99999 36120053 36120053,36120054 36120055
wave 99999 99999 36130005 36130005,36130006 36130007
wave 99999 99999 36130060 36130060,36130061 36130062
wave 99999 99999 36140005 36140005,36140006 36140007
wave 99999 99999 36140056 36140056,36140057 36140058
wave 99999 99999 36150005 36150005,36150006 36150007
wave 99999 99999 36150059 36150059,36150060 36150061
wave 99999 99999 36160004 36160004,36160005 36160006
wave 99999 99999 36160065 36160065,36160066 36160067
wave 99999 99999 36170005 36170005,36170006 36170007
lsf 99999 99999 36170049 36170049 36170042
lsf 99999 99999 36170050 36170050 36170042
wave 99999 99999 36170056 36170056,36170057 36170058
wave 99999 99999 36180005 36180005,36180006 36180007
lsf 99999 99999 36180016 36180016 36180017
wave 99999 99999 36180073 36180073,36180074 36180075
wave 99999 99999 36190005 36190005,36190006 36190007
wave 99999 99999 36190057 36190057,36190058 36190059
wave 99999 99999 36200005 36200005,36200006 36200007
wave 99999 99999 36200058 36200058,36200059 36200060
wave 99999 99999 36210006 36210006,36210007 36210008
lsf 99999 99999 36210017 36210017 36210018
wave 99999 99999 36210058 36210058,36210059 36210060
wave 99999 99999 36220005 36220005,36220006 36220007
wave 99999 99999 36220052 36220052,36220053 36220054
wave 99999 99999 36230007 36230007,36230008 36230009
lsf 99999 99999 36230019 36230019 36230020
wave 99999 99999 36230060 36230060,36230061 36230062
wave 99999 99999 36240005 36240005,36240006 36240007
wave 99999 99999 36240058 36240058,36240059 36240060
wave 99999 99999 36250005 36250005,36250006 36250007
wave 99999 99999 36250064 36250064,36250065 36250066
wave 99999 99999 36260005 36260005,36260006 36260007
wave 99999 99999 36260056 36260056,36260057 36260058
wave 99999 99999 36270005 36270005,36270006 36270007
wave 99999 99999 36270042 36270042,36270043 36270044
wave 99999 99999 36280005 36280005,36280006 36280007
wave 99999 99999 36280052 36280052,36280053 36280054
wave 99999 99999 36290005 36290005,36290006 36290007
wave 99999 99999 36290060 36290060,36290061 36290062
wave 99999 99999 36300005 36300005,36300006 36300007
wave 99999 99999 36300057 36300057,36300058 36300059
wave 99999 99999 36310005 36310005,36310006 36310007
wave 99999 99999 36310029 36310029,36310030 36310031
wave 99999 99999 36320006 36320006,36320007 36320008
lsf 99999 99999 36320046 36320046 36320047
wave 99999 99999 36320070 36320070,36320071 36320072
wave 99999 99999 36330005 36330005,36330006 36330007
wave 99999 99999 36330057 36330057,36330058 36330059
wave 99999 99999 36340005 36340005,36340006 36340007
wave 99999 99999 36340060 36340060,36340061 36340062
wave 99999 99999 36350005 36350005,36350006 36350007
lsf 99999 99999 36350034 36350034 36350035
wave 99999 99999 36350061 36350061,36350062 36350063
wave 99999 99999 36360005 36360005,36360006 36360007
wave 99999 99999 36360056 36360056,36360057 36360058
wave 99999 99999 36370005 36370005,36370006 36370007
lsf 99999 99999 36370023 36370023 36370020
wave 99999 99999 36370063 36370063,36370064 36370065
wave 99999 99999 36380005 36380005,36380006 36380007
wave 99999 99999 36380064 36380064,36380065 36380066
wave 99999 99999 36390005 36390005,36390006 36390007
wave 99999 99999 36390072 36390072,36390073 36390074
wave 99999 99999 36400005 36400005,36400006 36400007
wave 99999 99999 36400064 36400064,36400065 36400066
wave 99999 99999 36410005 36410005,36410006 36410007
lsf 99999 99999 36410054 36410054 36410045
wave 99999 99999 36410060 36410060,36410061 36410062
wave 99999 99999 36420005 36420005,36420006 36420007
lsf 99999 99999 36420052 36420052 36420043
wave 99999 99999 36420058 36420058,36420059 36420060
wave 99999 99999 36430005 36430005,36430006 36430007
wave 99999 99999 36430057 36430057,36430058 36430059
wave 99999 99999 36440005 36440005,36440006 36440007
wave 99999 99999 36440064 36440064,36440065 36440066
wave 99999 99999 36450005 36450005,36450006 36450007
wave 99999 99999 36450062 36450062,36450063 36450064
wave 99999 99999 36480005 36480005,36480006 36480007
wave 99999 99999 36480058 36480058,36480059 36480060
wave 99999 99999 36490005 36490005,36490006 36490007
lsf 99999 99999 36490020 36490020 36490021
wave 99999 99999 36490065 36490065,36490066 36490067
wave 99999 99999 36500005 36500005,36500006 36500007
lsf 99999 99999 36500020 36500020 36500021
wave 99999 99999 36500061 36500061,36500062 36500063
wave 99999 99999 36510005 36510005,36510006 36510007
wave 99999 99999 36510058 36510058,36510059 36510060
wave 99999 99999 36520005 36520005,36520006 36520007
wave 99999 99999 36520060 36520060,36520061 36520062
wave 99999 99999 36550005 36550005,36550006 36550007
wave 99999 99999 36550066 36550066,36550067 36550068
wave 99999 99999 36560005 36560005,36560006 36560007
wave 99999 99999 36560064 36560064,36560065 36560066
wave 99999 99999 36570005 36570005,36570006 36570007
lsf 99999 99999 36570047 36570047 36570048
wave 99999 99999 36570066 36570066,36570067 36570068
wave 99999 99999 36580005 36580005,36580006 36580007
wave 99999 99999 36580063 36580063,36580064 36580065
wave 99999 99999 36590005 36590005,36590006 36590007
wave 99999 99999 36590059 36590059,36590060 36590061
wave 99999 99999 36600005 36600005,36600006 36600007
wave 99999 99999 36600059 36600059,36600060 36600061
wave 99999 99999 36610005 36610005,36610006 36610007
wave 99999 99999 36610057 36610057,36610058 36610059
wave 99999 99999 36620005 36620005,36620006 36620007
lsf 99999 99999 36620045 36620045 36620034
wave 99999 99999 36620051 36620051,36620052 36620053
wave 99999 99999 36630005 36630005,36630006 36630007
wave 99999 99999 36630067 36630067,36630068 36630069
wave 99999 99999 36640005 36640005,36640006 36640007
lsf 99999 99999 36640051 36640051 36640048
wave 99999 99999 36640063 36640063,36640064 36640065
wave 99999 99999 36650005 36650005,36650006 36650007
wave 99999 99999 36650068 36650068,36650069 36650070
wave 99999 99999 36660005 36660005,36660006 36660007
wave 99999 99999 36660072 36660072,36660073 36660074
wave 99999 99999 36670006 36670006,36670007 36670008
wave 99999 99999 36670063 36670063,36670064 36670065
wave 99999 99999 36680005 36680005,36680006 36680007
wave 99999 99999 36680068 36680068,36680069 36680070
wave 99999 99999 36690005 36690005,36690006 36690007
wave 99999 99999 36690064 36690064,36690065 36690066
wave 99999 99999 36700005 36700005,36700006 36700007
wave 99999 99999 36700068 36700068,36700069 36700070
wave 99999 99999 36710005 36710005,36710006 36710007
lsf 99999 99999 36710055 36710055 36710048
wave 99999 99999 36710061 36710061,36710062 36710063
wave 99999 99999 36720005 36720005,36720006 36720007
wave 99999 99999 36720066 36720066,36720067 36720068
wave 99999 99999 36730005 36730005,36730006 36730007
wave 99999 99999 36730066 36730066,36730067 36730068
multiwave 99999 99999 35800000 35800037,35800038,35810005,35810006,35810036,35810037,35820005,35820006,35820045,35820046,35830005,35830006,35830049,35830050,35840007,35840008,35840056,35840057,35850005,35850006
multiwave 99999 99999 35850000 35850047,35850048,35860005,35860006,35860046,35860047,35870005,35870006,35870012,35870013,35870053,35870054,35880005,35880006,35880045,35880046,35890005,35890006,35890065,35890066
multiwave 99999 99999 35900000 35900008,35900009,35900078,35900079,35910005,35910006,35910039,35910040,35920005,35920006,35920062,35920063,35930005,35930006,35930060,35930061,35940005,35940006,35940062,35940063
multiwave 99999 99999 35950000 35950005,35950006,35950058,35950059,35960005,35960006,35960058,35960059,35970005,35970006,35970040,35970041,35980024,35980025,35980083,35980084,35990005,35990006,35990031,35990032
multiwave 99999 99999 36000000 36000005,36000006,36000065,36000066,36010010,36010011,36010075,36010076,36020005,36020006,36020059,36020060,36030005,36030006,36030057,36030058,36040005,36040006,36040058,36040059
multiwave 99999 99999 36050000 36050013,36050014,36050062,36050063,36060005,36060006,36060062,36060063,36070005,36070006,36070015,36070016,36070072,36070073,36080005,36080006,36080054,36080055,36090005,36090006
multiwave 99999 99999 36090000 36090064,36090065,36100005,36100006,36100061,36100062,36110005,36110006,36110033,36110034,36120005,36120006,36120053,36120054,36130005,36130006,36130060,36130061,36140005,36140006
multiwave 99999 99999 36140000 36140056,36140057,36150005,36150006,36150059,36150060,36160004,36160005,36160065,36160066,36170005,36170006,36170056,36170057,36180005,36180006,36180073,36180074,36190005,36190006
multiwave 99999 99999 36190000 36190057,36190058,36200005,36200006,36200058,36200059,36210006,36210007,36210058,36210059,36220005,36220006,36220052,36220053,36230007,36230008,36230060,36230061,36240005,36240006
multiwave 99999 99999 36240000 36240058,36240059,36250005,36250006,36250064,36250065,36260005,36260006,36260056,36260057,36270005,36270006,36270042,36270043,36280005,36280006,36280052,36280053,36290005,36290006
multiwave 99999 99999 36290000 36290060,36290061,36300005,36300006,36300057,36300058,36310005,36310006,36310029,36310030,36320006,36320007,36320070,36320071,36330005,36330006,36330057,36330058,36340005,36340006
multiwave 99999 99999 36340000 36340060,36340061,36350005,36350006,36350061,36350062,36360005,36360006,36360056,36360057,36370005,36370006,36370063,36370064,36380005,36380006,36380064,36380065,36390005,36390006
multiwave 99999 99999 36390000 36390072,36390073,36400005,36400006,36400064,36400065,36410005,36410006,36410060,36410061,36420005,36420006,36420058,36420059,36430005,36430006,36430057,36430058,36440005,36440006
multiwave 99999 99999 36440000 36440064,36440065,36450005,36450006,36450062,36450063,36480005,36480006,36480058,36480059,36490005,36490006,36490065,36490066,36500005,36500006,36500061,36500062,36510005,36510006
multiwave 99999 99999 36510000 36510058,36510059,36520005,36520006,36520060,36520061,36550005,36550006,36550066,36550067,36560005,36560006,36560064,36560065,36570005,36570006,36570066,36570067,36580005,36580006
multiwave 99999 99999 36580000 36580063,36580064,36590005,36590006,36590059,36590060,36600005,36600006,36600059,36600060,36610005,36610006,36610057,36610058,36620005,36620006,36620051,36620052,36630005,36630006
multiwave 99999 99999 36630000 36630067,36630068,36640005,36640006,36640063,36640064,36650005,36650006,36650068,36650069,36660005,36660006,36660072,36660073,36670006,36670007,36670063,36670064,36680005,36680006
multiwave 99999 99999 36680000 36680068,36680069,36690005,36690006,36690064,36690065,36700005,36700006,36700068,36700069,36710005,36710006,36710061,36710062,36720005,36720006,36720066,36720067,36730005,36730006
multiwave 99999 99999 36730000 36730066,36730067
