02500038
02500039
04290105
04370064
05050021
05410003
06070099
06300004
06510004
06940004
06990111
07030088
07480217
12920043
12920044
13610010
13610021
13620009
13630013
14250004
17080004
17540015
17840075
18370055
18420074
19500078
19780004
20600004
21440112
21650053
21910004
22390059
22470004
22610093
23180023
23710005
24800073
25300008
25450055
26870004
27360004
22550000
22550002
22550005
22550008
22550011
22550014
22550017
22550020
22550023
22550026
22550029
22550032
22550035
22550038
22550041
