wave 99999 99999 24060005 24060005,24060006 24060007
wave 99999 99999 24070005 24070005,24070006 24070007
wave 99999 99999 24070029 24070029,24070030 24070031
wave 99999 99999 24080005 24080005,24080006 24080007
wave 99999 99999 24080081 24080081,24080082 24080083
wave 99999 99999 24090005 24090005,24090006 24090007
wave 99999 99999 24090076 24090076,24090077 24090078
wave 99999 99999 24100005 24100005,24100006 24100007
wave 99999 99999 24100103 24100103,24100104 24100105
wave 99999 99999 24110005 24110005,24110006 24110007
lsf 99999 99999 24110081 24110081 24110082
wave 99999 99999 24110102 24110102,24110103 24110104
wave 99999 99999 24120005 24120005,24120006 24120007
lsf 99999 99999 24120067 24120067 24120068
wave 99999 99999 24120088 24120088,24120089 24120090
wave 99999 99999 24130007 24130007,24130008 24130009
wave 99999 99999 24130029 24130029,24130030 24130031
wave 99999 99999 24140004 24140004,24140005 24140006
wave 99999 99999 24140033 24140033,24140034 24140035
wave 99999 99999 24170005 24170005,24170006 24170007
wave 99999 99999 24170015 24170015,24170016 24170017
wave 99999 99999 24620005 24620005,24620006 24620007
wave 99999 99999 24620037 24620037,24620038 24620039
wave 99999 99999 24630005 24630005,24630006 24630007
wave 99999 99999 24640005 24640005,24640006 24640007
wave 99999 99999 24640081 24640081,24640082 24640083
wave 99999 99999 24650005 24650005,24650006 24650007
wave 99999 99999 24650072 24650072,24650073 24650074
wave 99999 99999 24660005 24660005,24660006 24660007
wave 99999 99999 24660082 24660082,24660083 24660084
wave 99999 99999 24670005 24670005,24670006 24670007
wave 99999 99999 24670081 24670081,24670082 24670083
wave 99999 99999 24680005 24680005,24680006 24680007
wave 99999 99999 24680075 24680075,24680076 24680077
wave 99999 99999 24690005 24690005,24690006 24690007
wave 99999 99999 24690074 24690074,24690075 24690076
wave 99999 99999 24700005 24700005,24700006 24700007
wave 99999 99999 24700086 24700086,24700087 24700088
wave 99999 99999 24710005 24710005,24710006 24710007
wave 99999 99999 24710090 24710090,24710091 24710092
wave 99999 99999 24900005 24900005,24900006 24900007
wave 99999 99999 24900068 24900068,24900069 24900070
wave 99999 99999 24910004 24910004,24910005 24910006
wave 99999 99999 24910067 24910067,24910068 24910069
wave 99999 99999 24920005 24920005,24920006 24920007
wave 99999 99999 24920064 24920064,24920065 24920066
wave 99999 99999 24930005 24930005,24930006 24930007
wave 99999 99999 24930074 24930074,24930075 24930076
wave 99999 99999 24940005 24940005,24940006 24940007
wave 99999 99999 24940012 24940012,24940013 24940014
wave 99999 99999 24940072 24940072,24940073 24940074
wave 99999 99999 24950005 24950005,24950006 24950007
wave 99999 99999 24950067 24950067,24950068 24950069
wave 99999 99999 24960006 24960006,24960007 24960008
wave 99999 99999 24960065 24960065,24960066 24960067
wave 99999 99999 24970005 24970005,24970006 24970007
wave 99999 99999 24970052 24970052,24970053 24970054
wave 99999 99999 24980005 24980005,24980006 24980007
wave 99999 99999 24980060 24980060,24980061 24980062
wave 99999 99999 24990005 24990005,24990006 24990007
wave 99999 99999 24990063 24990063,24990064 24990065
wave 99999 99999 25000005 25000005,25000006 25000007
wave 99999 99999 25000065 25000065,25000066 25000067
wave 99999 99999 25010005 25010005,25010006 25010007
wave 99999 99999 25010067 25010067,25010068 25010069
wave 99999 99999 25270006 25270006,25270007 25270008
wave 99999 99999 25270051 25270051,25270052 25270053
wave 99999 99999 25280005 25280005,25280006 25280007
wave 99999 99999 25280049 25280049,25280050 25280051
wave 99999 99999 25290005 25290005,25290006 25290007
wave 99999 99999 25290056 25290056,25290057 25290058
wave 99999 99999 25300005 25300005,25300006 25300007
wave 99999 99999 25300012 25300012,25300013 25300014
wave 99999 99999 25300070 25300070,25300071 25300072
wave 99999 99999 25310005 25310005,25310006 25310007
wave 99999 99999 25320070 25320070,25320071 25320072
wave 99999 99999 25330005 25330005,25330006 25330007
wave 99999 99999 25330070 25330070,25330071 25330072
wave 99999 99999 25340005 25340005,25340006 25340007
wave 99999 99999 25340056 25340056,25340057 25340058
wave 99999 99999 25520005 25520005,25520006 25520007
wave 99999 99999 25520067 25520067,25520068 25520069
wave 99999 99999 25530005 25530005,25530006 25530007
wave 99999 99999 25530070 25530070,25530071 25530072
wave 99999 99999 25540005 25540005,25540006 25540007
wave 99999 99999 25540061 25540061,25540062 25540063
wave 99999 99999 25550005 25550005,25550006 25550007
wave 99999 99999 25550080 25550080,25550081 25550082
wave 99999 99999 25560005 25560005,25560006 25560007
wave 99999 99999 25560078 25560078,25560079 25560080
wave 99999 99999 25570005 25570005,25570006 25570007
wave 99999 99999 25570064 25570064,25570065 25570066
wave 99999 99999 25580005 25580005,25580006 25580007
wave 99999 99999 25580077 25580077,25580078 25580079
wave 99999 99999 25590006 25590006,25590007 25590008
wave 99999 99999 25590062 25590062,25590063 25590064
wave 99999 99999 25600006 25600006,25600007 25600008
wave 99999 99999 25600066 25600066,25600067 25600068
wave 99999 99999 25610005 25610005,25610006 25610007
wave 99999 99999 25610068 25610068,25610069 25610070
wave 99999 99999 25620006 25620006,25620007 25620008
wave 99999 99999 25620069 25620069,25620070 25620071
wave 99999 99999 25830006 25830006,25830007 25830008
wave 99999 99999 25830066 25830066,25830067 25830068
wave 99999 99999 25840005 25840005,25840006 25840007
wave 99999 99999 25840068 25840068,25840069 25840070
wave 99999 99999 25850005 25850005,25850006 25850007
wave 99999 99999 25860005 25860005,25860006 25860007
wave 99999 99999 25870005 25870005,25870006 25870007
wave 99999 99999 25870079 25870079,25870080 25870081
wave 99999 99999 25880005 25880005,25880006 25880007
wave 99999 99999 25880081 25880081,25880082 25880083
wave 99999 99999 25890005 25890005,25890006 25890007
wave 99999 99999 25890074 25890074,25890075 25890076
wave 99999 99999 25900007 25900007,25900008 25900009
wave 99999 99999 25900083 25900083,25900084 25900085
wave 99999 99999 25910006 25910006,25910007 25910008
wave 99999 99999 25910080 25910080,25910081 25910082
wave 99999 99999 25920005 25920005,25920006 25920007
wave 99999 99999 25920081 25920081,25920082 25920083
wave 99999 99999 25930005 25930005,25930006 25930007
wave 99999 99999 25930068 25930068,25930069 25930070
wave 99999 99999 26130005 26130005,26130006 26130007
wave 99999 99999 26140005 26140005,26140006 26140007
wave 99999 99999 26140083 26140083,26140084 26140085
wave 99999 99999 26150005 26150005,26150006 26150007
wave 99999 99999 26150086 26150086,26150087 26150088
wave 99999 99999 26160005 26160005,26160006 26160007
wave 99999 99999 26160091 26160091,26160092 26160093
wave 99999 99999 26170005 26170005,26170006 26170007
wave 99999 99999 26170084 26170084,26170085 26170086
wave 99999 99999 26180005 26180005,26180006 26180007
wave 99999 99999 26180094 26180094,26180095 26180096
wave 99999 99999 26190005 26190005,26190006 26190007
wave 99999 99999 26190094 26190094,26190095 26190096
wave 99999 99999 26200011 26200011,26200012 26200013
wave 99999 99999 26200094 26200094,26200095 26200096
wave 99999 99999 26210005 26210005,26210006 26210007
wave 99999 99999 26210092 26210092,26210093 26210094
wave 99999 99999 26220005 26220005,26220006 26220007
wave 99999 99999 26230006 26230006,26230007 26230008
wave 99999 99999 26230089 26230089,26230090 26230091
wave 99999 99999 26440008 26440008,26440009 26440010
wave 99999 99999 26440089 26440089,26440090 26440091
wave 99999 99999 26450005 26450005,26450006 26450007
wave 99999 99999 26450093 26450093,26450094 26450095
wave 99999 99999 26460005 26460005,26460006 26460007
wave 99999 99999 26460096 26460096,26460097 26460098
wave 99999 99999 26470005 26470005,26470006 26470007
wave 99999 99999 26480005 26480005,26480006 26480007
wave 99999 99999 26480100 26480100,26480101 26480102
wave 99999 99999 26490006 26490006,26490007 26490008
wave 99999 99999 26490099 26490099,26490100 26490101
wave 99999 99999 26500005 26500005,26500006 26500007
wave 99999 99999 26500093 26500093,26500094 26500095
wave 99999 99999 26510005 26510005,26510006 26510007
wave 99999 99999 26510097 26510097,26510098 26510099
wave 99999 99999 26520007 26520007,26520008 26520009
wave 99999 99999 26520100 26520100,26520101 26520102
wave 99999 99999 26530005 26530005,26530006 26530007
wave 99999 99999 26530060 26530060,26530061 26530062
wave 99999 99999 26720005 26720005,26720006 26720007
wave 99999 99999 26720015 26720015,26720016 26720017
wave 99999 99999 26730005 26730005,26730006 26730007
lsf 99999 99999 26730016 26730016 26730017
wave 99999 99999 26730086 26730086,26730087 26730088
wave 99999 99999 26740005 26740005,26740006 26740007
wave 99999 99999 26740099 26740099,26740100 26740101
wave 99999 99999 26750007 26750007,26750008 26750009
wave 99999 99999 26750028 26750028,26750029 26750030
wave 99999 99999 26760005 26760005,26760006 26760007
wave 99999 99999 26760093 26760093,26760094 26760095
wave 99999 99999 26770005 26770005,26770006 26770007
wave 99999 99999 26770023 26770023,26770024 26770025
wave 99999 99999 26780005 26780005,26780006 26780007
lsf 99999 99999 26780040 26780040 26780031
wave 99999 99999 26780046 26780046,26780047 26780048
wave 99999 99999 26790005 26790005,26790006 26790007
wave 99999 99999 26790102 26790102,26790103 26790104
wave 99999 99999 26800005 26800005,26800006 26800007
wave 99999 99999 26800089 26800089,26800090 26800091
wave 99999 99999 26810005 26810005,26810006 26810007
wave 99999 99999 26810095 26810095,26810096 26810097
wave 99999 99999 26990007 26990007,26990008 26990009
lsf 99999 99999 26990075 26990075 26990070
wave 99999 99999 26990081 26990081,26990082 26990083
wave 99999 99999 27000005 27000005,27000006 27000007
wave 99999 99999 27000075 27000075,27000076 27000077
wave 99999 99999 27010005 27010005,27010006 27010007
wave 99999 99999 27010081 27010081,27010082 27010083
wave 99999 99999 27020005 27020005,27020006 27020007
wave 99999 99999 27020077 27020077,27020078 27020079
wave 99999 99999 27030005 27030005,27030006 27030007
wave 99999 99999 27030099 27030099,27030100 27030101
wave 99999 99999 27040005 27040005,27040006 27040007
wave 99999 99999 27040051 27040051,27040052 27040053
wave 99999 99999 27050005 27050005,27050006 27050007
wave 99999 99999 27050014 27050014,27050015 27050016
wave 99999 99999 27060005 27060005,27060006 27060007
wave 99999 99999 27060020 27060020,27060021 27060022
wave 99999 99999 27070005 27070005,27070006 27070007
wave 99999 99999 27070023 27070023,27070024 27070025
wave 99999 99999 27080005 27080005,27080006 27080007
lsf 99999 99999 27080016 27080016 27080017
wave 99999 99999 27080057 27080057,27080058 27080059
wave 99999 99999 27090005 27090005,27090006 27090007
wave 99999 99999 27090077 27090077,27090078 27090079
wave 99999 99999 27100005 27100005,27100006 27100007
wave 99999 99999 27100095 27100095,27100096 27100097
wave 99999 99999 27110005 27110005,27110006 27110007
wave 99999 99999 27110080 27110080,27110081 27110082
wave 99999 99999 27120005 27120005,27120006 27120007
wave 99999 99999 27130005 27130005,27130006 27130007
wave 99999 99999 27130088 27130088,27130089 27130090
wave 99999 99999 27280006 27280006,27280007 27280008
wave 99999 99999 27280093 27280093,27280094 27280095
wave 99999 99999 27290005 27290005,27290006 27290007
wave 99999 99999 27290095 27290095,27290096 27290097
wave 99999 99999 27300005 27300005,27300006 27300007
wave 99999 99999 27300082 27300082,27300083 27300084
wave 99999 99999 27310005 27310005,27310006 27310007
wave 99999 99999 27310054 27310054,27310055 27310056
wave 99999 99999 27320005 27320005,27320006 27320007
wave 99999 99999 27320097 27320097,27320098 27320099
wave 99999 99999 27330007 27330007,27330008 27330009
wave 99999 99999 27330017 27330017,27330018 27330019
wave 99999 99999 27330101 27330101,27330102 27330103
wave 99999 99999 27340005 27340005,27340006 27340007
lsf 99999 99999 27340080 27340080 27340077
lsf 99999 99999 27340082 27340082 27340077
wave 99999 99999 27340092 27340092,27340093 27340094
wave 99999 99999 27350005 27350005,27350006 27350007
wave 99999 99999 27350100 27350100,27350101 27350102
wave 99999 99999 27360005 27360005,27360006 27360007
lsf 99999 99999 27360060 27360060 27360061
lsf 99999 99999 27360076 27360076 27360077
wave 99999 99999 27360098 27360098,27360099 27360100
wave 99999 99999 27370005 27370005,27370006 27370007
wave 99999 99999 27370070 27370070,27370071 27370072
wave 99999 99999 27380005 27380005,27380006 27380007
wave 99999 99999 27390005 27390005,27390006 27390007
wave 99999 99999 27400005 27400005,27400006 27400007
wave 99999 99999 27410005 27410005,27410006 27410007
wave 99999 99999 27420005 27420005,27420006 27420007
wave 99999 99999 27570006 27570006,27570007 27570008
wave 99999 99999 27570015 27570015,27570016 27570017
wave 99999 99999 27580005 27580005,27580006 27580007
wave 99999 99999 27580045 27580045,27580046 27580047
wave 99999 99999 27590005 27590005,27590006 27590007
wave 99999 99999 27590060 27590060,27590061 27590062
wave 99999 99999 27600005 27600005,27600006 27600007
wave 99999 99999 27610005 27610005,27610006 27610007
wave 99999 99999 27610085 27610085,27610086 27610087
wave 99999 99999 27620005 27620005,27620006 27620007
wave 99999 99999 27620097 27620097,27620098 27620099
wave 99999 99999 27630006 27630006,27630007 27630008
wave 99999 99999 27630053 27630053,27630054 27630055
wave 99999 99999 27640005 27640005,27640006 27640007
wave 99999 99999 27660005 27660005,27660006 27660007
wave 99999 99999 27660100 27660100,27660101 27660102
wave 99999 99999 27670005 27670005,27670006 27670007
wave 99999 99999 27670100 27670100,27670101 27670102
wave 99999 99999 27680005 27680005,27680006 27680007
wave 99999 99999 27680058 27680058,27680059 27680060
wave 99999 99999 27690005 27690005,27690006 27690007
wave 99999 99999 27690085 27690085,27690086 27690087
multiwave 99999 99999 24060000 24060005,24060006,24070005,24070006,24070029,24070030,24080005,24080006,24080081,24080082,24090005,24090006,24090076,24090077,24100005,24100006,24100103,24100104,24110005,24110006
multiwave 99999 99999 24110000 24110102,24110103,24120005,24120006,24120088,24120089,24130007,24130008,24130029,24130030,24140004,24140005,24140033,24140034,24170005,24170006,24170015,24170016,24620005,24620006
multiwave 99999 99999 24620000 24620037,24620038,24630005,24630006,24640005,24640006,24640081,24640082,24650005,24650006,24650072,24650073,24660005,24660006,24660082,24660083,24670005,24670006,24670081,24670082
multiwave 99999 99999 24680000 24680005,24680006,24680075,24680076,24690005,24690006,24690074,24690075,24700005,24700006,24700086,24700087,24710005,24710006,24710090,24710091,24900005,24900006,24900068,24900069
multiwave 99999 99999 24910000 24910004,24910005,24910067,24910068,24920005,24920006,24920064,24920065,24930005,24930006,24930074,24930075,24940005,24940006,24940012,24940013,24940072,24940073,24950005,24950006
multiwave 99999 99999 24950000 24950067,24950068,24960006,24960007,24960065,24960066,24970005,24970006,24970052,24970053,24980005,24980006,24980060,24980061,24990005,24990006,24990063,24990064,25000005,25000006
multiwave 99999 99999 25000000 25000065,25000066,25010005,25010006,25010067,25010068,25270006,25270007,25270051,25270052,25280005,25280006,25280049,25280050,25290005,25290006,25290056,25290057,25300005,25300006
multiwave 99999 99999 25300000 25300012,25300013,25300070,25300071,25310005,25310006,25320070,25320071,25330005,25330006,25330070,25330071,25340005,25340006,25340056,25340057,25520005,25520006,25520067,25520068
multiwave 99999 99999 25530000 25530005,25530006,25530070,25530071,25540005,25540006,25540061,25540062,25550005,25550006,25550080,25550081,25560005,25560006,25560078,25560079,25570005,25570006,25570064,25570065
multiwave 99999 99999 25580000 25580005,25580006,25580077,25580078,25590006,25590007,25590062,25590063,25600006,25600007,25600066,25600067,25610005,25610006,25610068,25610069,25620006,25620007,25620069,25620070
multiwave 99999 99999 25830000 25830006,25830007,25830066,25830067,25840005,25840006,25840068,25840069,25850005,25850006,25860005,25860006,25870005,25870006,25870079,25870080,25880005,25880006,25880081,25880082
multiwave 99999 99999 25890000 25890005,25890006,25890074,25890075,25900007,25900008,25900083,25900084,25910006,25910007,25910080,25910081,25920005,25920006,25920081,25920082,25930005,25930006,25930068,25930069
multiwave 99999 99999 26130000 26130005,26130006,26140005,26140006,26140083,26140084,26150005,26150006,26150086,26150087,26160005,26160006,26160091,26160092,26170005,26170006,26170084,26170085,26180005,26180006
multiwave 99999 99999 26180000 26180094,26180095,26190005,26190006,26190094,26190095,26200011,26200012,26200094,26200095,26210005,26210006,26210092,26210093,26220005,26220006,26230006,26230007,26230089,26230090
multiwave 99999 99999 26440000 26440008,26440009,26440089,26440090,26450005,26450006,26450093,26450094,26460005,26460006,26460096,26460097,26470005,26470006,26480005,26480006,26480100,26480101,26490006,26490007
multiwave 99999 99999 26490000 26490099,26490100,26500005,26500006,26500093,26500094,26510005,26510006,26510097,26510098,26520007,26520008,26520100,26520101,26530005,26530006,26530060,26530061,26720005,26720006
multiwave 99999 99999 26720000 26720015,26720016,26730005,26730006,26730086,26730087,26740005,26740006,26740099,26740100,26750007,26750008,26750028,26750029,26760005,26760006,26760093,26760094,26770005,26770006
multiwave 99999 99999 26770000 26770023,26770024,26780005,26780006,26780046,26780047,26790005,26790006,26790102,26790103,26800005,26800006,26800089,26800090,26810005,26810006,26810095,26810096,26990007,26990008
multiwave 99999 99999 26990000 26990081,26990082,27000005,27000006,27000075,27000076,27010005,27010006,27010081,27010082,27020005,27020006,27020077,27020078,27030005,27030006,27030099,27030100,27040005,27040006
multiwave 99999 99999 27040000 27040051,27040052,27050005,27050006,27050014,27050015,27060005,27060006,27060020,27060021,27070005,27070006,27070023,27070024,27080005,27080006,27080057,27080058,27090005,27090006
multiwave 99999 99999 27090000 27090077,27090078,27100005,27100006,27100095,27100096,27110005,27110006,27110080,27110081,27120005,27120006,27130005,27130006,27130088,27130089,27280006,27280007,27280093,27280094
multiwave 99999 99999 27290000 27290005,27290006,27290095,27290096,27300005,27300006,27300082,27300083,27310005,27310006,27310054,27310055,27320005,27320006,27320097,27320098,27330007,27330008,27330017,27330018
multiwave 99999 99999 27330000 27330101,27330102,27340005,27340006,27340092,27340093,27350005,27350006,27350100,27350101,27360005,27360006,27360098,27360099,27370005,27370006,27370070,27370071,27380005,27380006
multiwave 99999 99999 27390000 27390005,27390006,27400005,27400006,27410005,27410006,27420005,27420006,27570006,27570007,27570015,27570016,27580005,27580006,27580045,27580046,27590005,27590006,27590060,27590061
multiwave 99999 99999 27600000 27600005,27600006,27610005,27610006,27610085,27610086,27620005,27620006,27620097,27620098,27630006,27630007,27630053,27630054,27640005,27640006,27660005,27660006,27660100,27660101
multiwave 99999 99999 27670000 27670005,27670006,27670100,27670101,27680005,27680006,27680058,27680059,27690005,27690006,27690085,27690086
