wave 99999 99999 28190005 28190005,28190006 28190007
wave 99999 99999 28190053 28190053,28190054 28190055
wave 99999 99999 28200005 28200005,28200006 28200007
wave 99999 99999 28200067 28200067,28200068 28200069
wave 99999 99999 28210005 28210005,28210006 28210007
wave 99999 99999 28210079 28210079,28210080 28210081
wave 99999 99999 28220005 28220005,28220006 28220007
lsf 99999 99999 28220044 28220044 28220045
wave 99999 99999 28220075 28220075,28220076 28220077
wave 99999 99999 28230021 28230021,28230022 28230023
wave 99999 99999 28230098 28230098,28230099 28230100
wave 99999 99999 28240005 28240005,28240006 28240007
wave 99999 99999 28240064 28240064,28240065 28240066
wave 99999 99999 28250005 28250005,28250006 28250007
wave 99999 99999 28250046 28250046,28250047 28250048
wave 99999 99999 28260005 28260005,28260006 28260007
wave 99999 99999 28490006 28490006,28490007 28490008
wave 99999 99999 28490084 28490084,28490085 28490086
wave 99999 99999 28500005 28500005,28500006 28500007
lsf 99999 99999 28500022 28500022 28500023
wave 99999 99999 28500075 28500075,28500076 28500077
wave 99999 99999 28510005 28510005,28510006 28510007
wave 99999 99999 28510085 28510085,28510086 28510087
wave 99999 99999 28520005 28520005,28520006 28520007
lsf 99999 99999 28520052 28520052 28520053
wave 99999 99999 28520069 28520069,28520070 28520071
wave 99999 99999 28530005 28530005,28530006 28530007
wave 99999 99999 28530067 28530067,28530068 28530069
wave 99999 99999 28540005 28540005,28540006 28540007
wave 99999 99999 28540063 28540063,28540064 28540065
wave 99999 99999 28550005 28550005,28550006 28550007
lsf 99999 99999 28550050 28550050 28550051
wave 99999 99999 28550067 28550067,28550068 28550069
wave 99999 99999 28560005 28560005,28560006 28560007
wave 99999 99999 28560065 28560065,28560066 28560067
wave 99999 99999 28570005 28570005,28570006 28570007
wave 99999 99999 28570061 28570061,28570062 28570063
wave 99999 99999 28580005 28580005,28580006 28580007
wave 99999 99999 28580028 28580028,28580029 28580030
wave 99999 99999 28590005 28590005,28590006 28590007
wave 99999 99999 28590024 28590024,28590025 28590026
wave 99999 99999 28760006 28760006,28760007 28760008
lsf 99999 99999 28760032 28760032 28760033
wave 99999 99999 28760087 28760087,28760088 28760089
wave 99999 99999 28770005 28770005,28770006 28770007
wave 99999 99999 28770081 28770081,28770082 28770083
wave 99999 99999 28780005 28780005,28780006 28780007
wave 99999 99999 28780083 28780083,28780084 28780085
wave 99999 99999 28790005 28790005,28790006 28790007
wave 99999 99999 28790058 28790058,28790059 28790060
wave 99999 99999 28800005 28800005,28800006 28800007
wave 99999 99999 28800063 28800063,28800064 28800065
wave 99999 99999 28810005 28810005,28810006 28810007
wave 99999 99999 28810046 28810046,28810047 28810048
wave 99999 99999 28820005 28820005,28820006 28820007
lsf 99999 99999 28820021 28820021 28820022
wave 99999 99999 28820062 28820062,28820063 28820064
wave 99999 99999 28830005 28830005,28830006 28830007
wave 99999 99999 28830063 28830063,28830064 28830065
wave 99999 99999 28840005 28840005,28840006 28840007
wave 99999 99999 28840063 28840063,28840064 28840065
wave 99999 99999 28850005 28850005,28850006 28850007
lsf 99999 99999 28850028 28850028 28850029
wave 99999 99999 28850066 28850066,28850067 28850068
wave 99999 99999 28860005 28860005,28860006 28860007
wave 99999 99999 28860065 28860065,28860066 28860067
wave 99999 99999 29060005 29060005,29060006 29060007
lsf 99999 99999 29060049 29060049 29060050
wave 99999 99999 29060079 29060079,29060080 29060081
wave 99999 99999 29070005 29070005,29070006 29070007
wave 99999 99999 29070082 29070082,29070083 29070084
wave 99999 99999 29080005 29080005,29080006 29080007
wave 99999 99999 29080026 29080026,29080027 29080028
wave 99999 99999 29090005 29090005,29090006 29090007
wave 99999 99999 29090066 29090066,29090067 29090068
wave 99999 99999 29100005 29100005,29100006 29100007
wave 99999 99999 29100065 29100065,29100066 29100067
wave 99999 99999 29110005 29110005,29110006 29110007
lsf 99999 99999 29110035 29110035 29110036
wave 99999 99999 29110063 29110063,29110064 29110065
wave 99999 99999 29120005 29120005,29120006 29120007
wave 99999 99999 29120060 29120060,29120061 29120062
wave 99999 99999 29130005 29130005,29130006 29130007
lsf 99999 99999 29130050 29130050 29130051
wave 99999 99999 29130063 29130063,29130064 29130065
wave 99999 99999 29140005 29140005,29140006 29140007
wave 99999 99999 29140068 29140068,29140069 29140070
wave 99999 99999 29170005 29170005,29170006 29170007
wave 99999 99999 29170058 29170058,29170059 29170060
wave 99999 99999 29180005 29180005,29180006 29180007
wave 99999 99999 29180063 29180063,29180064 29180065
wave 99999 99999 29190005 29190005,29190006 29190007
wave 99999 99999 29190064 29190064,29190065 29190066
wave 99999 99999 29380005 29380005,29380006 29380007
lsf 99999 99999 29380037 29380037 29380038
wave 99999 99999 29380063 29380063,29380064 29380065
wave 99999 99999 29390005 29390005,29390006 29390007
wave 99999 99999 29390072 29390072,29390073 29390074
wave 99999 99999 29400005 29400005,29400006 29400007
wave 99999 99999 29400076 29400076,29400077 29400078
wave 99999 99999 29410005 29410005,29410006 29410007
wave 99999 99999 29410076 29410076,29410077 29410078
wave 99999 99999 29420005 29420005,29420006 29420007
wave 99999 99999 29420078 29420078,29420079 29420080
wave 99999 99999 29430005 29430005,29430006 29430007
lsf 99999 99999 29430061 29430061 29430062
wave 99999 99999 29430082 29430082,29430083 29430084
multiwave 99999 99999 28190000 28190005,28190006,28190053,28190054,28200005,28200006,28200067,28200068,28210005,28210006,28210079,28210080,28220005,28220006,28220075,28220076,28230021,28230022,28230098,28230099
multiwave 99999 99999 28240000 28240005,28240006,28240064,28240065,28250005,28250006,28250046,28250047,28260005,28260006,28490006,28490007,28490084,28490085,28500005,28500006,28500075,28500076,28510005,28510006
multiwave 99999 99999 28510000 28510085,28510086,28520005,28520006,28520069,28520070,28530005,28530006,28530067,28530068,28540005,28540006,28540063,28540064,28550005,28550006,28550067,28550068,28560005,28560006
multiwave 99999 99999 28560000 28560065,28560066,28570005,28570006,28570061,28570062,28580005,28580006,28580028,28580029,28590005,28590006,28590024,28590025,28760006,28760007,28760087,28760088,28770005,28770006
multiwave 99999 99999 28770000 28770081,28770082,28780005,28780006,28780083,28780084,28790005,28790006,28790058,28790059,28800005,28800006,28800063,28800064,28810005,28810006,28810046,28810047,28820005,28820006
multiwave 99999 99999 28820000 28820062,28820063,28830005,28830006,28830063,28830064,28840005,28840006,28840063,28840064,28850005,28850006,28850066,28850067,28860005,28860006,28860065,28860066,29060005,29060006
multiwave 99999 99999 29060000 29060079,29060080,29070005,29070006,29070082,29070083,29080005,29080006,29080026,29080027,29090005,29090006,29090066,29090067,29100005,29100006,29100065,29100066,29110005,29110006
multiwave 99999 99999 29110000 29110063,29110064,29120005,29120006,29120060,29120061,29130005,29130006,29130063,29130064,29140005,29140006,29140068,29140069,29170005,29170006,29170058,29170059,29180005,29180006
multiwave 99999 99999 29180000 29180063,29180064,29190005,29190006,29190064,29190065,29380005,29380006,29380063,29380064,29390005,29390006,29390072,29390073,29400005,29400006,29400076,29400077,29410005,29410006
multiwave 99999 99999 29410000 29410076,29410077,29420005,29420006,29420078,29420079,29430005,29430006,29430082,29430083
