wave 99999 99999 31440005 31440005,31440006 31440007
wave 99999 99999 31450005 31450005,31450006 31450007
wave 99999 99999 31450094 31450094,31450095 31450096
wave 99999 99999 31460005 31460005,31460006 31460007
lsf 99999 99999 31460049 31460049 31460050
wave 99999 99999 31460105 31460105,31460106 31460107
wave 99999 99999 31470005 31470005,31470006 31470007
wave 99999 99999 31470101 31470101,31470102 31470103
wave 99999 99999 31480005 31480005,31480006 31480007
wave 99999 99999 31480080 31480080,31480081 31480082
wave 99999 99999 31490005 31490005,31490006 31490007
wave 99999 99999 31490074 31490074,31490075 31490076
wave 99999 99999 31500005 31500005,31500006 31500007
wave 99999 99999 31500083 31500083,31500084 31500085
wave 99999 99999 31510005 31510005,31510006 31510007
wave 99999 99999 31510090 31510090,31510091 31510092
wave 99999 99999 31520005 31520005,31520006 31520007
lsf 99999 99999 31520018 31520018 31520019
wave 99999 99999 31520095 31520095,31520096 31520097
wave 99999 99999 32030005 32030005,32030006 32030007
wave 99999 99999 32030035 32030035,32030036 32030037
wave 99999 99999 32040005 32040005,32040006 32040007
wave 99999 99999 32040067 32040067,32040068 32040069
wave 99999 99999 32050005 32050005,32050006 32050007
wave 99999 99999 32050079 32050079,32050080 32050081
wave 99999 99999 32060005 32060005,32060006 32060007
lsf 99999 99999 32060031 32060031 32060032
wave 99999 99999 32060090 32060090,32060091 32060092
wave 99999 99999 32070005 32070005,32070006 32070007
wave 99999 99999 32070046 32070046,32070047 32070048
wave 99999 99999 32080005 32080005,32080006 32080007
wave 99999 99999 32080014 32080014,32080015 32080016
wave 99999 99999 32090005 32090005,32090006 32090007
wave 99999 99999 32090020 32090020,32090021 32090022
wave 99999 99999 32100005 32100005,32100006 32100007
wave 99999 99999 32100034 32100034,32100035 32100036
wave 99999 99999 32110005 32110005,32110006 32110007
wave 99999 99999 32110079 32110079,32110080 32110081
wave 99999 99999 32120006 32120006,32120007 32120008
wave 99999 99999 32120087 32120087,32120088 32120089
wave 99999 99999 32130005 32130005,32130006 32130007
wave 99999 99999 32130063 32130063,32130064 32130065
wave 99999 99999 32320009 32320009,32320010 32320011
wave 99999 99999 32320087 32320087,32320088 32320089
wave 99999 99999 32330005 32330005,32330006 32330007
lsf 99999 99999 32330027 32330027 32330028
wave 99999 99999 32330084 32330084,32330085 32330086
wave 99999 99999 32340005 32340005,32340006 32340007
wave 99999 99999 32340085 32340085,32340086 32340087
wave 99999 99999 32350005 32350005,32350006 32350007
wave 99999 99999 32350085 32350085,32350086 32350087
wave 99999 99999 32360005 32360005,32360006 32360007
wave 99999 99999 32360063 32360063,32360064 32360065
wave 99999 99999 32370005 32370005,32370006 32370007
wave 99999 99999 32370080 32370080,32370081 32370082
wave 99999 99999 32380005 32380005,32380006 32380007
wave 99999 99999 32380075 32380075,32380076 32380077
wave 99999 99999 32390005 32390005,32390006 32390007
wave 99999 99999 32390068 32390068,32390069 32390070
wave 99999 99999 32400007 32400007,32400008 32400009
wave 99999 99999 32410006 32410006,32410007 32410008
wave 99999 99999 32410020 32410020,32410021 32410022
wave 99999 99999 32410100 32410100,32410101 32410102
wave 99999 99999 32420005 32420005,32420006 32420007
wave 99999 99999 32420074 32420074,32420075 32420076
wave 99999 99999 32430005 32430005,32430006 32430007
lsf 99999 99999 32430027 32430027 32430028
wave 99999 99999 32430075 32430075,32430076 32430077
wave 99999 99999 32610005 32610005,32610006 32610007
wave 99999 99999 32610066 32610066,32610067 32610068
wave 99999 99999 32620005 32620005,32620006 32620007
lsf 99999 99999 32620020 32620020 32620021
wave 99999 99999 32620079 32620079,32620080 32620081
wave 99999 99999 32630005 32630005,32630006 32630007
wave 99999 99999 32630080 32630080,32630081 32630082
wave 99999 99999 32640005 32640005,32640006 32640007
wave 99999 99999 32640074 32640074,32640075 32640076
wave 99999 99999 32650005 32650005,32650006 32650007
wave 99999 99999 32650073 32650073,32650074 32650075
wave 99999 99999 32660005 32660005,32660006 32660007
wave 99999 99999 32660068 32660068,32660069 32660070
wave 99999 99999 32670005 32670005,32670006 32670007
wave 99999 99999 32670072 32670072,32670073 32670074
wave 99999 99999 32680005 32680005,32680006 32680007
wave 99999 99999 32680080 32680080,32680081 32680082
wave 99999 99999 32690005 32690005,32690006 32690007
lsf 99999 99999 32690044 32690044 32690045
wave 99999 99999 32690084 32690084,32690085 32690086
wave 99999 99999 32700005 32700005,32700006 32700007
wave 99999 99999 32700079 32700079,32700080 32700081
wave 99999 99999 32710005 32710005,32710006 32710007
wave 99999 99999 32710053 32710053,32710054 32710055
wave 99999 99999 32720005 32720005,32720006 32720007
wave 99999 99999 32720076 32720076,32720077 32720078
wave 99999 99999 32730005 32730005,32730006 32730007
wave 99999 99999 32730073 32730073,32730074 32730075
wave 99999 99999 32930005 32930005,32930006 32930007
wave 99999 99999 32930065 32930065,32930066 32930067
wave 99999 99999 32940005 32940005,32940006 32940007
wave 99999 99999 32940034 32940034,32940035 32940036
wave 99999 99999 32950005 32950005,32950006 32950007
wave 99999 99999 32950083 32950083,32950084 32950085
wave 99999 99999 32960005 32960005,32960006 32960007
wave 99999 99999 32960077 32960077,32960078 32960079
wave 99999 99999 32970005 32970005,32970006 32970007
wave 99999 99999 32970072 32970072,32970073 32970074
wave 99999 99999 32980005 32980005,32980006 32980007
wave 99999 99999 32980071 32980071,32980072 32980073
wave 99999 99999 32990005 32990005,32990006 32990007
wave 99999 99999 32990074 32990074,32990075 32990076
wave 99999 99999 33000007 33000007,33000008 33000009
wave 99999 99999 33000082 33000082,33000083 33000084
wave 99999 99999 33010005 33010005,33010006 33010007
wave 99999 99999 33010068 33010068,33010069 33010070
wave 99999 99999 33190005 33190005,33190006 33190007
wave 99999 99999 33190030 33190030,33190031 33190032
wave 99999 99999 33200005 33200005,33200006 33200007
lsf 99999 99999 33200035 33200035 33200036
wave 99999 99999 33200059 33200059,33200060 33200061
wave 99999 99999 33210005 33210005,33210006 33210007
wave 99999 99999 33210061 33210061,33210062 33210063
wave 99999 99999 33220005 33220005,33220006 33220007
wave 99999 99999 33220084 33220084,33220085 33220086
wave 99999 99999 33230005 33230005,33230006 33230007
wave 99999 99999 33230080 33230080,33230081 33230082
wave 99999 99999 33240005 33240005,33240006 33240007
wave 99999 99999 33240091 33240091,33240092 33240093
wave 99999 99999 33250005 33250005,33250006 33250007
lsf 99999 99999 33250047 33250047 33250048
wave 99999 99999 33250082 33250082,33250083 33250084
wave 99999 99999 33260005 33260005,33260006 33260007
wave 99999 99999 33260079 33260079,33260080 33260081
wave 99999 99999 33270005 33270005,33270006 33270007
wave 99999 99999 33270085 33270085,33270086 33270087
wave 99999 99999 33280005 33280005,33280006 33280007
wave 99999 99999 33280083 33280083,33280084 33280085
wave 99999 99999 33290006 33290006,33290007 33290008
wave 99999 99999 33290071 33290071,33290072 33290073
wave 99999 99999 33300005 33300005,33300006 33300007
wave 99999 99999 33300083 33300083,33300084 33300085
wave 99999 99999 33310005 33310005,33310006 33310007
wave 99999 99999 33310077 33310077,33310078 33310079
wave 99999 99999 33320005 33320005,33320006 33320007
wave 99999 99999 33320072 33320072,33320073 33320074
wave 99999 99999 33500006 33500006,33500007 33500008
lsf 99999 99999 33500039 33500039 33500040
wave 99999 99999 33500082 33500082,33500083 33500084
wave 99999 99999 33510005 33510005,33510006 33510007
wave 99999 99999 33510074 33510074,33510075 33510076
wave 99999 99999 33520005 33520005,33520006 33520007
wave 99999 99999 33520061 33520061,33520062 33520063
wave 99999 99999 33530005 33530005,33530006 33530007
wave 99999 99999 33530087 33530087,33530088 33530089
wave 99999 99999 33540005 33540005,33540006 33540007
wave 99999 99999 33540079 33540079,33540080 33540081
wave 99999 99999 33550005 33550005,33550006 33550007
wave 99999 99999 33550086 33550086,33550087 33550088
wave 99999 99999 33560005 33560005,33560006 33560007
wave 99999 99999 33560087 33560087,33560088 33560089
wave 99999 99999 33570005 33570005,33570006 33570007
wave 99999 99999 33570084 33570084,33570085 33570086
wave 99999 99999 33580005 33580005,33580006 33580007
lsf 99999 99999 33580023 33580023 33580020
wave 99999 99999 33580084 33580084,33580085 33580086
wave 99999 99999 33590005 33590005,33590006 33590007
lsf 99999 99999 33590036 33590036 33590037
wave 99999 99999 33590091 33590091,33590092 33590093
wave 99999 99999 33600005 33600005,33600006 33600007
wave 99999 99999 33600065 33600065,33600066 33600067
wave 99999 99999 33610005 33610005,33610006 33610007
wave 99999 99999 33610086 33610086,33610087 33610088
multiwave 99999 99999 31440000 31440005,31440006,31450005,31450006,31450094,31450095,31460005,31460006,31460105,31460106,31470005,31470006,31470101,31470102,31480005,31480006,31480080,31480081,31490005,31490006
multiwave 99999 99999 31490000 31490074,31490075,31500005,31500006,31500083,31500084,31510005,31510006,31510090,31510091,31520005,31520006,31520095,31520096,32030005,32030006,32030035,32030036,32040005,32040006
multiwave 99999 99999 32040000 32040067,32040068,32050005,32050006,32050079,32050080,32060005,32060006,32060090,32060091,32070005,32070006,32070046,32070047,32080005,32080006,32080014,32080015,32090005,32090006
multiwave 99999 99999 32090000 32090020,32090021,32100005,32100006,32100034,32100035,32110005,32110006,32110079,32110080,32120006,32120007,32120087,32120088,32130005,32130006,32130063,32130064,32320009,32320010
multiwave 99999 99999 32320000 32320087,32320088,32330005,32330006,32330084,32330085,32340005,32340006,32340085,32340086,32350005,32350006,32350085,32350086,32360005,32360006,32360063,32360064,32370005,32370006
multiwave 99999 99999 32370000 32370080,32370081,32380005,32380006,32380075,32380076,32390005,32390006,32390068,32390069,32400007,32400008,32410006,32410007,32410020,32410021,32410100,32410101,32420005,32420006
multiwave 99999 99999 32420000 32420074,32420075,32430005,32430006,32430075,32430076,32610005,32610006,32610066,32610067,32620005,32620006,32620079,32620080,32630005,32630006,32630080,32630081,32640005,32640006
multiwave 99999 99999 32640000 32640074,32640075,32650005,32650006,32650073,32650074,32660005,32660006,32660068,32660069,32670005,32670006,32670072,32670073,32680005,32680006,32680080,32680081,32690005,32690006
multiwave 99999 99999 32690000 32690084,32690085,32700005,32700006,32700079,32700080,32710005,32710006,32710053,32710054,32720005,32720006,32720076,32720077,32730005,32730006,32730073,32730074,32930005,32930006
multiwave 99999 99999 32930000 32930065,32930066,32940005,32940006,32940034,32940035,32950005,32950006,32950083,32950084,32960005,32960006,32960077,32960078,32970005,32970006,32970072,32970073,32980005,32980006
multiwave 99999 99999 32980000 32980071,32980072,32990005,32990006,32990074,32990075,33000007,33000008,33000082,33000083,33010005,33010006,33010068,33010069,33190005,33190006,33190030,33190031,33200005,33200006
multiwave 99999 99999 33200000 33200059,33200060,33210005,33210006,33210061,33210062,33220005,33220006,33220084,33220085,33230005,33230006,33230080,33230081,33240005,33240006,33240091,33240092,33250005,33250006
multiwave 99999 99999 33250000 33250082,33250083,33260005,33260006,33260079,33260080,33270005,33270006,33270085,33270086,33280005,33280006,33280083,33280084,33290006,33290007,33290071,33290072,33300005,33300006
multiwave 99999 99999 33300000 33300083,33300084,33310005,33310006,33310077,33310078,33320005,33320006,33320072,33320073,33500006,33500007,33500082,33500083,33510005,33510006,33510074,33510075,33520005,33520006
multiwave 99999 99999 33520000 33520061,33520062,33530005,33530006,33530087,33530088,33540005,33540006,33540079,33540080,33550005,33550006,33550086,33550087,33560005,33560006,33560087,33560088,33570005,33570006
multiwave 99999 99999 33570000 33570084,33570085,33580005,33580006,33580084,33580085,33590005,33590006,33590091,33590092,33600005,33600006,33600065,33600066,33610005,33610006,33610086,33610087
