wave 99999 99999 35800037 35800037,35800038 35800039
wave 99999 99999 35810005 35810005,35810006 35810007
lsf 99999 99999 35810014 35810014 35810015
wave 99999 99999 35810036 35810036,35810037 35810038
wave 99999 99999 35820005 35820005,35820006 35820007
lsf 99999 99999 35820021 35820021 35820022
wave 99999 99999 35820045 35820045,35820046 35820047
wave 99999 99999 35830005 35830005,35830006 35830007
lsf 99999 99999 35830034 35830034 35830035
wave 99999 99999 35830049 35830049,35830050 35830051
wave 99999 99999 35840007 35840007,35840008 35840009
lsf 99999 99999 35840028 35840028 35840029
wave 99999 99999 35840056 35840056,35840057 35840058
wave 99999 99999 35850005 35850005,35850006 35850007
lsf 99999 99999 35850032 35850032 35850033
wave 99999 99999 35850047 35850047,35850048 35850049
wave 99999 99999 35860005 35860005,35860006 35860007
wave 99999 99999 35860046 35860046,35860047 35860048
wave 99999 99999 35870005 35870005,35870006 35870007
wave 99999 99999 35870012 35870012,35870013 35870014
wave 99999 99999 35870053 35870053,35870054 35870055
wave 99999 99999 35880005 35880005,35880006 35880007
lsf 99999 99999 35880023 35880023 35880024
wave 99999 99999 35880045 35880045,35880046 35880047
wave 99999 99999 35890005 35890005,35890006 35890007
lsf 99999 99999 35890023 35890023 35890024
wave 99999 99999 35890065 35890065,35890066 35890067
wave 99999 99999 35900008 35900008,35900009 35900010
wave 99999 99999 35900078 35900078,35900079 35900080
wave 99999 99999 35910005 35910005,35910006 35910007
wave 99999 99999 35910039 35910039,35910040 35910041
wave 99999 99999 35920005 35920005,35920006 35920007
wave 99999 99999 35920062 35920062,35920063 35920064
wave 99999 99999 35930005 35930005,35930006 35930007
wave 99999 99999 35930060 35930060,35930061 35930062
wave 99999 99999 35940005 35940005,35940006 35940007
wave 99999 99999 35940062 35940062,35940063 35940064
wave 99999 99999 35950005 35950005,35950006 35950007
wave 99999 99999 35950058 35950058,35950059 35950060
wave 99999 99999 35960005 35960005,35960006 35960007
wave 99999 99999 35960058 35960058,35960059 35960060
wave 99999 99999 35970005 35970005,35970006 35970007
wave 99999 99999 35970040 35970040,35970041 35970042
wave 99999 99999 35980024 35980024,35980025 35980026
wave 99999 99999 35980083 35980083,35980084 35980085
wave 99999 99999 35990005 35990005,35990006 35990007
wave 99999 99999 35990031 35990031,35990032 35990033
wave 99999 99999 36000005 36000005,36000006 36000007
lsf 99999 99999 36000059 36000059 36000048
wave 99999 99999 36000065 36000065,36000066 36000067
wave 99999 99999 36010010 36010010,36010011 36010012
lsf 99999 99999 36010040 36010040 36010041
wave 99999 99999 36010075 36010075,36010076 36010077
wave 99999 99999 36020005 36020005,36020006 36020007
wave 99999 99999 36020059 36020059,36020060 36020061
wave 99999 99999 36030005 36030005,36030006 36030007
lsf 99999 99999 36030023 36030023 36030024
wave 99999 99999 36030057 36030057,36030058 36030059
wave 99999 99999 36040005 36040005,36040006 36040007
wave 99999 99999 36040058 36040058,36040059 36040060
wave 99999 99999 36050013 36050013,36050014 36050015
wave 99999 99999 36050062 36050062,36050063 36050064
wave 99999 99999 36060005 36060005,36060006 36060007
lsf 99999 99999 36060047 36060047 36060048
wave 99999 99999 36060062 36060062,36060063 36060064
wave 99999 99999 36070005 36070005,36070006 36070007
wave 99999 99999 36070015 36070015,36070016 36070017
lsf 99999 99999 36070052 36070052 36070053
wave 99999 99999 36070072 36070072,36070073 36070074
wave 99999 99999 36080005 36080005,36080006 36080007
wave 99999 99999 36080054 36080054,36080055 36080056
wave 99999 99999 36090005 36090005,36090006 36090007
wave 99999 99999 36090064 36090064,36090065 36090066
wave 99999 99999 36100005 36100005,36100006 36100007
lsf 99999 99999 36100034 36100034 36100035
wave 99999 99999 36100061 36100061,36100062 36100063
wave 99999 99999 36110005 36110005,36110006 36110007
wave 99999 99999 36110033 36110033,36110034 36110035
wave 99999 99999 36120005 36120005,36120006 36120007
wave 99999 99999 36120053 36120053,36120054 36120055
wave 99999 99999 36130005 36130005,36130006 36130007
wave 99999 99999 36130060 36130060,36130061 36130062
wave 99999 99999 36140005 36140005,36140006 36140007
wave 99999 99999 36140056 36140056,36140057 36140058
wave 99999 99999 36150005 36150005,36150006 36150007
wave 99999 99999 36150059 36150059,36150060 36150061
wave 99999 99999 36160004 36160004,36160005 36160006
wave 99999 99999 36160065 36160065,36160066 36160067
wave 99999 99999 36170005 36170005,36170006 36170007
lsf 99999 99999 36170049 36170049 36170042
lsf 99999 99999 36170050 36170050 36170042
wave 99999 99999 36170056 36170056,36170057 36170058
wave 99999 99999 36180005 36180005,36180006 36180007
lsf 99999 99999 36180016 36180016 36180017
wave 99999 99999 36180073 36180073,36180074 36180075
wave 99999 99999 36190005 36190005,36190006 36190007
wave 99999 99999 36190057 36190057,36190058 36190059
wave 99999 99999 36200005 36200005,36200006 36200007
wave 99999 99999 36200058 36200058,36200059 36200060
wave 99999 99999 36210006 36210006,36210007 36210008
lsf 99999 99999 36210017 36210017 36210018
wave 99999 99999 36210058 36210058,36210059 36210060
wave 99999 99999 36220005 36220005,36220006 36220007
wave 99999 99999 36220052 36220052,36220053 36220054
wave 99999 99999 36230007 36230007,36230008 36230009
lsf 99999 99999 36230019 36230019 36230020
wave 99999 99999 36230060 36230060,36230061 36230062
wave 99999 99999 36240005 36240005,36240006 36240007
wave 99999 99999 36240058 36240058,36240059 36240060
wave 99999 99999 36250005 36250005,36250006 36250007
wave 99999 99999 36250064 36250064,36250065 36250066
wave 99999 99999 36260005 36260005,36260006 36260007
wave 99999 99999 36260056 36260056,36260057 36260058
wave 99999 99999 36270005 36270005,36270006 36270007
wave 99999 99999 36270042 36270042,36270043 36270044
wave 99999 99999 36280005 36280005,36280006 36280007
wave 99999 99999 36280052 36280052,36280053 36280054
wave 99999 99999 36290005 36290005,36290006 36290007
wave 99999 99999 36290060 36290060,36290061 36290062
wave 99999 99999 36300005 36300005,36300006 36300007
wave 99999 99999 36300057 36300057,36300058 36300059
wave 99999 99999 36310005 36310005,36310006 36310007
wave 99999 99999 36310029 36310029,36310030 36310031
wave 99999 99999 36320006 36320006,36320007 36320008
lsf 99999 99999 36320046 36320046 36320047
wave 99999 99999 36320070 36320070,36320071 36320072
wave 99999 99999 36330005 36330005,36330006 36330007
wave 99999 99999 36330057 36330057,36330058 36330059
wave 99999 99999 36340005 36340005,36340006 36340007
wave 99999 99999 36340060 36340060,36340061 36340062
wave 99999 99999 36350005 36350005,36350006 36350007
lsf 99999 99999 36350034 36350034 36350035
wave 99999 99999 36350061 36350061,36350062 36350063
wave 99999 99999 36360005 36360005,36360006 36360007
wave 99999 99999 36360056 36360056,36360057 36360058
wave 99999 99999 36370005 36370005,36370006 36370007
lsf 99999 99999 36370023 36370023 36370020
wave 99999 99999 36370063 36370063,36370064 36370065
wave 99999 99999 36380005 36380005,36380006 36380007
wave 99999 99999 36380064 36380064,36380065 36380066
wave 99999 99999 36390005 36390005,36390006 36390007
wave 99999 99999 36390072 36390072,36390073 36390074
wave 99999 99999 36400005 36400005,36400006 36400007
wave 99999 99999 36400064 36400064,36400065 36400066
wave 99999 99999 36410005 36410005,36410006 36410007
lsf 99999 99999 36410054 36410054 36410045
wave 99999 99999 36410060 36410060,36410061 36410062
wave 99999 99999 36420005 36420005,36420006 36420007
lsf 99999 99999 36420052 36420052 36420043
wave 99999 99999 36420058 36420058,36420059 36420060
wave 99999 99999 36430005 36430005,36430006 36430007
wave 99999 99999 36430057 36430057,36430058 36430059
wave 99999 99999 36440005 36440005,36440006 36440007
wave 99999 99999 36440064 36440064,36440065 36440066
wave 99999 99999 36450005 36450005,36450006 36450007
wave 99999 99999 36450062 36450062,36450063 36450064
wave 99999 99999 36480005 36480005,36480006 36480007
wave 99999 99999 36480058 36480058,36480059 36480060
wave 99999 99999 36490005 36490005,36490006 36490007
lsf 99999 99999 36490020 36490020 36490021
wave 99999 99999 36490065 36490065,36490066 36490067
wave 99999 99999 36500005 36500005,36500006 36500007
lsf 99999 99999 36500020 36500020 36500021
wave 99999 99999 36500061 36500061,36500062 36500063
wave 99999 99999 36510005 36510005,36510006 36510007
wave 99999 99999 36510058 36510058,36510059 36510060
wave 99999 99999 36520005 36520005,36520006 36520007
wave 99999 99999 36520060 36520060,36520061 36520062
wave 99999 99999 36550005 36550005,36550006 36550007
wave 99999 99999 36550066 36550066,36550067 36550068
wave 99999 99999 36560005 36560005,36560006 36560007
wave 99999 99999 36560064 36560064,36560065 36560066
wave 99999 99999 36570005 36570005,36570006 36570007
lsf 99999 99999 36570047 36570047 36570048
wave 99999 99999 36570066 36570066,36570067 36570068
wave 99999 99999 36580005 36580005,36580006 36580007
wave 99999 99999 36580063 36580063,36580064 36580065
wave 99999 99999 36590005 36590005,36590006 36590007
wave 99999 99999 36590059 36590059,36590060 36590061
wave 99999 99999 36600005 36600005,36600006 36600007
wave 99999 99999 36600059 36600059,36600060 36600061
wave 99999 99999 36610005 36610005,36610006 36610007
wave 99999 99999 36610057 36610057,36610058 36610059
wave 99999 99999 36620005 36620005,36620006 36620007
lsf 99999 99999 36620045 36620045 36620034
wave 99999 99999 36620051 36620051,36620052 36620053
wave 99999 99999 36630005 36630005,36630006 36630007
wave 99999 99999 36630067 36630067,36630068 36630069
wave 99999 99999 36640005 36640005,36640006 36640007
lsf 99999 99999 36640051 36640051 36640048
wave 99999 99999 36640063 36640063,36640064 36640065
wave 99999 99999 36650005 36650005,36650006 36650007
wave 99999 99999 36650068 36650068,36650069 36650070
wave 99999 99999 36660005 36660005,36660006 36660007
wave 99999 99999 36660072 36660072,36660073 36660074
wave 99999 99999 36670006 36670006,36670007 36670008
wave 99999 99999 36670063 36670063,36670064 36670065
wave 99999 99999 36680005 36680005,36680006 36680007
wave 99999 99999 36680068 36680068,36680069 36680070
wave 99999 99999 36690005 36690005,36690006 36690007
wave 99999 99999 36690064 36690064,36690065 36690066
wave 99999 99999 36700005 36700005,36700006 36700007
wave 99999 99999 36700068 36700068,36700069 36700070
wave 99999 99999 36710005 36710005,36710006 36710007
lsf 99999 99999 36710055 36710055 36710048
wave 99999 99999 36710061 36710061,36710062 36710063
wave 99999 99999 36720005 36720005,36720006 36720007
wave 99999 99999 36720066 36720066,36720067 36720068
wave 99999 99999 36730005 36730005,36730006 36730007
wave 99999 99999 36730066 36730066,36730067 36730068
multiwave 99999 99999 35800000 35800037,35800038,35810005,35810006,35810036,35810037,35820005,35820006,35820045,35820046,35830005,35830006,35830049,35830050,35840007,35840008,35840056,35840057,35850005,35850006
multiwave 99999 99999 35850000 35850047,35850048,35860005,35860006,35860046,35860047,35870005,35870006,35870012,35870013,35870053,35870054,35880005,35880006,35880045,35880046,35890005,35890006,35890065,35890066
multiwave 99999 99999 35900000 35900008,35900009,35900078,35900079,35910005,35910006,35910039,35910040,35920005,35920006,35920062,35920063,35930005,35930006,35930060,35930061,35940005,35940006,35940062,35940063
multiwave 99999 99999 35950000 35950005,35950006,35950058,35950059,35960005,35960006,35960058,35960059,35970005,35970006,35970040,35970041,35980024,35980025,35980083,35980084,35990005,35990006,35990031,35990032
multiwave 99999 99999 36000000 36000005,36000006,36000065,36000066,36010010,36010011,36010075,36010076,36020005,36020006,36020059,36020060,36030005,36030006,36030057,36030058,36040005,36040006,36040058,36040059
multiwave 99999 99999 36050000 36050013,36050014,36050062,36050063,36060005,36060006,36060062,36060063,36070005,36070006,36070015,36070016,36070072,36070073,36080005,36080006,36080054,36080055,36090005,36090006
multiwave 99999 99999 36090000 36090064,36090065,36100005,36100006,36100061,36100062,36110005,36110006,36110033,36110034,36120005,36120006,36120053,36120054,36130005,36130006,36130060,36130061,36140005,36140006
multiwave 99999 99999 36140000 36140056,36140057,36150005,36150006,36150059,36150060,36160004,36160005,36160065,36160066,36170005,36170006,36170056,36170057,36180005,36180006,36180073,36180074,36190005,36190006
multiwave 99999 99999 36190000 36190057,36190058,36200005,36200006,36200058,36200059,36210006,36210007,36210058,36210059,36220005,36220006,36220052,36220053,36230007,36230008,36230060,36230061,36240005,36240006
multiwave 99999 99999 36240000 36240058,36240059,36250005,36250006,36250064,36250065,36260005,36260006,36260056,36260057,36270005,36270006,36270042,36270043,36280005,36280006,36280052,36280053,36290005,36290006
multiwave 99999 99999 36290000 36290060,36290061,36300005,36300006,36300057,36300058,36310005,36310006,36310029,36310030,36320006,36320007,36320070,36320071,36330005,36330006,36330057,36330058,36340005,36340006
multiwave 99999 99999 36340000 36340060,36340061,36350005,36350006,36350061,36350062,36360005,36360006,36360056,36360057,36370005,36370006,36370063,36370064,36380005,36380006,36380064,36380065,36390005,36390006
multiwave 99999 99999 36390000 36390072,36390073,36400005,36400006,36400064,36400065,36410005,36410006,36410060,36410061,36420005,36420006,36420058,36420059,36430005,36430006,36430057,36430058,36440005,36440006
multiwave 99999 99999 36440000 36440064,36440065,36450005,36450006,36450062,36450063,36480005,36480006,36480058,36480059,36490005,36490006,36490065,36490066,36500005,36500006,36500061,36500062,36510005,36510006
multiwave 99999 99999 36510000 36510058,36510059,36520005,36520006,36520060,36520061,36550005,36550006,36550066,36550067,36560005,36560006,36560064,36560065,36570005,36570006,36570066,36570067,36580005,36580006
multiwave 99999 99999 36580000 36580063,36580064,36590005,36590006,36590059,36590060,36600005,36600006,36600059,36600060,36610005,36610006,36610057,36610058,36620005,36620006,36620051,36620052,36630005,36630006
multiwave 99999 99999 36630000 36630067,36630068,36640005,36640006,36640063,36640064,36650005,36650006,36650068,36650069,36660005,36660006,36660072,36660073,36670006,36670007,36670063,36670064,36680005,36680006
multiwave 99999 99999 36680000 36680068,36680069,36690005,36690006,36690064,36690065,36700005,36700006,36700068,36700069,36710005,36710006,36710061,36710062,36720005,36720006,36720066,36720067,36730005,36730006
multiwave 99999 99999 36730000 36730066,36730067
