wave 99999 99999 22390059 22390059,22390060 22390058
wave 99999 99999 22400180 22400180,22400181 22400179
wave 99999 99999 22400180 22400180,22400181 22400182
wave 99999 99999 22400184 22400184,22400185 22400183
lsf 99999 99999 22400200 22400200 22400199
lsf 99999 99999 22410209 22410209 22410208
lsf 99999 99999 22410210 22410210 22410208
lsf 99999 99999 22410211 22410211 22410208
lsf 99999 99999 22410212 22410212 22410208
wave 99999 99999 22410215 22410215,22410216 22410214
lsf 99999 99999 22410235 22410235 22410208
lsf 99999 99999 22410236 22410236 22410208
lsf 99999 99999 22410237 22410237 22410208
lsf 99999 99999 22410238 22410238 22410208
lsf 99999 99999 22410239 22410239 22410208
wave 99999 99999 22550002 22550002,22550003 22550004
wave 99999 99999 22550005 22550005,22550006 22550004
wave 99999 99999 22550005 22550005,22550006 22550007
wave 99999 99999 22550008 22550008,22550009 22550007
wave 99999 99999 22550008 22550008,22550009 22550010
wave 99999 99999 22550011 22550011,22550012 22550010
wave 99999 99999 22550011 22550011,22550012 22550013
wave 99999 99999 22550014 22550014,22550015 22550013
wave 99999 99999 22550014 22550014,22550015 22550016
wave 99999 99999 22550017 22550017,22550018 22550016
wave 99999 99999 22550017 22550017,22550018 22550019
wave 99999 99999 22550020 22550020,22550021 22550019
wave 99999 99999 22550020 22550020,22550021 22550022
wave 99999 99999 22550023 22550023,22550024 22550022
wave 99999 99999 22550023 22550023,22550024 22550025
wave 99999 99999 22550026 22550026,22550027 22550025
wave 99999 99999 22550026 22550026,22550027 22550028
wave 99999 99999 22550029 22550029,22550030 22550028
wave 99999 99999 22550029 22550029,22550030 22550031
wave 99999 99999 22550032 22550032,22550033 22550031
wave 99999 99999 22550032 22550032,22550033 22550034
wave 99999 99999 22550035 22550035,22550036 22550034
wave 99999 99999 22550035 22550035,22550036 22550037
wave 99999 99999 22550038 22550038,22550039 22550037
wave 99999 99999 22550038 22550038,22550039 22550040
wave 99999 99999 22550041 22550041,22550042 22550040
wave 99999 99999 22550041 22550041,22550042 22550043
lsf 99999 99999 22600003 22600003 22600001
wave 99999 99999 22660037 22660037,22660038 22660036
lsf 99999 99999 22670019 22670019 22670001
lsf 99999 99999 22670020 22670020 22670001
wave 99999 99999 22680003 22680003,22680004 22680002
lsf 99999 99999 22680011 22680011 22680009
wave 99999 99999 22690053 22690053,22690054 22690052
wave 99999 99999 22690085 22690085,22690086 22690084
wave 99999 99999 22690115 22690115,22690116 22690117
wave 99999 99999 22700007 22700007,22700008 22700009
wave 99999 99999 22700022 22700022,22700023 22700024
wave 99999 99999 22700103 22700103,22700104 22700102
wave 99999 99999 22710004 22710004,22710005 22710006
wave 99999 99999 22710074 22710074,22710075 22710076
wave 99999 99999 22870006 22870006,22870007 22870008
wave 99999 99999 22880004 22880004,22880005 22880006
wave 99999 99999 22880078 22880078,22880079 22880080
wave 99999 99999 22890004 22890004,22890005 22890006
wave 99999 99999 22890090 22890090,22890091 22890092
wave 99999 99999 22900004 22900004,22900005 22900006
wave 99999 99999 22900068 22900068,22900069 22900070
wave 99999 99999 22910004 22910004,22910005 22910006
wave 99999 99999 22910043 22910043,22910044 22910045
wave 99999 99999 22920004 22920004,22920005 22920006
wave 99999 99999 22920078 22920078,22920079 22920080
wave 99999 99999 22930004 22930004,22930005 22930006
wave 99999 99999 22930069 22930069,22930070 22930071
wave 99999 99999 22940004 22940004,22940005 22940006
wave 99999 99999 22940040 22940040,22940041 22940042
wave 99999 99999 22950004 22950004,22950005 22950006
wave 99999 99999 22950019 22950019,22950020 22950021
wave 99999 99999 22960004 22960004,22960005 22960006
wave 99999 99999 22960016 22960016,22960017 22960018
wave 99999 99999 22970004 22970004,22970005 22970006
wave 99999 99999 22970038 22970038,22970039 22970040
wave 99999 99999 23150075 23150075,23150076 23150077
wave 99999 99999 23160004 23160004,23160005 23160006
wave 99999 99999 23160074 23160074,23160075 23160076
wave 99999 99999 23170003 23170003,23170004 23170002
wave 99999 99999 23170027 23170027,23170028 23170029
wave 99999 99999 23180004 23180004,23180005 23180006
wave 99999 99999 23180020 23180020,23180021 23180022
wave 99999 99999 23190004 23190004,23190005 23190006
wave 99999 99999 23190049 23190049,23190050 23190051
wave 99999 99999 23200004 23200004,23200005 23200006
wave 99999 99999 23210004 23210004,23210005 23210006
wave 99999 99999 23210028 23210028,23210029 23210030
wave 99999 99999 23500006 23500006,23500007 23500008
wave 99999 99999 23500015 23500015,23500016 23500017
wave 99999 99999 23510005 23510005,23510006 23510007
wave 99999 99999 23510071 23510071,23510072 23510073
wave 99999 99999 23520005 23520005,23520006 23520007
wave 99999 99999 23520093 23520093,23520094 23520095
wave 99999 99999 23530005 23530005,23530006 23530007
wave 99999 99999 23530092 23530092,23530093 23530094
wave 99999 99999 23540005 23540005,23540006 23540007
wave 99999 99999 23540095 23540095,23540096 23540097
wave 99999 99999 23550006 23550006,23550007 23550008
wave 99999 99999 23550074 23550074,23550075 23550076
wave 99999 99999 23560005 23560005,23560006 23560007
wave 99999 99999 23560058 23560058,23560059 23560060
wave 99999 99999 23570007 23570007,23570008 23570009
wave 99999 99999 23570016 23570016,23570017 23570018
wave 99999 99999 23580005 23580005,23580006 23580007
wave 99999 99999 23580044 23580044,23580045 23580046
wave 99999 99999 23590005 23590005,23590006 23590007
wave 99999 99999 23590019 23590019,23590020 23590021
wave 99999 99999 23760005 23760005,23760006 23760007
wave 99999 99999 23760048 23760048,23760049 23760050
wave 99999 99999 23770005 23770005,23770006 23770007
wave 99999 99999 23770032 23770032,23770033 23770034
wave 99999 99999 23780005 23780005,23780006 23780007
wave 99999 99999 23780049 23780049,23780050 23780051
wave 99999 99999 23790005 23790005,23790006 23790007
wave 99999 99999 23790068 23790068,23790069 23790070
wave 99999 99999 23800005 23800005,23800006 23800007
wave 99999 99999 23800091 23800091,23800092 23800093
wave 99999 99999 23810005 23810005,23810006 23810007
wave 99999 99999 23820088 23820088,23820089 23820090
wave 99999 99999 23830005 23830005,23830006 23830007
wave 99999 99999 23830103 23830103,23830104 23830105
wave 99999 99999 23840005 23840005,23840006 23840007
wave 99999 99999 23840084 23840084,23840085 23840086
wave 99999 99999 23850005 23850005,23850006 23850007
wave 99999 99999 23850029 23850029,23850030 23850031
wave 99999 99999 23860005 23860005,23860006 23860007
wave 99999 99999 23860102 23860102,23860103 23860104
wave 99999 99999 23870005 23870005,23870006 23870007
wave 99999 99999 23870091 23870091,23870092 23870093
wave 99999 99999 23880005 23880005,23880006 23880007
wave 99999 99999 23880035 23880035,23880036 23880037
multiwave 99999 99999 22390000 22390059,22400180,22400180,22400184,22410215,22550002,22550005,22550005,22550008,22550008
multiwave 99999 99999 22550000 22550011,22550011,22550014,22550014,22550017,22550017,22550020,22550020,22550023,22550023
multiwave 99999 99999 22550000 22550026,22550026,22550029,22550029,22550032,22550032,22550035,22550035,22550038,22550038
multiwave 99999 99999 22550000 22550041,22550041,22660037,22680003,22690053,22690085,22690115,22700007,22700022,22700103
multiwave 99999 99999 22710000 22710004,22710074,22870006,22880004,22880078,22890004,22890090,22900004,22900068,22910004
multiwave 99999 99999 22910000 22910043,22920004,22920078,22930004,22930069,22940004,22940040,22950004,22950019,22960004
multiwave 99999 99999 22960000 22960016,22970004,22970038,23150075,23160004,23160074,23170003,23170027,23180004,23180020
multiwave 99999 99999 23190000 23190004,23190049,23200004,23210004,23210028,23500006,23500015,23510005,23510071,23520005
multiwave 99999 99999 23520000 23520093,23530005,23530092,23540005,23540095,23550006,23550074,23560005,23560058,23570007
multiwave 99999 99999 23570000 23570016,23580005,23580044,23590005,23590019,23760005,23760048,23770005,23770032,23780005
multiwave 99999 99999 23780000 23780049,23790005,23790068,23800005,23800091,23810005,23820088,23830005,23830103,23840005
multiwave 99999 99999 23840000 23840084,23850005,23850029,23860005,23860102,23870005,23870091,23880005,23880035
